Time (sec),PTAT,P000,P001,P002,P003,P004,P005,P006,P007,P008,P009,P010,P011,P012,P013,P014,P015,P016,P017,P018,P019,P020,P021,P022,P023,P024,P025,P026,P027,P028,P029,P030,P031,P032,P033,P034,P035,P036,P037,P038,P039,P040,P041,P042,P043,P044,P045,P046,P047,P048,P049,P050,P051,P052,P053,P054,P055,P056,P057,P058,P059,P060,P061,P062,P063,P064,P065,P066,P067,P068,P069,P070,P071,P072,P073,P074,P075,P076,P077,P078,P079,P080,P081,P082,P083,P084,P085,P086,P087,P088,P089,P090,P091,P092,P093,P094,P095,P096,P097,P098,P099,P100,P101,P102,P103,P104,P105,P106,P107,P108,P109,P110,P111,P112,P113,P114,P115,P116,P117,P118,P119,P120,P121,P122,P123,P124,P125,P126,P127,P128,P129,P130,P131,P132,P133,P134,P135,P136,P137,P138,P139,P140,P141,P142,P143,P144,P145,P146,P147,P148,P149,P150,P151,P152,P153,P154,P155,P156,P157,P158,P159,P160,P161,P162,P163,P164,P165,P166,P167,P168,P169,P170,P171,P172,P173,P174,P175,P176,P177,P178,P179,P180,P181,P182,P183,P184,P185,P186,P187,P188,P189,P190,P191,P192,P193,P194,P195,P196,P197,P198,P199,P200,P201,P202,P203,P204,P205,P206,P207,P208,P209,P210,P211,P212,P213,P214,P215,P216,P217,P218,P219,P220,P221,P222,P223,P224,P225,P226,P227,P228,P229,P230,P231,P232,P233,P234,P235,P236,P237,P238,P239,P240,P241,P242,P243,P244,P245,P246,P247,P248,P249,P250,P251,P252,P253,P254,P255
0.16,2.64,2.52,2.48,2.43,2.47,2.44,2.46,2.47,2.47,2.47,2.47,2.5,2.49,2.47,2.42,2.47,2.46,2.48,2.45,2.49,2.47,2.48,2.48,2.48,2.49,2.46,2.45,2.48,2.51,2.5,2.44,2.44,2.48,2.5,2.49,2.47,2.44,2.49,2.49,2.5,2.5,2.5,2.47,2.49,2.49,2.48,2.47,2.44,2.44,2.48,2.47,2.48,2.49,2.5,2.5,2.5,2.48,2.48,2.5,2.5,2.52,2.49,2.48,2.47,2.48,2.5,2.48,2.46,2.5,2.48,2.51,2.51,2.48,2.48,2.51,2.5,2.5,2.52,2.52,2.48,2.46,2.51,2.49,2.49,2.47,2.48,2.48,2.51,2.48,2.48,2.48,2.48,2.51,2.53,2.49,2.45,2.47,2.48,2.49,2.5,2.48,2.48,2.48,2.48,2.48,2.51,2.48,2.48,2.48,2.5,2.5,2.49,2.48,2.48,2.49,2.5,2.51,2.48,2.48,2.46,2.48,2.51,2.51,2.51,2.51,2.51,2.5,2.49,2.48,2.48,2.46,2.47,2.51,2.48,2.48,2.48,2.46,2.51,2.51,2.51,2.48,2.51,2.5,2.49,2.48,2.48,2.46,2.47,2.48,2.51,2.48,2.48,2.48,2.51,2.51,2.51,2.48,2.5,2.5,2.49,2.48,2.51,2.49,2.47,2.48,2.51,2.51,2.48,2.48,2.48,2.51,2.51,2.51,2.5,2.5,2.49,2.48,2.5,2.48,2.49,2.47,2.51,2.51,2.51,2.48,2.48,2.48,2.51,2.51,2.5,2.46,2.48,2.5,2.49,2.51,2.49,2.49,2.5,2.5,2.5,2.48,2.48,2.48,2.5,2.5,2.49,2.49,2.48,2.49,2.52,2.54,2.48,2.49,2.46,2.47,2.5,2.5,2.47,2.47,2.5,2.49,2.52,2.48,2.46,2.47,2.49,2.52,2.5,2.48,2.48,2.49,2.52,2.52,2.52,2.46,2.49,2.52,2.51,2.5,2.48,2.49,2.47,2.48,2.52,2.49,2.5,2.51,2.51,2.51,2.48,2.48,2.47,2.5,2.49,2.47,2.49,2.47
0.3,5.28,5.05,4.95,4.87,4.94,4.89,4.92,4.93,4.93,4.93,4.93,5.0,4.97,4.94,4.85,4.94,4.91,4.96,4.9,4.97,4.93,4.95,4.97,4.97,4.97,4.91,4.9,4.96,5.03,5.01,4.88,4.89,4.95,5.01,4.97,4.94,4.89,4.97,4.99,5.0,5.0,5.0,4.93,4.99,4.97,4.96,4.94,4.89,4.89,4.97,4.94,4.97,4.99,5.0,5.0,5.01,4.95,4.95,5.01,5.0,5.05,4.99,4.96,4.94,4.97,5.0,4.96,4.91,5.0,4.95,5.01,5.01,4.96,4.96,5.01,5.01,5.01,5.05,5.04,4.96,4.91,5.01,4.97,4.99,4.94,4.95,4.96,5.03,4.97,4.97,4.96,4.96,5.01,5.06,4.99,4.9,4.94,4.96,4.97,5.0,4.95,4.96,4.97,4.97,4.97,5.03,4.97,4.97,4.96,5.01,5.0,4.97,4.95,4.96,4.99,5.0,5.01,4.96,4.97,4.91,4.97,5.03,5.03,5.03,5.03,5.01,5.0,4.97,4.95,4.96,4.92,4.94,5.01,4.96,4.97,4.97,4.91,5.03,5.03,5.03,4.96,5.01,5.0,4.99,4.96,4.96,4.91,4.94,4.95,5.01,4.97,4.97,4.97,5.03,5.03,5.03,4.96,5.01,5.0,4.97,4.95,5.03,4.97,4.93,4.95,5.01,5.03,4.97,4.97,4.97,5.03,5.03,5.01,5.01,5.0,4.97,4.95,5.01,4.97,4.99,4.94,5.01,5.01,5.01,4.97,4.97,4.96,5.01,5.01,5.0,4.92,4.97,5.01,4.99,5.03,4.97,4.99,5.0,5.01,5.01,4.96,4.95,4.95,5.01,5.0,4.99,4.97,4.95,4.99,5.03,5.08,4.95,4.97,4.92,4.93,5.0,5.0,4.94,4.94,5.0,4.99,5.04,4.96,4.92,4.94,4.97,5.04,5.0,4.95,4.97,4.97,5.04,5.05,5.05,4.91,4.97,5.03,5.03,5.0,4.95,4.97,4.93,4.97,5.03,4.97,5.0,5.01,5.03,5.03,4.95,4.95,4.94,5.01,4.97,4.94,4.97,4.93
0.4,7.92,7.5,7.42,7.35,7.4,7.37,7.41,7.39,7.39,7.39,7.42,7.49,7.45,7.4,7.33,7.4,7.43,7.42,7.39,7.41,7.39,7.42,7.44,7.44,7.45,7.39,7.38,7.42,7.53,7.46,7.36,7.38,7.48,7.5,7.45,7.4,7.32,7.45,7.47,7.49,7.46,7.46,7.39,7.47,7.45,7.46,7.44,7.37,7.32,7.44,7.44,7.44,7.44,7.46,7.46,7.5,7.44,7.44,7.47,7.49,7.54,7.5,7.42,7.44,7.44,7.45,7.42,7.39,7.49,7.42,7.48,7.45,7.42,7.46,7.51,7.5,7.47,7.54,7.52,7.46,7.4,7.47,7.45,7.47,7.43,7.42,7.46,7.49,7.44,7.44,7.46,7.46,7.51,7.56,7.47,7.34,7.4,7.42,7.45,7.49,7.42,7.42,7.47,7.47,7.44,7.5,7.47,7.47,7.46,7.5,7.49,7.45,7.42,7.46,7.5,7.49,7.51,7.42,7.47,7.39,7.47,7.5,7.5,7.53,7.53,7.54,7.49,7.45,7.42,7.46,7.4,7.43,7.48,7.42,7.44,7.44,7.39,7.5,7.5,7.5,7.46,7.54,7.49,7.47,7.39,7.42,7.42,7.42,7.42,7.48,7.44,7.47,7.47,7.53,7.5,7.53,7.46,7.53,7.49,7.45,7.38,7.53,7.45,7.42,7.42,7.48,7.5,7.44,7.47,7.47,7.5,7.49,7.48,7.5,7.52,7.45,7.45,7.5,7.48,7.5,7.42,7.48,7.48,7.48,7.44,7.47,7.46,7.51,7.48,7.49,7.4,7.44,7.46,7.47,7.53,7.49,7.47,7.52,7.47,7.5,7.42,7.42,7.45,7.5,7.46,7.47,7.45,7.42,7.47,7.54,7.56,7.42,7.45,7.43,7.42,7.49,7.46,7.42,7.42,7.49,7.47,7.52,7.42,7.37,7.4,7.45,7.51,7.49,7.42,7.44,7.49,7.52,7.57,7.53,7.39,7.45,7.51,7.53,7.49,7.37,7.4,7.39,7.5,7.54,7.45,7.45,7.47,7.53,7.53,7.42,7.45,7.4,7.5,7.45,7.44,7.45,7.45
0.55,9.23,8.72,8.65,8.6,8.63,8.6,8.65,8.62,8.62,8.62,8.67,8.73,8.69,8.63,8.57,8.63,8.69,8.66,8.64,8.63,8.62,8.65,8.68,8.68,8.69,8.63,8.61,8.66,8.78,8.69,8.59,8.62,8.75,8.75,8.69,8.63,8.54,8.69,8.71,8.73,8.68,8.68,8.62,8.71,8.69,8.72,8.69,8.6,8.54,8.68,8.69,8.68,8.66,8.68,8.69,8.75,8.69,8.69,8.7,8.73,8.78,8.76,8.66,8.69,8.68,8.68,8.66,8.63,8.73,8.65,8.71,8.66,8.66,8.71,8.76,8.75,8.7,8.78,8.76,8.71,8.64,8.7,8.69,8.71,8.68,8.65,8.71,8.73,8.68,8.68,8.71,8.71,8.76,8.8,8.71,8.56,8.63,8.66,8.69,8.73,8.65,8.66,8.72,8.72,8.68,8.74,8.72,8.72,8.71,8.75,8.73,8.69,8.65,8.71,8.76,8.73,8.76,8.66,8.72,8.62,8.72,8.74,8.74,8.78,8.78,8.8,8.73,8.69,8.65,8.71,8.65,8.68,8.72,8.66,8.68,8.68,8.62,8.74,8.74,8.74,8.71,8.8,8.73,8.71,8.6,8.66,8.68,8.67,8.65,8.72,8.68,8.72,8.72,8.78,8.74,8.78,8.71,8.79,8.73,8.69,8.6,8.78,8.69,8.66,8.65,8.72,8.74,8.68,8.72,8.72,8.74,8.73,8.72,8.75,8.77,8.69,8.7,8.75,8.73,8.76,8.67,8.71,8.72,8.72,8.68,8.72,8.71,8.76,8.71,8.73,8.65,8.68,8.69,8.71,8.78,8.74,8.71,8.78,8.7,8.75,8.66,8.65,8.7,8.75,8.69,8.71,8.69,8.65,8.71,8.79,8.81,8.65,8.69,8.69,8.66,8.73,8.69,8.67,8.67,8.73,8.71,8.76,8.66,8.59,8.63,8.69,8.74,8.73,8.65,8.68,8.74,8.76,8.82,8.78,8.63,8.69,8.74,8.78,8.73,8.58,8.61,8.62,8.77,8.79,8.69,8.68,8.7,8.78,8.78,8.65,8.7,8.63,8.75,8.69,8.7,8.69,8.71
0.7,11.87,11.24,11.11,11.08,11.09,11.08,11.1,11.07,11.07,11.07,11.17,11.22,11.17,11.09,11.05,11.15,11.13,11.07,11.08,11.1,11.11,11.11,11.12,11.16,11.17,11.11,11.09,11.09,11.25,11.18,11.07,11.11,11.15,11.24,11.17,11.09,11.01,11.14,11.16,11.19,11.17,11.14,11.1,11.2,11.2,11.18,11.15,11.04,11.03,11.16,11.15,11.16,11.11,11.14,11.15,11.24,11.16,11.18,11.19,11.22,11.27,11.24,11.13,11.19,11.16,11.16,11.13,11.11,11.19,11.14,11.21,11.13,11.13,11.21,11.26,11.24,11.19,11.27,11.24,11.18,11.13,11.2,11.17,11.17,11.17,11.15,11.18,11.2,11.16,11.16,11.21,11.21,11.26,11.26,11.2,11.04,11.13,11.13,11.17,11.22,11.14,11.16,11.2,11.2,11.16,11.21,11.23,11.23,11.21,11.24,11.22,11.17,11.15,11.18,11.21,11.22,11.26,11.13,11.2,11.1,11.2,11.24,11.24,11.28,11.28,11.3,11.22,11.17,11.15,11.18,11.13,11.14,11.22,11.13,11.16,11.16,11.1,11.24,11.24,11.21,11.21,11.3,11.22,11.2,11.07,11.13,11.16,11.13,11.15,11.22,11.16,11.2,11.2,11.25,11.24,11.25,11.21,11.29,11.22,11.17,11.06,11.25,11.17,11.15,11.14,11.22,11.18,11.16,11.2,11.23,11.21,11.23,11.18,11.24,11.26,11.17,11.17,11.24,11.2,11.25,11.16,11.21,11.22,11.18,11.16,11.23,11.21,11.23,11.18,11.22,11.16,11.19,11.15,11.15,11.25,11.22,11.2,11.27,11.17,11.24,11.13,11.15,11.17,11.24,11.15,11.2,11.2,11.11,11.15,11.25,11.26,11.15,11.17,11.18,11.15,11.22,11.18,11.16,11.16,11.22,11.2,11.24,11.16,11.08,11.04,11.17,11.25,11.22,11.15,11.16,11.19,11.24,11.31,11.26,11.11,11.17,11.22,11.28,11.18,11.05,11.09,11.07,11.25,11.3,11.17,11.16,11.16,11.28,11.28,11.15,11.17,11.09,11.2,11.17,11.16,11.17,11.17
0.84,14.5,13.72,13.58,13.56,13.55,13.54,13.57,13.53,13.53,13.53,13.64,13.71,13.65,13.55,13.52,13.64,13.61,13.5,13.52,13.56,13.58,13.58,13.57,13.63,13.65,13.59,13.56,13.55,13.73,13.68,13.54,13.59,13.61,13.71,13.65,13.55,13.48,13.6,13.63,13.66,13.64,13.6,13.58,13.68,13.7,13.65,13.61,13.5,13.51,13.63,13.61,13.63,13.56,13.61,13.62,13.72,13.62,13.68,13.68,13.69,13.76,13.72,13.6,13.69,13.63,13.65,13.6,13.59,13.66,13.64,13.69,13.6,13.6,13.71,13.76,13.73,13.68,13.76,13.72,13.67,13.6,13.68,13.65,13.64,13.65,13.63,13.64,13.67,13.65,13.63,13.71,13.69,13.75,13.74,13.68,13.51,13.61,13.6,13.65,13.71,13.62,13.64,13.67,13.67,13.65,13.69,13.72,13.72,13.71,13.75,13.72,13.65,13.64,13.67,13.68,13.71,13.76,13.6,13.67,13.58,13.67,13.73,13.74,13.77,13.77,13.8,13.72,13.65,13.64,13.65,13.63,13.61,13.7,13.6,13.63,13.63,13.59,13.74,13.74,13.69,13.71,13.8,13.71,13.68,13.54,13.6,13.64,13.6,13.65,13.72,13.63,13.67,13.67,13.74,13.74,13.73,13.71,13.78,13.71,13.65,13.53,13.71,13.67,13.64,13.64,13.7,13.64,13.63,13.67,13.73,13.69,13.72,13.65,13.73,13.75,13.65,13.63,13.73,13.69,13.73,13.64,13.69,13.7,13.67,13.65,13.73,13.69,13.7,13.66,13.71,13.66,13.69,13.6,13.6,13.73,13.7,13.68,13.76,13.64,13.73,13.61,13.65,13.63,13.73,13.62,13.68,13.7,13.58,13.62,13.7,13.72,13.64,13.65,13.66,13.64,13.71,13.66,13.64,13.64,13.71,13.68,13.72,13.65,13.55,13.5,13.65,13.74,13.69,13.64,13.63,13.67,13.73,13.79,13.73,13.59,13.65,13.69,13.77,13.63,13.51,13.56,13.56,13.72,13.78,13.65,13.65,13.64,13.79,13.79,13.62,13.65,13.55,13.69,13.65,13.62,13.65,13.63
0.89,15.82,14.95,14.81,14.81,14.78,14.76,14.81,14.76,14.76,14.76,14.87,14.95,14.89,14.78,14.76,14.87,14.87,14.74,14.74,14.78,14.81,14.81,14.81,14.87,14.89,14.82,14.8,14.78,14.98,14.92,14.78,14.84,14.88,14.93,14.89,14.78,14.71,14.84,14.87,14.9,14.87,14.82,14.83,14.92,14.94,14.89,14.84,14.73,14.76,14.87,14.84,14.87,14.79,14.86,14.87,14.95,14.85,14.92,14.93,14.92,15.0,14.97,14.83,14.94,14.87,14.89,14.83,14.82,14.9,14.88,14.93,14.84,14.83,14.96,15.01,14.98,14.93,15.0,14.96,14.92,14.82,14.91,14.89,14.88,14.88,14.86,14.88,14.9,14.9,14.87,14.96,14.92,14.98,14.99,14.92,14.75,14.84,14.83,14.89,14.95,14.85,14.88,14.91,14.91,14.9,14.92,14.95,14.95,14.96,15.01,14.98,14.89,14.87,14.92,14.92,14.95,15.01,14.83,14.91,14.81,14.91,14.97,15.0,15.01,15.0,15.05,14.98,14.89,14.87,14.88,14.89,14.86,14.93,14.83,14.87,14.87,14.84,15.0,15.0,14.92,14.96,15.05,14.95,14.92,14.78,14.83,14.88,14.85,14.9,14.97,14.87,14.91,14.91,15.0,15.0,14.97,14.96,15.03,14.95,14.89,14.76,14.94,14.92,14.88,14.88,14.93,14.87,14.87,14.91,14.98,14.92,14.95,14.89,14.98,14.99,14.89,14.86,14.98,14.95,14.97,14.89,14.93,14.93,14.92,14.9,14.98,14.92,14.93,14.91,14.95,14.9,14.95,14.83,14.82,14.98,14.94,14.92,15.0,14.87,14.98,14.86,14.9,14.86,14.98,14.87,14.92,14.94,14.81,14.86,14.93,14.97,14.87,14.89,14.9,14.88,14.95,14.91,14.89,14.89,14.95,14.92,14.96,14.88,14.78,14.75,14.89,14.98,14.91,14.87,14.87,14.92,14.99,15.03,14.95,14.82,14.89,14.93,15.0,14.86,14.75,14.8,14.82,14.96,15.01,14.89,14.89,14.89,15.04,15.04,14.83,14.91,14.78,14.95,14.89,14.85,14.89,14.85
1.04,18.45,17.4,17.28,17.29,17.23,17.19,17.3,17.21,17.21,17.21,17.32,17.44,17.37,17.23,17.24,17.33,17.38,17.21,17.18,17.21,17.27,17.28,17.28,17.34,17.37,17.3,17.27,17.25,17.48,17.42,17.26,17.32,17.41,17.37,17.37,17.23,17.18,17.31,17.36,17.39,17.33,17.28,17.31,17.41,17.42,17.36,17.3,17.21,17.25,17.34,17.3,17.34,17.24,17.34,17.35,17.41,17.32,17.42,17.42,17.38,17.49,17.45,17.3,17.44,17.34,17.38,17.3,17.3,17.39,17.38,17.39,17.3,17.3,17.46,17.51,17.48,17.42,17.49,17.43,17.42,17.26,17.37,17.37,17.37,17.34,17.33,17.35,17.37,17.4,17.34,17.46,17.39,17.44,17.48,17.41,17.22,17.3,17.3,17.37,17.44,17.32,17.35,17.39,17.39,17.4,17.4,17.43,17.43,17.46,17.54,17.51,17.37,17.33,17.42,17.4,17.44,17.51,17.3,17.39,17.29,17.39,17.44,17.5,17.48,17.47,17.55,17.51,17.37,17.33,17.35,17.4,17.35,17.4,17.3,17.34,17.34,17.34,17.5,17.5,17.4,17.46,17.55,17.44,17.41,17.24,17.3,17.35,17.33,17.4,17.47,17.34,17.39,17.39,17.5,17.5,17.44,17.46,17.52,17.44,17.37,17.23,17.41,17.43,17.37,17.38,17.4,17.35,17.34,17.39,17.48,17.4,17.42,17.36,17.48,17.48,17.37,17.33,17.48,17.45,17.46,17.38,17.39,17.4,17.42,17.4,17.48,17.39,17.4,17.41,17.44,17.39,17.45,17.29,17.26,17.48,17.42,17.41,17.49,17.33,17.48,17.36,17.4,17.33,17.48,17.35,17.41,17.42,17.28,17.34,17.39,17.46,17.33,17.37,17.39,17.37,17.44,17.4,17.38,17.38,17.44,17.41,17.43,17.35,17.23,17.26,17.37,17.44,17.36,17.33,17.34,17.43,17.5,17.52,17.4,17.3,17.37,17.41,17.47,17.31,17.21,17.28,17.34,17.43,17.47,17.37,17.38,17.39,17.54,17.54,17.25,17.41,17.23,17.48,17.37,17.3,17.37,17.31
1.11,19.77,18.66,18.51,18.5,18.46,18.43,18.54,18.44,18.44,18.44,18.55,18.68,18.6,18.46,18.45,18.6,18.6,18.47,18.4,18.43,18.5,18.51,18.52,18.58,18.6,18.54,18.51,18.48,18.72,18.65,18.49,18.57,18.64,18.59,18.58,18.46,18.41,18.55,18.6,18.62,18.57,18.52,18.55,18.63,18.66,18.59,18.55,18.45,18.49,18.58,18.55,18.58,18.46,18.57,18.58,18.65,18.57,18.67,18.65,18.62,18.73,18.69,18.53,18.67,18.56,18.62,18.55,18.54,18.63,18.61,18.64,18.55,18.55,18.69,18.75,18.72,18.67,18.73,18.67,18.65,18.48,18.62,18.62,18.6,18.57,18.58,18.6,18.62,18.64,18.58,18.69,18.64,18.69,18.73,18.63,18.46,18.55,18.55,18.6,18.67,18.55,18.58,18.64,18.62,18.64,18.64,18.67,18.68,18.71,18.78,18.75,18.6,18.57,18.67,18.65,18.68,18.76,18.55,18.64,18.52,18.62,18.68,18.75,18.74,18.72,18.8,18.74,18.6,18.59,18.59,18.65,18.58,18.65,18.55,18.6,18.58,18.58,18.74,18.75,18.65,18.71,18.81,18.68,18.63,18.5,18.55,18.59,18.56,18.63,18.72,18.58,18.64,18.62,18.74,18.74,18.69,18.71,18.78,18.68,18.6,18.46,18.66,18.69,18.61,18.61,18.64,18.59,18.6,18.62,18.72,18.64,18.67,18.61,18.72,18.72,18.6,18.56,18.72,18.69,18.7,18.6,18.62,18.65,18.67,18.64,18.72,18.63,18.65,18.66,18.68,18.63,18.69,18.52,18.5,18.74,18.66,18.65,18.73,18.58,18.74,18.61,18.63,18.58,18.72,18.6,18.65,18.66,18.51,18.61,18.62,18.7,18.57,18.6,18.63,18.61,18.67,18.62,18.62,18.64,18.68,18.65,18.67,18.59,18.47,18.51,18.6,18.68,18.61,18.59,18.6,18.69,18.73,18.76,18.65,18.54,18.6,18.64,18.7,18.55,18.45,18.52,18.6,18.67,18.72,18.6,18.62,18.62,18.77,18.77,18.5,18.66,18.48,18.73,18.6,18.53,18.6,18.57
1.23,22.4,21.17,20.98,20.93,20.92,20.91,21.03,20.9,20.9,20.9,21.01,21.17,21.08,20.92,20.86,21.12,21.05,21.0,20.84,20.86,20.95,20.98,21.0,21.06,21.08,21.02,20.99,20.95,21.18,21.1,20.97,21.06,21.11,21.03,21.02,20.92,20.88,21.03,21.08,21.08,21.06,21.01,21.04,21.08,21.13,21.06,21.05,20.93,20.98,21.06,21.05,21.06,20.91,21.03,21.04,21.15,21.06,21.16,21.11,21.11,21.22,21.18,21.0,21.13,20.98,21.11,21.06,21.02,21.12,21.08,21.14,21.05,21.05,21.16,21.22,21.22,21.16,21.22,21.15,21.12,20.93,21.12,21.13,21.05,21.03,21.08,21.1,21.12,21.11,21.06,21.16,21.14,21.19,21.22,21.08,20.94,21.05,21.05,21.08,21.13,21.02,21.05,21.14,21.1,21.11,21.11,21.14,21.18,21.21,21.28,21.24,21.08,21.03,21.18,21.13,21.17,21.26,21.05,21.14,21.0,21.1,21.15,21.25,21.24,21.23,21.3,21.2,21.08,21.09,21.05,21.13,21.04,21.15,21.05,21.1,21.06,21.06,21.21,21.25,21.15,21.21,21.34,21.17,21.08,21.0,21.05,21.07,21.02,21.1,21.22,21.06,21.14,21.1,21.21,21.21,21.2,21.21,21.31,21.17,21.08,20.92,21.16,21.2,21.1,21.08,21.11,21.06,21.1,21.1,21.2,21.11,21.18,21.11,21.22,21.21,21.08,21.03,21.22,21.17,21.18,21.06,21.09,21.15,21.17,21.11,21.2,21.1,21.15,21.16,21.17,21.11,21.17,20.97,20.98,21.24,21.13,21.14,21.22,21.08,21.26,21.11,21.1,21.08,21.22,21.08,21.14,21.13,20.98,21.13,21.07,21.19,21.03,21.08,21.11,21.1,21.13,21.08,21.11,21.16,21.17,21.14,21.15,21.05,20.96,21.02,21.08,21.14,21.09,21.09,21.1,21.2,21.17,21.25,21.13,21.02,21.08,21.12,21.16,21.04,20.91,21.0,21.13,21.15,21.23,21.08,21.11,21.08,21.24,21.24,21.01,21.16,20.98,21.22,21.08,20.99,21.08,21.09
1.34,25.04,23.69,23.5,23.35,23.38,23.34,23.52,23.35,23.35,23.35,23.47,23.66,23.56,23.38,23.34,23.58,23.56,23.47,23.28,23.34,23.45,23.48,23.43,23.5,23.53,23.53,23.46,23.46,23.65,23.56,23.44,23.54,23.57,23.47,23.45,23.38,23.35,23.51,23.53,23.56,23.55,23.5,23.52,23.53,23.61,23.57,23.55,23.41,23.46,23.53,23.5,23.56,23.4,23.48,23.53,23.64,23.53,23.62,23.61,23.6,23.71,23.66,23.47,23.59,23.46,23.6,23.57,23.46,23.58,23.54,23.61,23.55,23.55,23.63,23.72,23.71,23.66,23.71,23.63,23.59,23.37,23.58,23.65,23.54,23.52,23.55,23.57,23.59,23.59,23.53,23.63,23.64,23.69,23.71,23.57,23.41,23.55,23.56,23.56,23.61,23.48,23.52,23.62,23.6,23.59,23.59,23.62,23.66,23.71,23.8,23.72,23.56,23.54,23.64,23.62,23.66,23.73,23.56,23.64,23.48,23.57,23.66,23.76,23.74,23.73,23.77,23.65,23.56,23.55,23.56,23.61,23.5,23.62,23.56,23.57,23.53,23.53,23.69,23.76,23.66,23.68,23.84,23.66,23.57,23.47,23.56,23.55,23.51,23.6,23.72,23.56,23.62,23.54,23.71,23.71,23.7,23.68,23.8,23.66,23.56,23.39,23.63,23.68,23.59,23.6,23.61,23.54,23.57,23.57,23.7,23.62,23.64,23.61,23.71,23.7,23.56,23.49,23.67,23.64,23.67,23.55,23.56,23.62,23.67,23.62,23.7,23.6,23.62,23.62,23.66,23.6,23.64,23.43,23.42,23.74,23.65,23.62,23.68,23.54,23.76,23.61,23.6,23.58,23.71,23.57,23.62,23.61,23.48,23.57,23.53,23.68,23.54,23.56,23.56,23.56,23.61,23.57,23.59,23.62,23.62,23.62,23.66,23.56,23.41,23.48,23.5,23.65,23.58,23.55,23.58,23.68,23.65,23.73,23.61,23.5,23.56,23.62,23.63,23.49,23.33,23.53,23.65,23.68,23.73,23.56,23.64,23.54,23.74,23.74,23.47,23.67,23.48,23.72,23.56,23.45,23.5,23.55
1.48,26.35,24.94,24.81,24.56,24.6,24.55,24.79,24.57,24.57,24.57,24.68,24.89,24.79,24.6,24.63,24.8,24.88,24.7,24.5,24.57,24.72,24.76,24.6,24.67,24.7,24.85,24.72,24.74,24.83,24.74,24.72,24.83,24.8,24.63,24.62,24.6,24.61,24.74,24.72,24.79,24.78,24.73,24.78,24.72,24.84,24.85,24.83,24.68,24.75,24.76,24.72,24.84,24.63,24.67,24.76,24.88,24.75,24.85,24.84,24.83,24.91,24.9,24.7,24.81,24.68,24.83,24.85,24.67,24.76,24.76,24.8,24.8,24.82,24.85,24.96,24.95,24.9,24.91,24.82,24.82,24.58,24.76,24.93,24.77,24.79,24.77,24.79,24.78,24.82,24.76,24.85,24.92,24.94,24.92,24.8,24.67,24.83,24.83,24.79,24.85,24.71,24.74,24.84,24.87,24.82,24.79,24.84,24.89,24.98,25.09,24.96,24.79,24.82,24.87,24.85,24.89,24.92,24.83,24.91,24.73,24.8,24.9,25.0,24.98,24.97,24.96,24.84,24.79,24.78,24.83,24.88,24.72,24.82,24.83,24.8,24.76,24.79,24.89,25.0,24.9,24.9,25.08,24.89,24.8,24.69,24.83,24.81,24.77,24.87,24.96,24.83,24.84,24.72,24.96,24.96,24.94,24.9,25.04,24.89,24.79,24.61,24.82,24.91,24.85,24.91,24.85,24.74,24.8,24.8,24.97,24.86,24.83,24.85,24.95,24.93,24.79,24.72,24.85,24.87,24.9,24.81,24.75,24.82,24.91,24.89,24.97,24.87,24.82,24.82,24.89,24.87,24.87,24.61,24.59,24.98,24.93,24.85,24.87,24.74,24.99,24.88,24.87,24.85,24.95,24.8,24.85,24.84,24.76,24.74,24.7,24.87,24.82,24.79,24.78,24.78,24.85,24.8,24.86,24.84,24.81,24.85,24.91,24.83,24.62,24.7,24.63,24.9,24.81,24.78,24.81,24.91,24.84,24.93,24.82,24.76,24.79,24.87,24.82,24.66,24.49,24.85,24.97,25.0,24.98,24.79,24.94,24.72,24.98,24.98,24.7,24.95,24.77,24.96,24.79,24.67,24.65,24.77
1.58,26.34,24.89,24.83,24.58,24.59,24.54,24.8,24.56,24.58,24.56,24.68,24.85,24.78,24.62,24.69,24.82,24.9,24.69,24.49,24.56,24.73,24.77,24.57,24.65,24.68,24.88,24.75,24.75,24.79,24.71,24.75,24.88,24.79,24.54,24.58,24.61,24.64,24.73,24.67,24.78,24.77,24.7,24.79,24.69,24.83,24.88,24.84,24.69,24.77,24.75,24.74,24.84,24.62,24.62,24.75,24.87,24.74,24.84,24.83,24.82,24.88,24.89,24.69,24.8,24.68,24.82,24.88,24.66,24.72,24.75,24.78,24.79,24.83,24.86,24.95,24.92,24.89,24.88,24.76,24.81,24.57,24.74,24.94,24.76,24.8,24.76,24.8,24.76,24.81,24.75,24.84,24.94,24.93,24.89,24.79,24.7,24.86,24.86,24.78,24.83,24.7,24.73,24.85,24.88,24.81,24.76,24.83,24.89,25.0,25.09,24.94,24.78,24.84,24.86,24.84,24.86,24.88,24.84,24.92,24.76,24.79,24.88,24.98,24.98,24.96,24.95,24.82,24.76,24.77,24.86,24.92,24.71,24.78,24.84,24.81,24.75,24.81,24.85,24.99,24.89,24.92,25.08,24.88,24.79,24.68,24.86,24.83,24.79,24.88,24.94,24.85,24.85,24.7,24.93,24.93,24.93,24.91,25.03,24.86,24.76,24.6,24.79,24.9,24.88,24.93,24.83,24.71,24.79,24.79,24.98,24.83,24.81,24.84,24.94,24.92,24.78,24.71,24.82,24.86,24.91,24.82,24.72,24.8,24.91,24.9,24.98,24.88,24.78,24.79,24.88,24.89,24.86,24.56,24.56,24.98,24.94,24.83,24.84,24.71,24.97,24.91,24.88,24.88,24.94,24.79,24.84,24.83,24.77,24.71,24.66,24.82,24.82,24.8,24.79,24.78,24.83,24.79,24.88,24.83,24.78,24.86,24.88,24.84,24.61,24.69,24.59,24.89,24.8,24.77,24.8,24.9,24.8,24.89,24.78,24.78,24.8,24.86,24.79,24.61,24.46,24.87,24.99,25.02,24.97,24.78,24.93,24.68,24.98,24.98,24.71,24.96,24.78,24.95,24.8,24.66,24.58,24.76
1.67,26.34,24.89,24.83,24.58,24.59,24.5,24.76,24.56,24.62,24.56,24.64,24.81,24.78,24.66,24.69,24.89,24.83,24.69,24.43,24.61,24.73,24.77,24.57,24.65,24.68,24.88,24.75,24.75,24.75,24.75,24.75,24.88,24.72,24.43,24.58,24.65,24.67,24.73,24.64,24.78,24.8,24.7,24.79,24.69,24.83,24.88,24.8,24.65,24.77,24.75,24.74,24.84,24.65,24.62,24.78,24.87,24.71,24.81,24.87,24.82,24.88,24.86,24.69,24.76,24.68,24.86,24.91,24.63,24.69,24.75,24.81,24.86,24.83,24.86,24.95,24.9,24.92,24.88,24.73,24.77,24.52,24.78,24.94,24.76,24.77,24.76,24.8,24.79,24.81,24.75,24.81,24.94,24.93,24.89,24.79,24.73,24.9,24.89,24.78,24.83,24.7,24.73,24.85,24.85,24.81,24.79,24.81,24.89,25.0,25.09,24.94,24.78,24.88,24.82,24.81,24.83,24.85,24.84,24.89,24.79,24.76,24.88,24.98,24.98,24.96,24.95,24.82,24.73,24.77,24.86,24.95,24.68,24.78,24.84,24.83,24.75,24.81,24.85,25.02,24.92,24.95,25.05,24.88,24.79,24.72,24.89,24.8,24.79,24.88,24.94,24.88,24.85,24.67,24.9,24.93,24.93,24.91,25.0,24.83,24.73,24.64,24.79,24.9,24.88,24.93,24.83,24.74,24.79,24.76,24.95,24.83,24.84,24.88,24.94,24.89,24.78,24.67,24.82,24.83,24.91,24.79,24.76,24.83,24.94,24.93,24.95,24.84,24.75,24.83,24.88,24.89,24.86,24.56,24.56,24.98,24.9,24.8,24.81,24.74,24.94,24.94,24.88,24.88,24.94,24.82,24.84,24.83,24.77,24.71,24.66,24.82,24.82,24.83,24.76,24.78,24.83,24.82,24.88,24.8,24.78,24.89,24.88,24.84,24.61,24.69,24.59,24.94,24.8,24.77,24.8,24.87,24.8,24.86,24.78,24.78,24.83,24.89,24.79,24.58,24.5,24.92,24.99,24.96,24.97,24.78,24.93,24.68,24.98,24.98,24.74,24.92,24.78,24.95,24.85,24.62,24.53,24.69
1.76,26.34,24.86,24.83,24.58,24.59,24.45,24.74,24.56,24.66,24.56,24.6,24.77,24.78,24.71,24.69,24.92,24.8,24.72,24.41,24.63,24.71,24.77,24.59,24.65,24.68,24.88,24.75,24.77,24.73,24.77,24.75,24.88,24.72,24.33,24.58,24.7,24.69,24.75,24.62,24.8,24.81,24.7,24.77,24.69,24.82,24.89,24.78,24.63,24.74,24.75,24.76,24.84,24.69,24.62,24.8,24.87,24.7,24.78,24.89,24.82,24.88,24.84,24.69,24.72,24.68,24.88,24.95,24.59,24.67,24.74,24.83,24.91,24.83,24.86,24.95,24.87,24.94,24.88,24.7,24.76,24.48,24.8,24.94,24.77,24.73,24.74,24.81,24.82,24.81,24.75,24.78,24.94,24.93,24.9,24.79,24.75,24.92,24.93,24.78,24.83,24.68,24.72,24.86,24.83,24.81,24.82,24.78,24.89,25.0,25.09,24.94,24.78,24.9,24.81,24.81,24.8,24.81,24.84,24.88,24.82,24.75,24.86,24.96,24.98,24.96,24.96,24.82,24.7,24.75,24.88,24.98,24.66,24.77,24.84,24.86,24.75,24.81,24.83,25.03,24.95,24.98,25.04,24.88,24.79,24.74,24.93,24.78,24.8,24.86,24.92,24.9,24.86,24.66,24.89,24.92,24.95,24.91,24.98,24.8,24.7,24.66,24.81,24.9,24.88,24.92,24.81,24.79,24.79,24.75,24.92,24.83,24.86,24.91,24.94,24.88,24.78,24.66,24.82,24.81,24.92,24.76,24.78,24.84,24.97,24.96,24.92,24.81,24.73,24.86,24.88,24.88,24.84,24.56,24.58,24.99,24.88,24.77,24.79,24.77,24.91,24.97,24.86,24.9,24.94,24.85,24.84,24.82,24.77,24.73,24.69,24.84,24.81,24.87,24.74,24.78,24.83,24.83,24.88,24.77,24.78,24.92,24.88,24.82,24.59,24.71,24.59,24.96,24.8,24.75,24.8,24.87,24.8,24.84,24.78,24.78,24.87,24.92,24.79,24.56,24.52,24.95,24.99,24.93,24.97,24.78,24.91,24.68,24.98,24.98,24.76,24.9,24.78,24.97,24.89,24.59,24.47,24.66
1.93,26.34,24.8,24.92,24.58,24.53,24.48,24.72,24.56,24.71,24.56,24.56,24.7,24.78,24.78,24.69,24.86,24.87,24.78,24.49,24.65,24.68,24.77,24.63,24.65,24.68,24.88,24.75,24.8,24.77,24.77,24.75,24.8,24.75,24.35,24.58,24.7,24.69,24.78,24.65,24.83,24.83,24.7,24.77,24.74,24.78,24.95,24.78,24.61,24.74,24.75,24.76,24.84,24.69,24.61,24.83,24.89,24.7,24.74,24.89,24.83,24.88,24.84,24.69,24.72,24.68,24.88,24.95,24.54,24.66,24.74,24.85,24.91,24.83,24.81,24.95,24.87,24.94,24.88,24.7,24.74,24.5,24.82,24.94,24.8,24.7,24.71,24.86,24.82,24.83,24.75,24.73,24.95,24.95,24.98,24.79,24.75,24.88,24.93,24.83,24.83,24.66,24.69,24.86,24.88,24.79,24.82,24.75,24.9,25.0,25.04,24.93,24.78,24.86,24.84,24.89,24.8,24.76,24.84,24.92,24.86,24.75,24.83,24.92,24.99,25.02,24.96,24.8,24.7,24.77,24.93,24.97,24.7,24.73,24.84,24.86,24.79,24.79,24.83,25.03,24.99,24.98,25.08,24.88,24.79,24.74,24.98,24.78,24.83,24.86,24.88,24.9,24.86,24.66,24.92,24.88,24.95,24.91,24.98,24.86,24.7,24.66,24.81,24.88,24.88,24.92,24.83,24.82,24.79,24.79,24.92,24.83,24.82,24.95,24.94,24.92,24.83,24.71,24.77,24.8,24.92,24.76,24.79,24.81,24.95,24.99,24.92,24.83,24.73,24.85,24.88,24.84,24.84,24.56,24.65,24.98,24.88,24.82,24.84,24.81,24.91,25.0,24.86,24.95,24.94,24.88,24.84,24.78,24.82,24.77,24.69,24.88,24.77,24.87,24.74,24.78,24.83,24.83,24.88,24.77,24.78,24.92,24.88,24.84,24.61,24.73,24.59,24.91,24.82,24.77,24.84,24.88,24.78,24.84,24.79,24.78,24.87,24.92,24.75,24.61,24.52,24.87,24.96,24.93,24.99,24.78,24.91,24.65,24.98,24.98,24.8,24.88,24.78,24.99,24.89,24.66,24.47,24.66
2.14,26.34,24.83,24.92,24.58,24.53,24.48,24.71,24.56,24.71,24.58,24.58,24.68,24.76,24.8,24.69,24.89,24.83,24.78,24.49,24.67,24.68,24.77,24.61,24.63,24.68,24.88,24.75,24.8,24.75,24.77,24.75,24.77,24.72,24.35,24.56,24.72,24.69,24.78,24.65,24.81,24.84,24.72,24.77,24.74,24.78,24.97,24.78,24.61,24.72,24.75,24.76,24.84,24.71,24.61,24.82,24.89,24.71,24.74,24.89,24.85,24.88,24.86,24.69,24.7,24.65,24.88,24.95,24.54,24.64,24.73,24.85,24.91,24.84,24.81,24.95,24.85,24.94,24.88,24.7,24.72,24.52,24.82,24.95,24.8,24.7,24.71,24.86,24.82,24.83,24.75,24.72,24.95,24.97,24.98,24.79,24.77,24.88,24.95,24.83,24.83,24.66,24.69,24.86,24.88,24.78,24.83,24.76,24.9,25.0,25.04,24.91,24.78,24.86,24.82,24.89,24.79,24.76,24.84,24.92,24.86,24.75,24.85,24.92,24.99,25.02,24.96,24.8,24.7,24.77,24.93,24.95,24.7,24.75,24.84,24.86,24.79,24.78,24.83,25.03,24.99,24.97,25.09,24.89,24.81,24.74,24.98,24.78,24.83,24.85,24.86,24.9,24.86,24.66,24.9,24.88,24.95,24.91,24.98,24.87,24.7,24.64,24.81,24.87,24.88,24.9,24.83,24.83,24.79,24.81,24.9,24.83,24.84,24.97,24.95,24.92,24.83,24.71,24.77,24.8,24.94,24.76,24.79,24.81,24.95,24.99,24.9,24.84,24.73,24.83,24.88,24.84,24.81,24.56,24.67,24.98,24.88,24.81,24.83,24.81,24.91,25.0,24.86,24.95,24.92,24.88,24.84,24.78,24.82,24.77,24.69,24.88,24.79,24.87,24.74,24.78,24.83,24.83,24.88,24.77,24.78,24.92,24.9,24.84,24.61,24.71,24.59,24.94,24.84,24.77,24.84,24.87,24.76,24.86,24.82,24.76,24.87,24.94,24.75,24.63,24.52,24.87,24.96,24.93,25.02,24.78,24.89,24.65,24.98,24.98,24.84,24.86,24.8,24.98,24.89,24.66,24.44,24.66
2.28,26.34,24.86,24.92,24.58,24.53,24.48,24.69,24.56,24.71,24.6,24.6,24.66,24.74,24.83,24.69,24.92,24.8,24.78,24.49,24.69,24.68,24.77,24.59,24.61,24.68,24.88,24.75,24.8,24.73,24.77,24.75,24.74,24.69,24.35,24.54,24.74,24.69,24.78,24.65,24.8,24.86,24.73,24.77,24.74,24.78,24.99,24.78,24.61,24.69,24.75,24.76,24.84,24.72,24.61,24.8,24.89,24.73,24.74,24.89,24.86,24.88,24.87,24.69,24.68,24.62,24.88,24.95,24.54,24.62,24.71,24.85,24.91,24.86,24.81,24.95,24.84,24.94,24.88,24.7,24.7,24.55,24.82,24.97,24.8,24.7,24.71,24.86,24.82,24.83,24.75,24.7,24.95,24.98,24.98,24.79,24.78,24.88,24.96,24.83,24.83,24.66,24.69,24.86,24.88,24.76,24.85,24.78,24.9,25.0,25.04,24.89,24.78,24.86,24.81,24.89,24.78,24.76,24.84,24.92,24.86,24.75,24.86,24.92,24.99,25.02,24.96,24.8,24.7,24.77,24.93,24.94,24.7,24.77,24.84,24.86,24.79,24.76,24.83,25.03,24.99,24.95,25.1,24.91,24.82,24.74,24.98,24.78,24.83,24.83,24.84,24.9,24.86,24.66,24.89,24.88,24.95,24.91,24.98,24.89,24.7,24.62,24.81,24.85,24.88,24.89,24.83,24.85,24.79,24.82,24.89,24.83,24.86,24.98,24.97,24.92,24.83,24.71,24.77,24.8,24.95,24.76,24.79,24.81,24.95,24.99,24.89,24.86,24.73,24.81,24.88,24.84,24.77,24.56,24.69,24.98,24.88,24.79,24.81,24.81,24.91,25.0,24.86,24.95,24.91,24.88,24.84,24.78,24.82,24.77,24.69,24.88,24.81,24.87,24.74,24.78,24.83,24.83,24.88,24.77,24.78,24.92,24.92,24.84,24.61,24.69,24.59,24.96,24.86,24.77,24.84,24.85,24.75,24.88,24.86,24.75,24.87,24.95,24.75,24.65,24.52,24.87,24.96,24.93,25.04,24.78,24.88,24.65,24.98,24.98,24.88,24.84,24.82,24.96,24.89,24.66,24.42,24.66
2.39,26.34,24.89,24.92,24.55,24.53,24.5,24.67,24.56,24.71,24.62,24.62,24.66,24.72,24.83,24.69,24.92,24.76,24.75,24.49,24.72,24.69,24.77,24.59,24.61,24.68,24.88,24.75,24.78,24.71,24.77,24.75,24.72,24.66,24.35,24.54,24.76,24.69,24.78,24.64,24.8,24.88,24.75,24.77,24.74,24.78,25.01,24.8,24.61,24.66,24.72,24.78,24.86,24.74,24.61,24.79,24.9,24.74,24.74,24.89,24.88,24.88,24.87,24.69,24.65,24.62,24.88,24.97,24.54,24.61,24.7,24.86,24.91,24.86,24.8,24.95,24.82,24.94,24.89,24.7,24.69,24.57,24.84,24.97,24.8,24.7,24.71,24.88,24.82,24.82,24.76,24.69,24.95,25.0,24.98,24.79,24.78,24.88,24.96,24.83,24.83,24.66,24.69,24.86,24.89,24.75,24.86,24.79,24.92,24.98,25.02,24.89,24.78,24.86,24.79,24.89,24.78,24.76,24.84,24.92,24.86,24.76,24.88,24.92,24.99,25.04,24.96,24.8,24.7,24.77,24.93,24.92,24.7,24.78,24.84,24.86,24.79,24.75,24.83,25.02,25.0,24.95,25.11,24.91,24.82,24.74,24.98,24.78,24.83,24.83,24.84,24.9,24.86,24.66,24.89,24.88,24.96,24.91,24.98,24.89,24.7,24.64,24.81,24.83,24.88,24.89,24.84,24.85,24.79,24.82,24.88,24.85,24.88,24.98,24.97,24.92,24.85,24.72,24.77,24.78,24.95,24.75,24.81,24.83,24.94,24.96,24.88,24.88,24.75,24.81,24.88,24.84,24.76,24.58,24.71,24.96,24.88,24.79,24.81,24.82,24.91,24.98,24.86,24.97,24.91,24.88,24.84,24.78,24.84,24.77,24.71,24.88,24.82,24.87,24.74,24.78,24.85,24.83,24.86,24.76,24.78,24.92,24.92,24.84,24.61,24.66,24.59,24.98,24.88,24.77,24.84,24.83,24.73,24.88,24.88,24.75,24.87,24.97,24.77,24.67,24.52,24.87,24.96,24.93,25.06,24.78,24.88,24.65,24.98,24.96,24.92,24.8,24.84,24.94,24.89,24.66,24.42,24.69
2.5,26.34,24.89,24.92,24.55,24.53,24.5,24.65,24.56,24.71,24.64,24.64,24.66,24.69,24.83,24.72,24.89,24.76,24.69,24.49,24.74,24.71,24.77,24.59,24.61,24.68,24.88,24.75,24.77,24.71,24.79,24.75,24.69,24.66,24.35,24.56,24.78,24.69,24.78,24.62,24.81,24.88,24.75,24.77,24.75,24.78,25.02,24.8,24.61,24.64,24.7,24.78,24.88,24.76,24.62,24.79,24.9,24.74,24.74,24.9,24.88,24.88,24.87,24.69,24.65,24.65,24.88,24.97,24.54,24.59,24.7,24.86,24.89,24.84,24.8,24.97,24.81,24.94,24.9,24.7,24.69,24.59,24.84,24.95,24.82,24.7,24.69,24.88,24.81,24.82,24.78,24.69,24.94,25.0,24.98,24.81,24.78,24.86,24.95,24.83,24.85,24.66,24.69,24.85,24.9,24.75,24.88,24.81,24.92,24.97,25.02,24.91,24.78,24.86,24.77,24.89,24.78,24.76,24.82,24.9,24.86,24.78,24.89,24.92,24.98,25.04,24.96,24.83,24.7,24.75,24.93,24.92,24.71,24.78,24.82,24.85,24.79,24.75,24.85,25.0,25.0,24.95,25.11,24.91,24.84,24.72,24.96,24.78,24.85,24.85,24.84,24.9,24.85,24.66,24.9,24.89,24.96,24.91,24.97,24.89,24.7,24.66,24.79,24.82,24.88,24.9,24.86,24.85,24.78,24.82,24.88,24.86,24.88,24.97,24.97,24.92,24.87,24.74,24.77,24.78,24.95,24.75,24.83,24.83,24.92,24.94,24.88,24.89,24.75,24.81,24.88,24.84,24.76,24.6,24.71,24.94,24.88,24.79,24.81,24.82,24.9,24.97,24.88,24.97,24.91,24.88,24.84,24.78,24.86,24.75,24.74,24.88,24.84,24.87,24.74,24.78,24.88,24.85,24.85,24.73,24.78,24.92,24.92,24.84,24.59,24.64,24.59,25.01,24.88,24.75,24.83,24.82,24.75,24.88,24.88,24.75,24.87,24.98,24.79,24.67,24.52,24.87,24.96,24.93,25.06,24.78,24.88,24.68,24.99,24.96,24.92,24.77,24.84,24.94,24.89,24.66,24.42,24.69
2.62,26.34,24.86,24.92,24.58,24.53,24.48,24.63,24.56,24.71,24.64,24.66,24.63,24.69,24.83,24.75,24.86,24.76,24.62,24.51,24.76,24.73,24.75,24.57,24.61,24.68,24.88,24.75,24.77,24.73,24.81,24.75,24.69,24.66,24.38,24.58,24.8,24.69,24.76,24.62,24.83,24.88,24.73,24.77,24.77,24.78,25.04,24.78,24.58,24.64,24.7,24.78,24.88,24.78,24.62,24.8,24.9,24.74,24.74,24.92,24.88,24.88,24.89,24.69,24.65,24.68,24.88,24.95,24.54,24.59,24.7,24.85,24.88,24.84,24.81,24.98,24.8,24.94,24.9,24.7,24.69,24.59,24.84,24.95,24.83,24.7,24.67,24.86,24.79,24.83,24.79,24.7,24.92,25.0,24.98,24.84,24.78,24.84,24.93,24.83,24.86,24.67,24.69,24.83,24.9,24.75,24.89,24.82,24.92,24.97,25.02,24.91,24.78,24.88,24.76,24.89,24.78,24.76,24.81,24.88,24.86,24.79,24.89,24.92,24.96,25.02,24.96,24.85,24.7,24.73,24.93,24.92,24.73,24.77,24.82,24.83,24.79,24.75,24.86,25.0,24.99,24.95,25.1,24.93,24.85,24.7,24.95,24.78,24.86,24.86,24.83,24.89,24.83,24.66,24.92,24.9,24.95,24.91,24.95,24.91,24.7,24.66,24.77,24.8,24.88,24.92,24.88,24.85,24.78,24.82,24.89,24.86,24.86,24.95,24.97,24.92,24.87,24.74,24.75,24.78,24.97,24.76,24.83,24.81,24.91,24.95,24.88,24.89,24.75,24.81,24.88,24.84,24.77,24.6,24.69,24.92,24.88,24.81,24.81,24.81,24.88,24.97,24.9,24.97,24.91,24.86,24.84,24.78,24.88,24.73,24.74,24.86,24.86,24.88,24.74,24.78,24.88,24.86,24.85,24.71,24.78,24.92,24.92,24.86,24.59,24.62,24.59,25.01,24.88,24.75,24.83,24.8,24.76,24.88,24.88,24.75,24.87,24.98,24.81,24.67,24.52,24.87,24.92,24.93,25.06,24.8,24.86,24.7,24.99,24.98,24.92,24.77,24.82,24.92,24.89,24.69,24.42,24.66
2.71,26.34,24.83,24.92,24.61,24.53,24.45,24.61,24.56,24.71,24.64,24.68,24.61,24.69,24.83,24.78,24.82,24.76,24.56,24.54,24.78,24.75,24.73,24.55,24.61,24.68,24.88,24.75,24.77,24.75,24.82,24.75,24.69,24.66,24.41,24.61,24.82,24.69,24.75,24.62,24.84,24.88,24.72,24.77,24.79,24.78,25.06,24.76,24.56,24.64,24.7,24.78,24.88,24.79,24.62,24.82,24.9,24.74,24.74,24.94,24.88,24.88,24.9,24.69,24.65,24.7,24.88,24.93,24.54,24.59,24.7,24.83,24.86,24.84,24.83,25.0,24.78,24.94,24.9,24.7,24.69,24.59,24.84,24.95,24.84,24.7,24.66,24.84,24.77,24.85,24.81,24.72,24.91,25.0,24.98,24.88,24.78,24.82,24.91,24.83,24.88,24.68,24.69,24.82,24.9,24.75,24.9,24.83,24.92,24.97,25.02,24.91,24.78,24.9,24.74,24.89,24.78,24.76,24.79,24.85,24.86,24.81,24.89,24.92,24.95,25.0,24.96,24.86,24.7,24.71,24.93,24.92,24.75,24.75,24.82,24.82,24.79,24.75,24.88,25.0,24.98,24.95,25.09,24.94,24.87,24.69,24.93,24.78,24.88,24.88,24.81,24.87,24.82,24.66,24.93,24.92,24.93,24.91,24.94,24.92,24.7,24.66,24.75,24.78,24.88,24.93,24.89,24.85,24.78,24.82,24.9,24.86,24.84,24.94,24.97,24.92,24.87,24.74,24.73,24.78,24.98,24.78,24.83,24.8,24.89,24.97,24.88,24.89,24.75,24.81,24.88,24.84,24.79,24.6,24.67,24.9,24.88,24.82,24.81,24.8,24.87,24.97,24.91,24.97,24.91,24.85,24.84,24.78,24.9,24.71,24.74,24.84,24.88,24.9,24.74,24.78,24.88,24.88,24.85,24.69,24.78,24.92,24.92,24.88,24.59,24.59,24.59,25.01,24.88,24.75,24.83,24.78,24.78,24.88,24.88,24.75,24.87,24.98,24.82,24.67,24.52,24.87,24.89,24.93,25.06,24.82,24.84,24.72,24.99,24.99,24.92,24.77,24.8,24.89,24.89,24.71,24.42,24.63
2.79,26.34,24.8,24.89,24.64,24.53,24.45,24.59,24.56,24.71,24.64,24.69,24.59,24.69,24.83,24.78,24.82,24.72,24.53,24.57,24.78,24.75,24.7,24.55,24.63,24.7,24.87,24.75,24.75,24.77,24.84,24.75,24.69,24.66,24.43,24.63,24.84,24.69,24.73,24.64,24.84,24.88,24.7,24.77,24.8,24.78,25.06,24.74,24.54,24.64,24.7,24.8,24.86,24.79,24.62,24.82,24.9,24.75,24.75,24.94,24.88,24.88,24.91,24.69,24.65,24.7,24.88,24.91,24.56,24.61,24.7,24.83,24.84,24.84,24.84,25.0,24.77,24.94,24.9,24.7,24.69,24.59,24.86,24.95,24.84,24.68,24.66,24.84,24.77,24.86,24.82,24.73,24.89,25.0,24.98,24.89,24.78,24.8,24.89,24.83,24.88,24.7,24.69,24.82,24.89,24.75,24.92,24.85,24.93,24.97,25.0,24.91,24.78,24.9,24.74,24.89,24.78,24.78,24.77,24.82,24.86,24.82,24.88,24.92,24.93,24.99,24.98,24.87,24.7,24.71,24.91,24.92,24.77,24.75,24.82,24.82,24.79,24.75,24.89,25.0,24.96,24.97,25.09,24.96,24.87,24.69,24.91,24.78,24.88,24.88,24.8,24.84,24.82,24.67,24.93,24.92,24.92,24.92,24.94,24.94,24.7,24.66,24.75,24.78,24.88,24.92,24.89,24.85,24.79,24.82,24.9,24.85,24.84,24.92,24.97,24.92,24.87,24.74,24.73,24.78,25.0,24.78,24.83,24.8,24.88,24.97,24.86,24.88,24.77,24.83,24.88,24.84,24.8,24.6,24.67,24.88,24.87,24.84,24.83,24.8,24.87,24.97,24.91,24.97,24.91,24.83,24.84,24.78,24.9,24.73,24.74,24.82,24.88,24.92,24.76,24.8,24.87,24.88,24.85,24.71,24.8,24.92,24.9,24.88,24.61,24.59,24.62,24.98,24.88,24.77,24.84,24.78,24.78,24.88,24.88,24.75,24.87,24.97,24.84,24.69,24.55,24.84,24.86,24.9,25.06,24.85,24.8,24.74,24.98,24.99,24.94,24.77,24.78,24.87,24.89,24.73,24.44,24.63
2.87,26.34,24.8,24.86,24.64,24.53,24.48,24.59,24.56,24.71,24.64,24.71,24.59,24.69,24.83,24.78,24.86,24.69,24.53,24.57,24.76,24.73,24.7,24.57,24.65,24.71,24.85,24.75,24.73,24.77,24.86,24.75,24.69,24.66,24.43,24.63,24.84,24.71,24.73,24.64,24.83,24.88,24.7,24.77,24.8,24.78,25.04,24.74,24.54,24.61,24.7,24.82,24.84,24.79,24.62,24.8,24.89,24.77,24.77,24.94,24.88,24.88,24.91,24.69,24.65,24.7,24.88,24.91,24.59,24.62,24.7,24.83,24.83,24.84,24.86,25.0,24.75,24.94,24.9,24.71,24.69,24.59,24.86,24.94,24.84,24.68,24.66,24.84,24.79,24.86,24.83,24.73,24.88,24.98,24.99,24.91,24.78,24.78,24.88,24.85,24.88,24.71,24.69,24.82,24.89,24.75,24.93,24.85,24.93,24.97,25.0,24.91,24.78,24.88,24.74,24.89,24.78,24.79,24.76,24.8,24.86,24.83,24.88,24.9,24.92,24.97,24.99,24.89,24.68,24.71,24.89,24.94,24.78,24.77,24.81,24.82,24.81,24.76,24.9,24.99,24.95,24.97,25.09,24.98,24.89,24.69,24.89,24.78,24.88,24.88,24.78,24.83,24.83,24.7,24.93,24.92,24.9,24.92,24.94,24.96,24.71,24.66,24.75,24.78,24.88,24.9,24.88,24.85,24.79,24.82,24.9,24.83,24.84,24.92,24.97,24.93,24.87,24.74,24.75,24.78,25.0,24.78,24.85,24.8,24.86,24.95,24.86,24.86,24.78,24.85,24.88,24.84,24.82,24.62,24.69,24.86,24.85,24.84,24.84,24.81,24.85,24.97,24.91,24.97,24.91,24.82,24.84,24.78,24.9,24.76,24.74,24.8,24.86,24.92,24.78,24.83,24.87,24.88,24.85,24.72,24.81,24.92,24.87,24.86,24.63,24.59,24.66,24.96,24.86,24.79,24.84,24.8,24.8,24.88,24.89,24.75,24.88,24.97,24.86,24.69,24.57,24.84,24.86,24.87,25.04,24.82,24.78,24.76,24.98,24.98,24.96,24.75,24.78,24.87,24.89,24.73,24.47,24.63
3.0,26.34,24.8,24.8,24.64,24.53,24.52,24.59,24.56,24.71,24.64,24.75,24.59,24.69,24.83,24.78,24.92,24.62,24.53,24.57,24.72,24.69,24.7,24.61,24.68,24.75,24.82,24.75,24.69,24.77,24.9,24.75,24.69,24.66,24.43,24.63,24.84,24.74,24.73,24.64,24.8,24.88,24.7,24.77,24.8,24.78,25.01,24.74,24.54,24.56,24.7,24.86,24.81,24.79,24.62,24.78,24.85,24.8,24.8,24.94,24.88,24.88,24.91,24.69,24.65,24.7,24.88,24.91,24.66,24.66,24.7,24.83,24.8,24.84,24.89,25.0,24.73,24.94,24.9,24.75,24.69,24.59,24.86,24.9,24.84,24.68,24.66,24.84,24.82,24.86,24.86,24.73,24.84,24.95,25.02,24.94,24.78,24.74,24.84,24.88,24.88,24.74,24.69,24.82,24.89,24.75,24.96,24.85,24.93,24.97,25.0,24.91,24.78,24.84,24.74,24.89,24.78,24.83,24.72,24.77,24.86,24.86,24.88,24.88,24.89,24.94,25.03,24.92,24.64,24.71,24.86,24.97,24.82,24.8,24.77,24.82,24.83,24.79,24.93,24.96,24.92,24.97,25.09,25.01,24.91,24.69,24.86,24.78,24.88,24.88,24.75,24.8,24.86,24.76,24.93,24.92,24.88,24.92,24.94,24.99,24.75,24.66,24.75,24.78,24.88,24.87,24.84,24.85,24.79,24.82,24.9,24.81,24.84,24.92,24.97,24.96,24.87,24.74,24.79,24.78,25.0,24.78,24.88,24.8,24.83,24.93,24.86,24.83,24.81,24.88,24.88,24.84,24.85,24.66,24.73,24.82,24.82,24.84,24.87,24.84,24.82,24.97,24.91,24.97,24.91,24.79,24.84,24.78,24.9,24.8,24.74,24.76,24.82,24.92,24.81,24.89,24.87,24.88,24.85,24.75,24.84,24.92,24.79,24.82,24.67,24.59,24.72,24.91,24.82,24.82,24.84,24.83,24.83,24.88,24.92,24.75,24.92,24.97,24.9,24.69,24.61,24.84,24.86,24.81,24.99,24.78,24.73,24.8,24.98,24.94,24.99,24.71,24.78,24.87,24.89,24.73,24.53,24.63
3.09,26.34,24.8,24.78,24.64,24.53,24.54,24.59,24.56,24.71,24.64,24.75,24.59,24.69,24.83,24.78,24.92,24.62,24.53,24.59,24.72,24.68,24.68,24.64,24.7,24.75,24.78,24.75,24.67,24.77,24.9,24.75,24.66,24.69,24.46,24.63,24.84,24.74,24.73,24.65,24.8,24.86,24.69,24.77,24.82,24.78,25.01,24.7,24.54,24.56,24.7,24.86,24.8,24.79,24.62,24.78,24.83,24.8,24.81,24.92,24.88,24.88,24.91,24.69,24.68,24.7,24.9,24.89,24.66,24.67,24.71,24.85,24.78,24.83,24.89,25.0,24.73,24.94,24.9,24.75,24.69,24.61,24.88,24.87,24.83,24.66,24.66,24.86,24.82,24.86,24.86,24.75,24.83,24.95,25.02,24.94,24.78,24.74,24.84,24.88,24.88,24.74,24.69,24.83,24.88,24.75,24.96,24.86,24.95,24.97,25.0,24.89,24.78,24.82,24.74,24.89,24.76,24.83,24.7,24.77,24.86,24.86,24.86,24.88,24.89,24.94,25.05,24.92,24.63,24.71,24.84,24.97,24.83,24.8,24.76,24.83,24.85,24.79,24.93,24.96,24.92,24.98,25.1,25.01,24.91,24.69,24.86,24.8,24.86,24.86,24.75,24.79,24.86,24.78,24.92,24.9,24.86,24.94,24.94,24.99,24.75,24.66,24.77,24.8,24.88,24.84,24.83,24.85,24.81,24.82,24.9,24.79,24.84,24.92,24.97,24.97,24.87,24.74,24.79,24.78,25.0,24.78,24.9,24.8,24.81,24.93,24.85,24.81,24.81,24.88,24.88,24.84,24.87,24.66,24.76,24.82,24.8,24.85,24.88,24.85,24.81,24.97,24.91,24.97,24.91,24.79,24.84,24.78,24.9,24.8,24.74,24.76,24.82,24.92,24.84,24.9,24.87,24.86,24.85,24.76,24.86,24.92,24.76,24.81,24.69,24.59,24.75,24.89,24.82,24.82,24.86,24.83,24.83,24.88,24.92,24.76,24.92,24.95,24.9,24.71,24.63,24.81,24.82,24.78,24.99,24.78,24.71,24.8,24.96,24.94,25.01,24.71,24.76,24.85,24.89,24.76,24.56,24.63
3.21,26.34,24.83,24.75,24.61,24.53,24.58,24.61,24.56,24.69,24.64,24.75,24.61,24.69,24.8,24.78,24.89,24.65,24.53,24.65,24.72,24.66,24.66,24.7,24.72,24.73,24.73,24.75,24.65,24.77,24.88,24.75,24.61,24.75,24.54,24.61,24.82,24.74,24.73,24.69,24.8,24.83,24.67,24.79,24.84,24.78,25.01,24.64,24.56,24.58,24.7,24.84,24.78,24.79,24.62,24.78,24.8,24.8,24.84,24.89,24.88,24.88,24.91,24.69,24.72,24.7,24.94,24.86,24.66,24.7,24.74,24.86,24.75,24.81,24.88,25.0,24.74,24.94,24.9,24.76,24.69,24.66,24.9,24.81,24.8,24.65,24.66,24.88,24.81,24.86,24.86,24.78,24.8,24.95,25.02,24.94,24.78,24.74,24.84,24.88,24.88,24.74,24.69,24.85,24.86,24.75,24.95,24.89,24.96,24.97,25.02,24.86,24.78,24.79,24.74,24.89,24.75,24.83,24.69,24.79,24.85,24.86,24.85,24.89,24.89,24.94,25.05,24.9,24.61,24.71,24.81,24.95,24.87,24.8,24.74,24.85,24.88,24.79,24.93,24.96,24.92,24.98,25.12,25.01,24.91,24.69,24.86,24.83,24.83,24.85,24.77,24.76,24.85,24.79,24.9,24.89,24.83,24.95,24.94,25.01,24.76,24.66,24.79,24.83,24.88,24.81,24.81,24.83,24.83,24.82,24.92,24.78,24.82,24.92,24.97,25.0,24.87,24.74,24.77,24.78,24.98,24.79,24.91,24.78,24.78,24.93,24.83,24.8,24.81,24.86,24.88,24.84,24.9,24.66,24.78,24.82,24.78,24.9,24.9,24.87,24.8,24.97,24.93,24.97,24.91,24.79,24.84,24.78,24.92,24.78,24.71,24.76,24.84,24.9,24.89,24.92,24.87,24.83,24.85,24.79,24.88,24.91,24.7,24.79,24.72,24.59,24.78,24.84,24.82,24.82,24.89,24.83,24.83,24.88,24.92,24.8,24.9,24.92,24.88,24.74,24.66,24.78,24.79,24.75,24.99,24.78,24.71,24.8,24.92,24.94,25.03,24.73,24.74,24.81,24.87,24.8,24.61,24.63
3.34,26.34,24.86,24.75,24.58,24.53,24.63,24.63,24.56,24.66,24.66,24.75,24.66,24.69,24.76,24.78,24.86,24.69,24.53,24.67,24.72,24.68,24.66,24.71,24.72,24.71,24.71,24.75,24.64,24.79,24.86,24.75,24.56,24.79,24.62,24.58,24.78,24.74,24.73,24.71,24.8,24.81,24.67,24.8,24.84,24.78,24.99,24.62,24.61,24.64,24.7,24.8,24.76,24.78,24.64,24.78,24.77,24.8,24.85,24.87,24.88,24.89,24.9,24.69,24.74,24.7,24.96,24.84,24.66,24.72,24.75,24.86,24.73,24.81,24.86,24.98,24.77,24.94,24.92,24.8,24.67,24.68,24.88,24.79,24.77,24.65,24.66,24.88,24.79,24.86,24.86,24.8,24.78,24.95,25.02,24.94,24.76,24.72,24.84,24.88,24.88,24.74,24.69,24.85,24.86,24.76,24.92,24.92,24.95,24.97,25.05,24.86,24.78,24.75,24.74,24.91,24.75,24.83,24.7,24.8,24.83,24.88,24.86,24.9,24.88,24.94,25.04,24.87,24.61,24.71,24.77,24.92,24.9,24.8,24.74,24.83,24.89,24.79,24.95,24.95,24.9,24.95,25.14,25.01,24.93,24.67,24.84,24.85,24.82,24.86,24.78,24.75,24.82,24.79,24.92,24.89,24.81,24.95,24.94,25.04,24.82,24.64,24.77,24.85,24.89,24.82,24.83,24.81,24.85,24.82,24.93,24.78,24.79,24.92,24.97,25.02,24.87,24.74,24.73,24.78,24.97,24.82,24.91,24.77,24.75,24.93,24.85,24.81,24.81,24.83,24.88,24.84,24.91,24.66,24.78,24.81,24.8,24.94,24.9,24.87,24.81,24.97,24.97,24.95,24.9,24.78,24.84,24.8,24.94,24.73,24.66,24.76,24.88,24.88,24.91,24.92,24.87,24.82,24.85,24.82,24.86,24.88,24.68,24.81,24.76,24.59,24.78,24.8,24.82,24.82,24.91,24.83,24.83,24.89,24.94,24.82,24.85,24.91,24.84,24.78,24.63,24.78,24.79,24.75,24.99,24.78,24.74,24.82,24.9,24.94,25.03,24.77,24.74,24.78,24.82,24.85,24.67,24.63
3.48,26.34,24.86,24.75,24.58,24.53,24.67,24.63,24.56,24.62,24.69,24.75,24.7,24.69,24.71,24.78,24.86,24.69,24.53,24.67,24.72,24.71,24.66,24.71,24.72,24.71,24.71,24.75,24.6,24.82,24.86,24.75,24.5,24.79,24.67,24.58,24.74,24.74,24.73,24.71,24.8,24.81,24.67,24.8,24.84,24.78,24.95,24.62,24.65,24.69,24.7,24.76,24.72,24.74,24.67,24.78,24.73,24.8,24.85,24.87,24.88,24.92,24.86,24.69,24.74,24.7,24.96,24.84,24.66,24.72,24.75,24.86,24.73,24.81,24.86,24.95,24.8,24.94,24.95,24.83,24.63,24.68,24.84,24.79,24.75,24.65,24.66,24.88,24.79,24.86,24.86,24.8,24.78,24.95,25.02,24.94,24.73,24.68,24.84,24.88,24.88,24.74,24.69,24.85,24.86,24.79,24.89,24.95,24.92,24.97,25.08,24.9,24.78,24.71,24.74,24.94,24.75,24.83,24.74,24.8,24.83,24.9,24.89,24.9,24.85,24.94,25.04,24.85,24.61,24.71,24.74,24.89,24.94,24.8,24.74,24.81,24.89,24.79,24.98,24.92,24.88,24.92,25.14,25.01,24.96,24.63,24.81,24.85,24.82,24.9,24.78,24.75,24.79,24.79,24.95,24.89,24.78,24.95,24.94,25.06,24.88,24.61,24.73,24.85,24.93,24.85,24.86,24.78,24.85,24.82,24.93,24.78,24.76,24.92,24.97,25.02,24.87,24.74,24.69,24.78,24.97,24.85,24.91,24.77,24.72,24.93,24.88,24.84,24.81,24.79,24.88,24.84,24.91,24.66,24.78,24.77,24.83,24.97,24.9,24.87,24.84,24.97,25.0,24.91,24.87,24.75,24.84,24.83,24.94,24.69,24.61,24.76,24.92,24.88,24.91,24.92,24.87,24.82,24.85,24.85,24.83,24.84,24.68,24.84,24.8,24.59,24.78,24.75,24.82,24.82,24.91,24.83,24.83,24.92,24.97,24.82,24.78,24.91,24.81,24.82,24.59,24.78,24.79,24.75,24.99,24.78,24.78,24.86,24.9,24.94,25.03,24.8,24.74,24.78,24.78,24.9,24.72,24.63
3.59,26.34,24.86,24.72,24.58,24.55,24.67,24.63,24.56,24.6,24.71,24.75,24.72,24.69,24.69,24.78,24.89,24.65,24.53,24.65,24.72,24.73,24.66,24.71,24.72,24.71,24.71,24.75,24.58,24.82,24.86,24.75,24.5,24.79,24.65,24.58,24.74,24.74,24.73,24.69,24.8,24.81,24.67,24.79,24.82,24.78,24.93,24.62,24.67,24.69,24.7,24.76,24.7,24.74,24.69,24.78,24.71,24.8,24.85,24.87,24.88,24.93,24.85,24.69,24.72,24.7,24.96,24.86,24.66,24.72,24.74,24.86,24.75,24.81,24.88,24.94,24.8,24.94,24.96,24.83,24.61,24.66,24.82,24.79,24.73,24.65,24.66,24.88,24.81,24.85,24.86,24.8,24.78,24.95,25.01,24.94,24.71,24.68,24.86,24.87,24.88,24.74,24.69,24.86,24.85,24.81,24.89,24.96,24.9,24.97,25.11,24.92,24.78,24.71,24.72,24.94,24.73,24.83,24.76,24.79,24.83,24.92,24.9,24.9,24.83,24.92,25.05,24.83,24.59,24.69,24.72,24.89,24.94,24.8,24.74,24.81,24.88,24.79,24.98,24.9,24.86,24.92,25.12,25.01,24.97,24.61,24.79,24.85,24.82,24.9,24.78,24.76,24.79,24.79,24.95,24.89,24.78,24.95,24.94,25.05,24.9,24.59,24.73,24.85,24.94,24.85,24.86,24.78,24.85,24.81,24.92,24.78,24.76,24.92,24.97,25.0,24.85,24.72,24.69,24.78,24.98,24.85,24.91,24.78,24.72,24.93,24.88,24.84,24.81,24.79,24.88,24.84,24.9,24.66,24.78,24.77,24.85,24.96,24.88,24.87,24.84,24.97,25.0,24.9,24.85,24.73,24.84,24.85,24.92,24.67,24.61,24.76,24.94,24.9,24.91,24.92,24.87,24.82,24.85,24.85,24.81,24.84,24.68,24.84,24.8,24.59,24.78,24.75,24.82,24.81,24.89,24.83,24.83,24.94,24.98,24.82,24.76,24.92,24.81,24.82,24.57,24.81,24.79,24.75,24.99,24.78,24.78,24.88,24.9,24.94,25.03,24.82,24.74,24.78,24.78,24.9,24.72,24.63
3.68,26.34,24.89,24.69,24.58,24.55,24.67,24.63,24.56,24.58,24.71,24.75,24.74,24.69,24.66,24.75,24.89,24.65,24.53,24.65,24.72,24.73,24.66,24.73,24.72,24.7,24.71,24.75,24.58,24.81,24.84,24.75,24.53,24.82,24.62,24.58,24.74,24.74,24.73,24.69,24.78,24.8,24.69,24.79,24.81,24.78,24.91,24.62,24.69,24.69,24.7,24.76,24.7,24.74,24.7,24.76,24.71,24.8,24.87,24.87,24.88,24.93,24.85,24.69,24.72,24.68,24.94,24.86,24.68,24.73,24.73,24.85,24.75,24.81,24.89,24.95,24.8,24.92,24.96,24.85,24.61,24.66,24.8,24.79,24.73,24.66,24.67,24.86,24.81,24.83,24.88,24.8,24.77,24.93,24.99,24.94,24.71,24.68,24.86,24.85,24.88,24.75,24.69,24.86,24.83,24.81,24.9,24.98,24.89,24.97,25.13,24.93,24.78,24.69,24.7,24.92,24.73,24.85,24.76,24.77,24.82,24.92,24.92,24.92,24.82,24.91,25.05,24.83,24.59,24.68,24.7,24.89,24.94,24.8,24.74,24.81,24.86,24.79,24.98,24.9,24.86,24.91,25.11,25.01,24.97,24.63,24.77,24.85,24.8,24.9,24.78,24.76,24.81,24.79,24.93,24.89,24.78,24.95,24.94,25.03,24.9,24.61,24.73,24.85,24.94,24.85,24.86,24.79,24.86,24.79,24.9,24.79,24.77,24.92,24.97,24.99,24.83,24.72,24.69,24.78,24.98,24.85,24.91,24.8,24.72,24.91,24.88,24.83,24.83,24.81,24.88,24.84,24.88,24.68,24.78,24.79,24.85,24.94,24.86,24.87,24.84,24.95,25.0,24.9,24.85,24.72,24.83,24.85,24.92,24.67,24.61,24.76,24.94,24.9,24.91,24.92,24.85,24.8,24.85,24.85,24.81,24.83,24.68,24.82,24.8,24.59,24.78,24.75,24.82,24.81,24.88,24.83,24.83,24.94,24.98,24.82,24.76,24.92,24.82,24.82,24.57,24.84,24.79,24.75,24.99,24.78,24.78,24.88,24.9,24.94,25.03,24.82,24.74,24.78,24.78,24.88,24.7,24.63
3.76,26.34,24.93,24.66,24.58,24.55,24.67,24.63,24.56,24.56,24.71,24.75,24.77,24.69,24.64,24.72,24.89,24.65,24.53,24.65,24.72,24.73,24.66,24.74,24.72,24.68,24.71,24.75,24.58,24.79,24.82,24.75,24.56,24.85,24.59,24.58,24.74,24.74,24.73,24.69,24.77,24.78,24.7,24.79,24.79,24.78,24.89,24.62,24.72,24.69,24.7,24.76,24.7,24.74,24.72,24.75,24.71,24.8,24.88,24.87,24.88,24.93,24.85,24.69,24.72,24.65,24.92,24.86,24.7,24.75,24.71,24.83,24.75,24.81,24.91,24.96,24.8,24.9,24.96,24.87,24.61,24.66,24.78,24.79,24.73,24.68,24.69,24.84,24.81,24.82,24.89,24.8,24.75,24.91,24.98,24.94,24.71,24.68,24.86,24.83,24.88,24.77,24.69,24.86,24.82,24.81,24.92,24.99,24.88,24.97,25.14,24.95,24.78,24.67,24.69,24.91,24.73,24.86,24.76,24.76,24.81,24.92,24.93,24.93,24.81,24.89,25.05,24.83,24.59,24.66,24.69,24.89,24.94,24.8,24.74,24.81,24.85,24.79,24.98,24.9,24.86,24.89,25.1,25.01,24.97,24.65,24.76,24.85,24.79,24.9,24.78,24.76,24.82,24.79,24.92,24.89,24.78,24.95,24.94,25.01,24.9,24.63,24.73,24.85,24.94,24.85,24.86,24.81,24.88,24.78,24.89,24.81,24.79,24.92,24.97,24.97,24.82,24.72,24.69,24.78,24.98,24.85,24.91,24.81,24.72,24.9,24.88,24.81,24.84,24.83,24.88,24.84,24.87,24.69,24.78,24.81,24.85,24.92,24.85,24.87,24.84,24.94,25.0,24.9,24.85,24.71,24.82,24.85,24.92,24.67,24.61,24.76,24.94,24.9,24.91,24.92,24.84,24.79,24.85,24.85,24.81,24.81,24.68,24.81,24.8,24.59,24.78,24.75,24.82,24.81,24.86,24.83,24.83,24.94,24.98,24.82,24.76,24.92,24.84,24.82,24.57,24.87,24.79,24.75,24.99,24.78,24.78,24.88,24.9,24.94,25.03,24.82,24.74,24.78,24.78,24.85,24.67,24.63
3.88,26.34,24.86,24.59,24.58,24.6,24.72,24.63,24.56,24.56,24.68,24.75,24.81,24.74,24.59,24.72,24.89,24.65,24.47,24.65,24.72,24.73,24.66,24.78,24.72,24.68,24.71,24.78,24.58,24.79,24.79,24.75,24.61,24.85,24.59,24.63,24.7,24.74,24.73,24.65,24.77,24.78,24.7,24.79,24.79,24.78,24.86,24.66,24.72,24.69,24.7,24.8,24.73,24.74,24.72,24.78,24.71,24.8,24.88,24.87,24.88,24.93,24.82,24.72,24.72,24.7,24.92,24.89,24.7,24.78,24.71,24.83,24.75,24.81,24.91,24.96,24.82,24.9,24.96,24.9,24.61,24.61,24.78,24.76,24.73,24.71,24.72,24.84,24.81,24.82,24.92,24.8,24.75,24.91,25.01,24.97,24.68,24.68,24.82,24.83,24.88,24.77,24.69,24.86,24.85,24.83,24.92,24.96,24.88,24.94,25.11,24.98,24.78,24.63,24.69,24.91,24.76,24.83,24.76,24.76,24.81,24.95,24.93,24.9,24.83,24.89,25.05,24.8,24.59,24.66,24.69,24.89,24.94,24.8,24.77,24.81,24.88,24.79,24.98,24.9,24.86,24.89,25.08,25.01,24.94,24.68,24.76,24.85,24.79,24.93,24.81,24.76,24.82,24.79,24.92,24.89,24.78,24.95,24.94,24.98,24.9,24.7,24.73,24.85,24.94,24.88,24.89,24.78,24.88,24.75,24.89,24.81,24.79,24.92,24.91,24.97,24.82,24.76,24.69,24.75,24.95,24.85,24.95,24.84,24.72,24.87,24.9,24.81,24.88,24.86,24.85,24.84,24.91,24.73,24.78,24.77,24.85,24.95,24.88,24.9,24.84,24.91,24.97,24.93,24.88,24.71,24.82,24.85,24.96,24.67,24.66,24.76,24.9,24.9,24.94,24.95,24.84,24.76,24.85,24.85,24.81,24.84,24.65,24.84,24.8,24.59,24.84,24.75,24.82,24.81,24.89,24.87,24.83,24.91,24.92,24.85,24.8,24.92,24.88,24.78,24.57,24.87,24.79,24.75,24.95,24.78,24.82,24.88,24.9,24.94,24.99,24.82,24.74,24.78,24.78,24.85,24.72,24.63
4.01,26.34,24.8,24.52,24.64,24.64,24.72,24.63,24.56,24.56,24.64,24.75,24.81,24.78,24.59,24.72,24.95,24.65,24.47,24.65,24.72,24.69,24.66,24.78,24.68,24.68,24.71,24.81,24.62,24.79,24.75,24.75,24.66,24.85,24.59,24.63,24.65,24.74,24.73,24.65,24.73,24.78,24.7,24.79,24.79,24.78,24.82,24.66,24.72,24.69,24.75,24.8,24.73,24.74,24.72,24.8,24.68,24.8,24.88,24.87,24.88,24.93,24.82,24.76,24.72,24.7,24.92,24.89,24.7,24.81,24.71,24.79,24.75,24.84,24.94,24.96,24.85,24.9,24.93,24.94,24.61,24.57,24.74,24.76,24.73,24.75,24.76,24.81,24.81,24.85,24.92,24.8,24.75,24.91,25.04,25.0,24.68,24.68,24.82,24.83,24.88,24.77,24.69,24.86,24.85,24.86,24.92,24.93,24.85,24.94,25.11,24.98,24.78,24.59,24.69,24.91,24.76,24.79,24.76,24.76,24.81,24.95,24.93,24.88,24.86,24.86,25.05,24.76,24.59,24.66,24.69,24.89,24.94,24.8,24.81,24.81,24.9,24.79,24.98,24.93,24.83,24.86,25.05,25.05,24.94,24.72,24.76,24.85,24.79,24.93,24.81,24.76,24.82,24.79,24.89,24.89,24.75,24.95,24.94,24.98,24.9,24.7,24.73,24.85,24.94,24.88,24.89,24.78,24.88,24.75,24.89,24.78,24.79,24.95,24.88,24.97,24.78,24.76,24.69,24.75,24.95,24.88,24.95,24.84,24.75,24.9,24.93,24.81,24.88,24.86,24.82,24.84,24.91,24.73,24.78,24.77,24.85,24.95,24.88,24.9,24.84,24.91,24.93,24.93,24.88,24.71,24.82,24.85,24.96,24.67,24.66,24.76,24.86,24.9,24.97,24.97,24.8,24.73,24.88,24.88,24.81,24.87,24.65,24.88,24.8,24.59,24.89,24.75,24.82,24.81,24.92,24.9,24.83,24.91,24.88,24.85,24.83,24.92,24.88,24.74,24.57,24.87,24.79,24.75,24.9,24.78,24.82,24.88,24.9,24.98,24.96,24.86,24.74,24.78,24.78,24.85,24.72,24.56
4.15,26.34,24.86,24.52,24.58,24.64,24.76,24.67,24.56,24.6,24.64,24.71,24.85,24.78,24.59,24.72,24.95,24.72,24.53,24.59,24.67,24.66,24.7,24.82,24.68,24.68,24.71,24.81,24.62,24.79,24.75,24.71,24.66,24.85,24.59,24.58,24.61,24.74,24.73,24.62,24.73,24.78,24.7,24.82,24.79,24.78,24.78,24.66,24.72,24.69,24.75,24.76,24.73,24.74,24.75,24.8,24.65,24.77,24.88,24.87,24.91,24.9,24.75,24.76,24.76,24.7,24.92,24.89,24.7,24.81,24.74,24.83,24.75,24.81,24.94,24.96,24.91,24.9,24.93,24.94,24.61,24.61,24.74,24.69,24.7,24.78,24.79,24.81,24.81,24.82,24.89,24.8,24.78,24.91,25.04,24.97,24.68,24.72,24.82,24.83,24.85,24.77,24.72,24.86,24.85,24.86,24.89,24.93,24.85,24.96,25.11,24.95,24.78,24.55,24.72,24.91,24.76,24.79,24.76,24.82,24.81,24.92,24.93,24.88,24.89,24.89,25.05,24.73,24.59,24.66,24.72,24.86,24.9,24.83,24.81,24.83,24.93,24.79,24.95,24.93,24.86,24.86,25.05,25.01,24.91,24.72,24.79,24.88,24.79,24.9,24.81,24.79,24.85,24.82,24.89,24.86,24.75,24.95,24.97,24.94,24.9,24.7,24.77,24.85,24.94,24.85,24.86,24.78,24.88,24.75,24.89,24.78,24.79,24.98,24.91,24.97,24.78,24.76,24.69,24.75,24.92,24.88,24.95,24.84,24.75,24.9,24.93,24.81,24.84,24.83,24.82,24.84,24.88,24.73,24.82,24.81,24.85,24.92,24.88,24.9,24.84,24.91,24.93,24.9,24.85,24.73,24.79,24.85,24.96,24.67,24.66,24.76,24.86,24.9,24.97,24.94,24.83,24.73,24.88,24.88,24.78,24.87,24.65,24.88,24.8,24.59,24.89,24.75,24.86,24.77,24.89,24.9,24.83,24.91,24.88,24.82,24.83,24.95,24.88,24.71,24.57,24.81,24.86,24.75,24.9,24.69,24.82,24.88,24.94,24.98,24.96,24.82,24.78,24.83,24.78,24.85,24.72,24.56
4.3,26.34,24.89,24.52,24.55,24.64,24.78,24.69,24.56,24.66,24.64,24.66,24.88,24.78,24.59,24.72,24.89,24.83,24.56,24.57,24.65,24.64,24.68,24.84,24.68,24.68,24.71,24.81,24.62,24.82,24.75,24.64,24.66,24.85,24.65,24.56,24.59,24.71,24.7,24.6,24.77,24.78,24.67,24.87,24.83,24.78,24.76,24.62,24.67,24.74,24.75,24.7,24.73,24.74,24.8,24.83,24.63,24.73,24.88,24.87,24.96,24.85,24.69,24.76,24.82,24.7,24.92,24.86,24.66,24.81,24.78,24.88,24.75,24.77,24.94,24.96,25.0,24.9,24.93,24.9,24.61,24.68,24.78,24.61,24.66,24.8,24.85,24.81,24.77,24.81,24.85,24.83,24.83,24.95,25.01,24.92,24.68,24.78,24.82,24.8,24.8,24.77,24.77,24.86,24.82,24.86,24.85,24.96,24.88,25.0,25.08,24.91,24.78,24.53,24.77,24.91,24.76,24.79,24.76,24.88,24.81,24.88,24.9,24.9,24.93,24.95,25.05,24.69,24.63,24.66,24.77,24.77,24.85,24.84,24.84,24.88,24.95,24.76,24.9,24.96,24.9,24.89,25.05,24.96,24.83,24.72,24.84,24.94,24.79,24.85,24.81,24.81,24.86,24.83,24.89,24.82,24.75,24.98,25.02,24.89,24.87,24.7,24.82,24.85,24.94,24.81,24.84,24.78,24.9,24.75,24.89,24.78,24.79,25.0,24.95,24.95,24.78,24.76,24.66,24.75,24.91,24.88,24.91,24.84,24.75,24.93,24.9,24.81,24.8,24.78,24.82,24.84,24.83,24.69,24.84,24.86,24.85,24.91,24.88,24.87,24.87,24.91,24.93,24.85,24.81,24.78,24.75,24.85,24.96,24.67,24.66,24.76,24.9,24.94,24.97,24.87,24.85,24.73,24.88,24.88,24.73,24.87,24.69,24.91,24.8,24.59,24.89,24.75,24.97,24.71,24.88,24.87,24.8,24.91,24.85,24.76,24.8,24.97,24.88,24.69,24.57,24.67,24.89,24.75,24.95,24.65,24.78,24.88,24.96,25.01,24.96,24.81,24.8,24.85,24.78,24.9,24.72,24.56
4.41,26.34,24.83,24.52,24.61,24.6,24.74,24.69,24.6,24.66,24.64,24.64,24.83,24.78,24.59,24.66,24.86,24.8,24.56,24.59,24.63,24.64,24.66,24.86,24.68,24.7,24.7,24.81,24.62,24.86,24.77,24.6,24.64,24.82,24.67,24.61,24.59,24.69,24.66,24.62,24.78,24.77,24.66,24.87,24.84,24.78,24.74,24.62,24.67,24.77,24.75,24.68,24.73,24.71,24.8,24.85,24.66,24.71,24.88,24.89,24.96,24.85,24.69,24.76,24.8,24.7,24.9,24.84,24.63,24.81,24.8,24.9,24.75,24.75,24.92,24.96,25.02,24.9,24.93,24.85,24.61,24.7,24.8,24.63,24.68,24.82,24.88,24.83,24.76,24.81,24.83,24.84,24.83,24.97,24.99,24.91,24.68,24.76,24.81,24.82,24.8,24.75,24.8,24.88,24.83,24.86,24.83,24.98,24.89,24.97,25.05,24.92,24.78,24.57,24.81,24.91,24.78,24.81,24.79,24.89,24.81,24.86,24.89,24.92,24.92,24.99,25.05,24.68,24.63,24.66,24.81,24.76,24.85,24.83,24.84,24.86,24.92,24.75,24.89,24.98,24.92,24.91,25.04,24.94,24.81,24.75,24.82,24.95,24.8,24.83,24.8,24.83,24.88,24.82,24.88,24.81,24.78,25.02,25.05,24.88,24.85,24.7,24.81,24.83,24.94,24.8,24.84,24.81,24.92,24.75,24.86,24.78,24.82,25.0,24.95,24.92,24.78,24.79,24.68,24.78,24.91,24.85,24.88,24.88,24.78,24.92,24.89,24.81,24.81,24.79,24.82,24.81,24.8,24.68,24.84,24.88,24.85,24.86,24.88,24.9,24.9,24.91,24.9,24.81,24.78,24.79,24.75,24.85,24.92,24.65,24.66,24.78,24.92,24.94,24.95,24.85,24.85,24.75,24.85,24.88,24.73,24.87,24.76,24.91,24.76,24.59,24.89,24.8,24.98,24.73,24.86,24.85,24.78,24.94,24.84,24.75,24.78,24.95,24.86,24.71,24.57,24.58,24.86,24.81,24.97,24.67,24.78,24.86,24.98,25.03,24.92,24.79,24.78,24.83,24.78,24.88,24.72,24.56
4.52,26.34,24.76,24.52,24.67,24.56,24.69,24.69,24.64,24.66,24.64,24.64,24.79,24.78,24.59,24.59,24.86,24.72,24.56,24.59,24.58,24.64,24.66,24.86,24.68,24.73,24.7,24.81,24.62,24.9,24.81,24.55,24.64,24.75,24.67,24.65,24.59,24.69,24.63,24.62,24.78,24.77,24.66,24.87,24.84,24.78,24.71,24.66,24.67,24.77,24.75,24.68,24.73,24.67,24.8,24.85,24.7,24.71,24.88,24.92,24.96,24.85,24.69,24.76,24.76,24.7,24.86,24.84,24.63,24.81,24.8,24.9,24.75,24.75,24.92,24.96,25.02,24.9,24.93,24.82,24.61,24.7,24.8,24.67,24.7,24.85,24.91,24.83,24.76,24.81,24.83,24.84,24.83,24.97,24.99,24.91,24.68,24.72,24.77,24.85,24.8,24.75,24.83,24.88,24.86,24.86,24.83,24.98,24.89,24.94,25.02,24.95,24.78,24.61,24.84,24.91,24.8,24.85,24.82,24.89,24.81,24.86,24.89,24.92,24.89,25.02,25.05,24.68,24.63,24.66,24.84,24.76,24.85,24.83,24.84,24.83,24.89,24.75,24.89,24.98,24.92,24.91,25.01,24.94,24.81,24.78,24.79,24.95,24.83,24.83,24.77,24.86,24.9,24.82,24.88,24.81,24.81,25.05,25.08,24.88,24.85,24.7,24.77,24.8,24.94,24.8,24.84,24.83,24.92,24.75,24.83,24.78,24.86,25.0,24.95,24.89,24.78,24.83,24.71,24.81,24.91,24.82,24.85,24.91,24.81,24.89,24.89,24.81,24.84,24.83,24.82,24.78,24.77,24.68,24.84,24.88,24.85,24.8,24.88,24.93,24.92,24.91,24.86,24.78,24.75,24.79,24.75,24.85,24.88,24.65,24.66,24.78,24.92,24.94,24.92,24.85,24.85,24.78,24.82,24.88,24.73,24.87,24.83,24.91,24.72,24.59,24.89,24.84,24.98,24.77,24.83,24.85,24.78,24.97,24.84,24.71,24.78,24.95,24.86,24.71,24.57,24.53,24.86,24.87,24.97,24.67,24.78,24.86,25.01,25.03,24.88,24.75,24.78,24.83,24.78,24.83,24.72,24.56
4.62,26.34,24.76,24.52,24.7,24.56,24.69,24.69,24.66,24.66,24.64,24.64,24.79,24.78,24.59,24.59,24.86,24.72,24.59,24.57,24.56,24.64,24.68,24.82,24.68,24.75,24.71,24.81,24.62,24.9,24.81,24.55,24.66,24.72,24.65,24.65,24.59,24.69,24.63,24.6,24.77,24.77,24.67,24.87,24.84,24.76,24.69,24.7,24.67,24.74,24.75,24.68,24.73,24.67,24.8,24.85,24.7,24.73,24.88,24.94,24.95,24.85,24.69,24.76,24.74,24.7,24.84,24.86,24.66,24.8,24.77,24.88,24.77,24.77,24.94,24.95,25.02,24.9,24.93,24.8,24.61,24.7,24.8,24.69,24.72,24.85,24.91,24.83,24.77,24.81,24.83,24.83,24.84,24.97,24.99,24.91,24.68,24.72,24.77,24.85,24.79,24.75,24.83,24.88,24.86,24.86,24.83,24.96,24.89,24.94,25.0,24.95,24.76,24.61,24.86,24.91,24.8,24.85,24.84,24.88,24.81,24.86,24.89,24.9,24.89,25.02,25.05,24.69,24.64,24.68,24.86,24.76,24.85,24.84,24.84,24.82,24.89,24.75,24.89,24.96,24.92,24.91,25.0,24.94,24.8,24.78,24.79,24.94,24.83,24.83,24.75,24.88,24.9,24.82,24.88,24.82,24.82,25.05,25.08,24.88,24.85,24.7,24.77,24.8,24.94,24.8,24.86,24.85,24.92,24.75,24.83,24.78,24.86,25.0,24.95,24.88,24.76,24.83,24.73,24.83,24.91,24.8,24.83,24.92,24.81,24.88,24.89,24.81,24.86,24.86,24.82,24.78,24.73,24.68,24.86,24.88,24.85,24.77,24.86,24.93,24.94,24.91,24.86,24.76,24.75,24.79,24.75,24.85,24.86,24.67,24.69,24.78,24.9,24.94,24.91,24.85,24.85,24.79,24.8,24.88,24.75,24.87,24.85,24.91,24.71,24.62,24.92,24.87,24.97,24.77,24.83,24.85,24.78,24.97,24.84,24.7,24.78,24.95,24.86,24.69,24.57,24.53,24.86,24.87,24.97,24.67,24.78,24.88,25.03,25.01,24.86,24.73,24.8,24.85,24.78,24.8,24.72,24.6
4.77,26.34,24.83,24.52,24.7,24.56,24.69,24.72,24.69,24.66,24.6,24.64,24.79,24.78,24.59,24.59,24.79,24.8,24.66,24.57,24.52,24.6,24.71,24.78,24.68,24.75,24.71,24.81,24.65,24.86,24.77,24.55,24.72,24.72,24.65,24.61,24.59,24.69,24.63,24.6,24.73,24.73,24.7,24.89,24.84,24.73,24.69,24.74,24.67,24.69,24.75,24.68,24.77,24.71,24.77,24.85,24.7,24.75,24.91,24.94,24.92,24.82,24.72,24.76,24.74,24.7,24.84,24.86,24.73,24.8,24.73,24.85,24.77,24.8,24.94,24.95,25.02,24.9,24.9,24.76,24.65,24.74,24.84,24.69,24.75,24.85,24.91,24.83,24.77,24.81,24.83,24.83,24.84,24.97,24.99,24.91,24.72,24.76,24.77,24.85,24.76,24.75,24.83,24.88,24.86,24.83,24.83,24.93,24.92,24.94,24.97,24.89,24.73,24.61,24.89,24.88,24.8,24.85,24.84,24.88,24.78,24.83,24.86,24.9,24.92,25.02,25.02,24.72,24.68,24.71,24.89,24.76,24.85,24.88,24.84,24.82,24.92,24.75,24.86,24.96,24.95,24.91,25.0,24.94,24.73,24.82,24.82,24.94,24.8,24.79,24.75,24.88,24.9,24.82,24.85,24.85,24.85,25.05,25.08,24.88,24.82,24.73,24.81,24.83,24.91,24.77,24.86,24.88,24.95,24.75,24.86,24.78,24.86,25.0,24.95,24.88,24.73,24.83,24.77,24.86,24.88,24.78,24.79,24.92,24.81,24.85,24.86,24.78,24.89,24.92,24.82,24.78,24.69,24.68,24.9,24.92,24.82,24.75,24.83,24.93,24.94,24.91,24.86,24.76,24.78,24.82,24.75,24.82,24.86,24.71,24.74,24.78,24.86,24.9,24.91,24.85,24.85,24.79,24.78,24.88,24.81,24.87,24.85,24.88,24.67,24.66,24.98,24.91,24.93,24.77,24.86,24.85,24.78,24.94,24.81,24.7,24.82,24.92,24.86,24.65,24.61,24.53,24.86,24.87,24.97,24.67,24.78,24.88,25.03,24.98,24.82,24.69,24.84,24.85,24.78,24.76,24.72,24.66
4.84,26.34,24.83,24.52,24.67,24.56,24.69,24.74,24.69,24.66,24.58,24.64,24.79,24.78,24.59,24.56,24.79,24.8,24.66,24.57,24.52,24.58,24.71,24.78,24.68,24.73,24.71,24.81,24.67,24.84,24.75,24.55,24.74,24.72,24.67,24.58,24.59,24.69,24.63,24.6,24.72,24.73,24.72,24.91,24.84,24.73,24.69,24.74,24.67,24.69,24.75,24.68,24.77,24.72,24.77,24.83,24.7,24.75,24.92,24.94,24.92,24.81,24.74,24.76,24.74,24.7,24.84,24.82,24.73,24.81,24.73,24.83,24.75,24.81,24.94,24.96,25.0,24.89,24.89,24.78,24.67,24.77,24.84,24.69,24.76,24.87,24.91,24.81,24.76,24.81,24.85,24.84,24.83,24.97,24.99,24.91,24.75,24.76,24.76,24.85,24.76,24.77,24.83,24.86,24.86,24.82,24.85,24.93,24.93,24.94,24.95,24.87,24.73,24.63,24.91,24.86,24.8,24.86,24.82,24.88,24.76,24.8,24.86,24.92,24.93,25.0,25.01,24.72,24.71,24.73,24.89,24.74,24.85,24.89,24.84,24.83,24.92,24.75,24.86,24.98,24.96,24.91,25.0,24.94,24.72,24.86,24.84,24.94,24.79,24.78,24.75,24.88,24.92,24.82,24.83,24.85,24.85,25.05,25.08,24.88,24.78,24.75,24.82,24.85,24.89,24.75,24.84,24.89,24.96,24.76,24.86,24.78,24.86,25.0,24.95,24.88,24.73,24.83,24.79,24.88,24.86,24.78,24.78,24.92,24.83,24.85,24.86,24.77,24.89,24.93,24.82,24.78,24.69,24.68,24.9,24.94,24.8,24.75,24.82,24.92,24.94,24.91,24.85,24.76,24.8,24.83,24.76,24.8,24.88,24.71,24.74,24.78,24.86,24.88,24.91,24.85,24.85,24.79,24.78,24.88,24.82,24.87,24.85,24.88,24.67,24.66,24.95,24.91,24.93,24.77,24.86,24.85,24.78,24.94,24.79,24.7,24.83,24.91,24.88,24.65,24.63,24.5,24.86,24.9,24.97,24.67,24.76,24.88,25.01,24.96,24.82,24.68,24.84,24.85,24.78,24.76,24.72,24.66
4.98,26.34,24.8,24.52,24.61,24.58,24.69,24.78,24.69,24.66,24.56,24.64,24.79,24.78,24.59,24.53,24.82,24.76,24.66,24.54,24.52,24.56,24.71,24.77,24.68,24.71,24.71,24.81,24.69,24.82,24.73,24.55,24.77,24.69,24.72,24.54,24.59,24.69,24.63,24.59,24.7,24.75,24.73,24.92,24.84,24.73,24.69,24.74,24.67,24.69,24.75,24.68,24.75,24.76,24.77,24.82,24.68,24.75,24.94,24.94,24.92,24.8,24.76,24.76,24.72,24.72,24.86,24.77,24.71,24.83,24.73,24.81,24.73,24.84,24.94,24.97,24.97,24.87,24.88,24.8,24.69,24.79,24.84,24.69,24.77,24.89,24.9,24.8,24.74,24.81,24.86,24.88,24.81,24.98,24.99,24.91,24.8,24.76,24.74,24.85,24.76,24.78,24.83,24.85,24.86,24.81,24.86,24.93,24.96,24.94,24.94,24.84,24.73,24.69,24.95,24.84,24.79,24.88,24.81,24.88,24.75,24.76,24.86,24.93,24.96,24.97,25.0,24.71,24.76,24.77,24.89,24.71,24.85,24.92,24.84,24.86,24.92,24.75,24.86,24.99,24.98,24.92,25.0,24.94,24.71,24.89,24.88,24.94,24.78,24.74,24.75,24.89,24.93,24.82,24.82,24.85,24.85,25.05,25.08,24.88,24.73,24.75,24.86,24.88,24.88,24.73,24.81,24.9,24.98,24.79,24.86,24.76,24.84,25.0,24.95,24.88,24.73,24.81,24.82,24.91,24.84,24.78,24.74,24.92,24.86,24.86,24.86,24.75,24.88,24.95,24.82,24.78,24.69,24.66,24.9,24.96,24.78,24.75,24.79,24.89,24.94,24.92,24.81,24.74,24.81,24.86,24.81,24.78,24.9,24.69,24.74,24.78,24.88,24.87,24.91,24.85,24.86,24.8,24.78,24.88,24.84,24.89,24.85,24.89,24.67,24.66,24.88,24.91,24.93,24.75,24.86,24.85,24.78,24.95,24.78,24.7,24.85,24.89,24.9,24.65,24.66,24.44,24.86,24.96,24.97,24.67,24.72,24.9,24.98,24.92,24.82,24.66,24.84,24.85,24.78,24.78,24.75,24.66
5.07,26.34,24.76,24.52,24.58,24.6,24.69,24.8,24.69,24.66,24.56,24.64,24.79,24.78,24.59,24.53,24.86,24.72,24.66,24.51,24.52,24.56,24.71,24.75,24.68,24.71,24.71,24.81,24.69,24.82,24.73,24.55,24.77,24.66,24.75,24.52,24.59,24.69,24.63,24.57,24.7,24.77,24.73,24.92,24.84,24.73,24.69,24.74,24.67,24.69,24.75,24.68,24.73,24.78,24.77,24.82,24.66,24.75,24.94,24.94,24.92,24.8,24.76,24.76,24.7,24.75,24.88,24.75,24.7,24.83,24.73,24.81,24.73,24.86,24.94,24.95,24.96,24.87,24.88,24.8,24.69,24.79,24.84,24.69,24.77,24.89,24.88,24.8,24.74,24.81,24.86,24.89,24.81,25.0,24.99,24.91,24.81,24.76,24.74,24.85,24.76,24.78,24.83,24.85,24.86,24.81,24.86,24.93,24.98,24.94,24.94,24.82,24.73,24.72,24.96,24.84,24.78,24.88,24.81,24.88,24.75,24.74,24.86,24.93,24.98,24.95,25.0,24.69,24.78,24.79,24.89,24.69,24.85,24.94,24.84,24.88,24.92,24.75,24.86,24.99,24.98,24.94,25.0,24.94,24.71,24.89,24.89,24.94,24.78,24.72,24.75,24.9,24.93,24.82,24.82,24.85,24.85,25.05,25.08,24.88,24.71,24.73,24.88,24.9,24.88,24.71,24.8,24.9,24.98,24.81,24.86,24.75,24.82,25.0,24.95,24.88,24.73,24.79,24.84,24.92,24.84,24.78,24.72,24.92,24.88,24.88,24.86,24.75,24.86,24.95,24.82,24.78,24.69,24.64,24.9,24.96,24.78,24.75,24.78,24.87,24.94,24.94,24.79,24.72,24.81,24.88,24.84,24.78,24.9,24.67,24.74,24.78,24.9,24.87,24.91,24.85,24.88,24.82,24.78,24.88,24.84,24.91,24.85,24.91,24.67,24.66,24.85,24.91,24.93,24.73,24.86,24.85,24.78,24.97,24.78,24.7,24.85,24.89,24.9,24.65,24.66,24.42,24.86,24.99,24.97,24.67,24.71,24.92,24.96,24.9,24.82,24.66,24.84,24.85,24.78,24.8,24.78,24.66
5.19,26.34,24.76,24.59,24.52,24.6,24.65,24.84,24.69,24.66,24.56,24.6,24.79,24.78,24.59,24.47,24.79,24.8,24.72,24.51,24.48,24.56,24.71,24.75,24.68,24.71,24.71,24.78,24.69,24.82,24.73,24.55,24.77,24.66,24.75,24.48,24.59,24.69,24.63,24.57,24.7,24.73,24.73,24.92,24.84,24.7,24.65,24.7,24.67,24.74,24.75,24.63,24.66,24.74,24.77,24.79,24.66,24.73,24.94,24.94,24.92,24.8,24.72,24.69,24.7,24.75,24.84,24.71,24.7,24.83,24.73,24.81,24.73,24.83,24.94,24.95,24.96,24.87,24.88,24.76,24.72,24.83,24.84,24.65,24.77,24.89,24.88,24.8,24.71,24.78,24.83,24.92,24.81,24.97,24.97,24.88,24.84,24.8,24.74,24.85,24.76,24.81,24.83,24.85,24.83,24.78,24.86,24.96,24.98,24.97,24.94,24.78,24.73,24.77,24.96,24.84,24.78,24.91,24.81,24.88,24.75,24.72,24.86,24.96,24.95,24.95,25.0,24.69,24.82,24.82,24.89,24.69,24.85,24.94,24.81,24.88,24.89,24.78,24.86,25.02,24.98,24.94,25.0,24.91,24.71,24.86,24.89,24.94,24.78,24.72,24.72,24.9,24.93,24.82,24.85,24.85,24.88,25.02,25.08,24.88,24.71,24.69,24.88,24.9,24.88,24.71,24.8,24.9,24.98,24.81,24.89,24.75,24.79,24.97,24.98,24.9,24.73,24.76,24.81,24.92,24.84,24.78,24.72,24.89,24.84,24.9,24.83,24.75,24.83,24.92,24.82,24.78,24.72,24.64,24.9,24.96,24.78,24.78,24.78,24.87,24.91,24.97,24.83,24.72,24.81,24.88,24.81,24.78,24.86,24.67,24.69,24.78,24.94,24.9,24.88,24.82,24.85,24.82,24.78,24.88,24.84,24.88,24.85,24.91,24.71,24.66,24.8,24.87,24.93,24.77,24.86,24.82,24.78,24.97,24.84,24.7,24.82,24.86,24.9,24.69,24.7,24.42,24.79,24.99,24.97,24.72,24.71,24.92,24.92,24.82,24.86,24.69,24.84,24.81,24.74,24.8,24.78,24.73
5.3,26.34,24.76,24.66,24.46,24.6,24.61,24.88,24.69,24.66,24.56,24.56,24.79,24.78,24.59,24.41,24.72,24.87,24.78,24.51,24.43,24.56,24.71,24.75,24.68,24.71,24.71,24.75,24.69,24.82,24.73,24.55,24.77,24.66,24.75,24.43,24.59,24.69,24.63,24.57,24.7,24.7,24.73,24.92,24.84,24.66,24.62,24.65,24.67,24.8,24.75,24.59,24.59,24.71,24.77,24.76,24.66,24.7,24.94,24.94,24.92,24.8,24.69,24.62,24.7,24.75,24.8,24.68,24.7,24.83,24.73,24.81,24.73,24.8,24.94,24.95,24.96,24.87,24.88,24.73,24.76,24.88,24.84,24.61,24.77,24.89,24.88,24.8,24.68,24.75,24.81,24.95,24.81,24.93,24.94,24.84,24.88,24.84,24.74,24.85,24.76,24.84,24.83,24.85,24.81,24.75,24.86,24.99,24.98,25.0,24.94,24.75,24.73,24.81,24.96,24.84,24.78,24.95,24.81,24.88,24.75,24.69,24.86,24.99,24.92,24.95,25.0,24.69,24.85,24.86,24.89,24.69,24.85,24.94,24.77,24.88,24.86,24.81,24.86,25.05,24.98,24.94,25.0,24.88,24.71,24.82,24.89,24.94,24.78,24.72,24.69,24.9,24.93,24.82,24.88,24.85,24.9,24.99,25.08,24.88,24.71,24.66,24.88,24.9,24.88,24.71,24.8,24.9,24.98,24.81,24.92,24.75,24.76,24.94,25.01,24.93,24.73,24.72,24.77,24.92,24.84,24.78,24.72,24.86,24.81,24.93,24.81,24.75,24.8,24.88,24.82,24.78,24.75,24.64,24.9,24.96,24.78,24.81,24.78,24.87,24.88,25.0,24.86,24.72,24.81,24.88,24.78,24.78,24.82,24.67,24.64,24.78,24.98,24.94,24.84,24.8,24.82,24.82,24.78,24.88,24.84,24.84,24.85,24.91,24.74,24.66,24.74,24.82,24.93,24.81,24.86,24.78,24.78,24.97,24.91,24.7,24.78,24.83,24.9,24.72,24.75,24.42,24.73,24.99,24.97,24.76,24.71,24.92,24.88,24.74,24.9,24.73,24.84,24.76,24.71,24.8,24.78,24.79
5.43,26.34,24.7,24.66,24.52,24.6,24.61,24.84,24.73,24.66,24.6,24.56,24.74,24.78,24.59,24.41,24.72,24.8,24.78,24.57,24.48,24.56,24.71,24.75,24.68,24.71,24.71,24.72,24.69,24.82,24.73,24.55,24.77,24.72,24.75,24.48,24.59,24.69,24.66,24.6,24.7,24.67,24.77,24.89,24.84,24.66,24.62,24.65,24.72,24.74,24.75,24.59,24.59,24.71,24.77,24.76,24.66,24.7,24.94,24.94,24.86,24.8,24.72,24.62,24.7,24.75,24.8,24.68,24.7,24.83,24.7,24.78,24.73,24.8,24.94,24.95,24.9,24.87,24.88,24.76,24.76,24.83,24.8,24.65,24.8,24.85,24.88,24.77,24.68,24.75,24.81,24.92,24.78,24.93,24.97,24.84,24.88,24.8,24.74,24.85,24.79,24.84,24.8,24.85,24.81,24.75,24.86,24.96,24.95,24.98,24.94,24.78,24.73,24.81,24.93,24.84,24.78,24.91,24.81,24.85,24.75,24.69,24.89,24.99,24.92,24.92,25.02,24.72,24.85,24.86,24.86,24.72,24.89,24.94,24.77,24.85,24.83,24.81,24.89,25.05,24.95,24.91,25.0,24.88,24.74,24.82,24.86,24.9,24.78,24.76,24.72,24.9,24.9,24.79,24.85,24.88,24.9,24.99,25.05,24.88,24.71,24.66,24.88,24.9,24.88,24.74,24.85,24.9,24.95,24.81,24.89,24.78,24.79,24.91,24.98,24.93,24.73,24.72,24.81,24.92,24.88,24.78,24.76,24.89,24.84,24.9,24.81,24.78,24.83,24.92,24.82,24.78,24.75,24.68,24.9,24.92,24.78,24.81,24.78,24.9,24.88,24.97,24.86,24.76,24.84,24.88,24.81,24.78,24.82,24.67,24.69,24.82,24.94,24.94,24.84,24.83,24.79,24.79,24.78,24.88,24.87,24.81,24.85,24.88,24.74,24.66,24.74,24.87,24.88,24.84,24.86,24.78,24.78,24.97,24.91,24.76,24.78,24.8,24.86,24.72,24.75,24.47,24.66,24.99,24.97,24.8,24.74,24.88,24.84,24.74,24.86,24.77,24.84,24.76,24.67,24.76,24.78,24.86
5.49,26.34,24.66,24.66,24.55,24.6,24.61,24.82,24.75,24.66,24.62,24.56,24.72,24.78,24.59,24.41,24.72,24.76,24.78,24.59,24.5,24.56,24.71,24.75,24.68,24.71,24.71,24.7,24.69,24.82,24.73,24.55,24.77,24.75,24.75,24.5,24.59,24.69,24.68,24.62,24.7,24.66,24.78,24.88,24.84,24.66,24.62,24.65,24.74,24.72,24.75,24.59,24.59,24.71,24.77,24.76,24.66,24.7,24.94,24.94,24.82,24.8,24.74,24.62,24.7,24.75,24.8,24.68,24.7,24.83,24.69,24.76,24.73,24.8,24.94,24.95,24.87,24.87,24.88,24.78,24.76,24.81,24.78,24.67,24.82,24.83,24.88,24.75,24.68,24.75,24.81,24.91,24.77,24.93,24.98,24.84,24.88,24.78,24.74,24.85,24.8,24.84,24.78,24.85,24.81,24.75,24.86,24.95,24.93,24.96,24.94,24.8,24.73,24.81,24.91,24.84,24.78,24.9,24.81,24.83,24.75,24.69,24.9,24.99,24.92,24.9,25.04,24.73,24.85,24.86,24.84,24.74,24.9,24.94,24.77,24.83,24.82,24.81,24.9,25.05,24.93,24.89,25.0,24.88,24.76,24.82,24.84,24.88,24.78,24.78,24.73,24.9,24.89,24.78,24.83,24.89,24.9,24.99,25.03,24.88,24.71,24.66,24.88,24.9,24.88,24.75,24.88,24.9,24.93,24.81,24.88,24.79,24.81,24.89,24.97,24.93,24.73,24.72,24.82,24.92,24.89,24.78,24.78,24.91,24.86,24.89,24.81,24.8,24.84,24.93,24.82,24.78,24.75,24.69,24.9,24.9,24.78,24.81,24.78,24.92,24.88,24.95,24.86,24.78,24.85,24.88,24.82,24.78,24.82,24.67,24.71,24.84,24.92,24.94,24.84,24.84,24.78,24.78,24.78,24.88,24.89,24.79,24.85,24.86,24.74,24.66,24.74,24.89,24.86,24.86,24.86,24.78,24.78,24.97,24.91,24.8,24.78,24.78,24.84,24.72,24.75,24.5,24.63,24.99,24.97,24.82,24.76,24.86,24.82,24.74,24.84,24.79,24.84,24.76,24.65,24.73,24.78,24.89
5.62,26.34,24.6,24.66,24.58,24.58,24.58,24.8,24.79,24.64,24.64,24.58,24.7,24.78,24.59,24.41,24.72,24.72,24.78,24.65,24.52,24.56,24.73,24.75,24.66,24.7,24.7,24.68,24.69,24.81,24.71,24.58,24.77,24.79,24.72,24.52,24.59,24.69,24.71,24.65,24.69,24.62,24.81,24.84,24.84,24.64,24.62,24.68,24.78,24.69,24.75,24.59,24.59,24.72,24.75,24.75,24.66,24.7,24.95,24.94,24.78,24.81,24.78,24.64,24.7,24.75,24.8,24.68,24.7,24.83,24.66,24.72,24.73,24.8,24.94,24.95,24.81,24.85,24.88,24.82,24.77,24.77,24.74,24.71,24.84,24.82,24.86,24.74,24.68,24.75,24.81,24.88,24.73,24.93,24.99,24.84,24.88,24.74,24.76,24.87,24.83,24.82,24.75,24.85,24.81,24.75,24.86,24.92,24.92,24.94,24.94,24.83,24.73,24.82,24.89,24.84,24.78,24.86,24.81,24.82,24.76,24.69,24.93,24.98,24.92,24.88,25.05,24.75,24.85,24.86,24.82,24.78,24.94,24.92,24.76,24.82,24.81,24.82,24.92,25.05,24.92,24.88,25.0,24.88,24.79,24.82,24.82,24.87,24.78,24.81,24.75,24.9,24.86,24.76,24.82,24.9,24.9,24.99,25.0,24.89,24.71,24.66,24.88,24.9,24.88,24.77,24.92,24.92,24.92,24.81,24.85,24.81,24.84,24.88,24.94,24.93,24.73,24.74,24.84,24.94,24.91,24.76,24.79,24.94,24.89,24.88,24.82,24.81,24.86,24.97,24.82,24.78,24.73,24.71,24.92,24.88,24.78,24.79,24.76,24.94,24.88,24.94,24.85,24.81,24.88,24.88,24.85,24.78,24.81,24.67,24.76,24.88,24.9,24.92,24.84,24.88,24.76,24.76,24.76,24.88,24.93,24.78,24.87,24.82,24.74,24.66,24.74,24.94,24.82,24.88,24.86,24.8,24.78,24.97,24.91,24.85,24.78,24.77,24.81,24.72,24.75,24.53,24.6,25.02,24.97,24.87,24.8,24.84,24.81,24.74,24.82,24.81,24.84,24.76,24.63,24.69,24.75,24.92
5.72,26.34,24.6,24.66,24.52,24.58,24.58,24.8,24.79,24.64,24.64,24.62,24.74,24.78,24.59,24.47,24.72,24.8,24.78,24.65,24.52,24.56,24.77,24.72,24.63,24.66,24.7,24.68,24.69,24.77,24.68,24.62,24.82,24.79,24.67,24.48,24.59,24.69,24.75,24.65,24.66,24.62,24.84,24.84,24.84,24.61,24.62,24.72,24.78,24.69,24.75,24.59,24.59,24.79,24.75,24.72,24.63,24.7,24.98,24.94,24.78,24.81,24.78,24.68,24.74,24.75,24.8,24.68,24.73,24.83,24.63,24.69,24.73,24.8,24.97,24.95,24.78,24.82,24.88,24.88,24.81,24.72,24.7,24.71,24.84,24.82,24.83,24.71,24.68,24.75,24.81,24.84,24.73,24.93,24.99,24.84,24.88,24.74,24.79,24.87,24.83,24.82,24.72,24.82,24.78,24.75,24.86,24.89,24.92,24.97,24.94,24.83,24.73,24.82,24.89,24.84,24.78,24.83,24.77,24.82,24.79,24.69,24.96,24.95,24.95,24.85,25.05,24.75,24.88,24.86,24.82,24.78,24.94,24.92,24.76,24.85,24.83,24.85,24.92,25.05,24.92,24.88,25.0,24.88,24.79,24.79,24.86,24.87,24.78,24.85,24.75,24.88,24.83,24.79,24.85,24.9,24.88,24.96,24.97,24.93,24.71,24.66,24.92,24.9,24.88,24.77,24.96,24.92,24.92,24.81,24.85,24.81,24.84,24.88,24.94,24.93,24.73,24.74,24.81,24.94,24.91,24.76,24.79,24.94,24.89,24.9,24.85,24.81,24.83,24.97,24.82,24.81,24.69,24.71,24.97,24.88,24.78,24.79,24.73,24.91,24.88,24.94,24.85,24.85,24.91,24.88,24.85,24.78,24.81,24.71,24.81,24.88,24.9,24.92,24.84,24.88,24.76,24.76,24.76,24.88,24.96,24.78,24.87,24.82,24.78,24.66,24.74,24.94,24.82,24.84,24.86,24.83,24.78,24.94,24.91,24.85,24.78,24.8,24.81,24.69,24.75,24.53,24.66,25.02,24.97,24.87,24.8,24.88,24.81,24.74,24.86,24.81,24.88,24.81,24.63,24.69,24.7,24.92
5.85,26.34,24.63,24.66,24.46,24.58,24.61,24.78,24.77,24.64,24.64,24.66,24.77,24.78,24.59,24.5,24.76,24.83,24.75,24.62,24.54,24.56,24.79,24.67,24.61,24.66,24.71,24.68,24.69,24.73,24.66,24.66,24.88,24.79,24.62,24.45,24.59,24.69,24.78,24.64,24.64,24.64,24.88,24.83,24.84,24.59,24.64,24.76,24.78,24.69,24.75,24.61,24.59,24.84,24.75,24.69,24.61,24.71,25.0,24.92,24.78,24.81,24.79,24.69,24.76,24.75,24.78,24.69,24.76,24.83,24.62,24.67,24.75,24.81,25.0,24.95,24.75,24.78,24.89,24.94,24.84,24.68,24.65,24.71,24.84,24.82,24.79,24.69,24.68,24.75,24.82,24.81,24.73,24.91,24.99,24.84,24.88,24.74,24.81,24.85,24.83,24.84,24.69,24.79,24.76,24.76,24.88,24.86,24.9,25.0,24.95,24.83,24.73,24.81,24.88,24.84,24.78,24.81,24.74,24.81,24.82,24.69,24.98,24.92,24.96,24.82,25.05,24.76,24.92,24.86,24.82,24.79,24.92,24.92,24.76,24.86,24.86,24.88,24.92,25.03,24.92,24.89,25.0,24.88,24.79,24.76,24.89,24.87,24.78,24.88,24.75,24.86,24.82,24.81,24.86,24.9,24.86,24.94,24.95,24.94,24.71,24.66,24.96,24.92,24.88,24.77,24.97,24.92,24.92,24.81,24.85,24.81,24.84,24.88,24.94,24.93,24.73,24.72,24.79,24.94,24.91,24.76,24.79,24.92,24.89,24.92,24.86,24.81,24.81,24.97,24.82,24.84,24.67,24.73,25.01,24.88,24.78,24.79,24.72,24.88,24.88,24.94,24.85,24.88,24.94,24.88,24.85,24.78,24.81,24.76,24.84,24.88,24.88,24.92,24.84,24.88,24.76,24.76,24.78,24.88,24.97,24.78,24.85,24.82,24.82,24.69,24.74,24.91,24.8,24.82,24.88,24.85,24.78,24.91,24.91,24.85,24.8,24.81,24.81,24.67,24.77,24.56,24.69,24.96,24.95,24.89,24.8,24.92,24.81,24.72,24.9,24.82,24.92,24.83,24.63,24.69,24.67,24.96
5.91,26.34,24.63,24.66,24.43,24.56,24.61,24.76,24.75,24.64,24.64,24.68,24.74,24.78,24.59,24.47,24.79,24.8,24.69,24.62,24.56,24.56,24.77,24.67,24.61,24.68,24.71,24.68,24.69,24.73,24.68,24.66,24.88,24.79,24.62,24.48,24.59,24.69,24.78,24.64,24.66,24.66,24.88,24.82,24.84,24.61,24.66,24.76,24.78,24.72,24.75,24.63,24.59,24.84,24.75,24.68,24.63,24.71,25.0,24.9,24.79,24.81,24.8,24.69,24.76,24.75,24.76,24.69,24.75,24.84,24.65,24.69,24.75,24.81,25.0,24.97,24.74,24.77,24.9,24.95,24.86,24.66,24.63,24.71,24.84,24.83,24.79,24.69,24.67,24.75,24.83,24.81,24.72,24.9,24.99,24.84,24.88,24.72,24.79,24.85,24.85,24.85,24.69,24.78,24.78,24.78,24.89,24.86,24.89,25.0,24.97,24.84,24.75,24.81,24.86,24.84,24.79,24.83,24.72,24.81,24.83,24.69,24.98,24.92,24.95,24.82,25.05,24.76,24.92,24.84,24.82,24.81,24.9,24.91,24.76,24.86,24.86,24.89,24.92,25.03,24.92,24.91,25.0,24.88,24.81,24.76,24.89,24.88,24.79,24.9,24.75,24.86,24.83,24.81,24.86,24.89,24.86,24.94,24.97,24.94,24.71,24.66,24.96,24.92,24.88,24.77,24.96,24.92,24.92,24.81,24.83,24.81,24.86,24.88,24.94,24.93,24.75,24.72,24.79,24.94,24.91,24.76,24.79,24.91,24.91,24.92,24.86,24.81,24.81,24.96,24.82,24.84,24.69,24.75,25.01,24.88,24.78,24.79,24.73,24.88,24.88,24.94,24.83,24.9,24.94,24.88,24.85,24.78,24.81,24.76,24.81,24.88,24.88,24.92,24.84,24.88,24.76,24.76,24.79,24.88,24.96,24.78,24.85,24.82,24.84,24.69,24.71,24.89,24.8,24.84,24.88,24.85,24.78,24.91,24.91,24.85,24.82,24.81,24.81,24.69,24.8,24.56,24.69,24.93,24.92,24.91,24.8,24.92,24.81,24.72,24.92,24.84,24.92,24.81,24.63,24.69,24.67,24.96
6.08,26.34,24.63,24.66,24.37,24.51,24.61,24.72,24.71,24.64,24.64,24.71,24.7,24.78,24.59,24.41,24.86,24.72,24.56,24.62,24.61,24.56,24.73,24.67,24.61,24.71,24.71,24.68,24.69,24.73,24.71,24.66,24.88,24.79,24.62,24.52,24.59,24.69,24.78,24.64,24.69,24.69,24.88,24.79,24.84,24.64,24.69,24.76,24.78,24.77,24.75,24.68,24.59,24.84,24.75,24.65,24.66,24.71,25.0,24.87,24.82,24.81,24.83,24.69,24.76,24.75,24.72,24.69,24.71,24.88,24.71,24.72,24.75,24.81,25.0,25.0,24.71,24.73,24.93,24.99,24.89,24.61,24.59,24.71,24.84,24.87,24.79,24.69,24.63,24.75,24.86,24.81,24.69,24.86,24.99,24.84,24.88,24.68,24.76,24.85,24.88,24.88,24.69,24.75,24.81,24.81,24.92,24.86,24.86,25.0,25.0,24.88,24.78,24.81,24.82,24.84,24.82,24.86,24.69,24.81,24.86,24.69,24.98,24.92,24.92,24.82,25.05,24.76,24.92,24.81,24.82,24.84,24.87,24.88,24.76,24.86,24.86,24.92,24.92,25.03,24.92,24.94,25.0,24.88,24.84,24.76,24.89,24.92,24.82,24.93,24.75,24.86,24.86,24.81,24.86,24.86,24.86,24.94,25.0,24.94,24.71,24.66,24.96,24.92,24.88,24.77,24.92,24.92,24.92,24.81,24.81,24.81,24.89,24.88,24.94,24.93,24.78,24.72,24.79,24.94,24.91,24.76,24.79,24.88,24.94,24.92,24.86,24.81,24.81,24.93,24.82,24.84,24.73,24.79,25.01,24.88,24.78,24.79,24.76,24.88,24.88,24.94,24.79,24.93,24.94,24.88,24.85,24.78,24.81,24.76,24.76,24.88,24.88,24.92,24.84,24.88,24.76,24.76,24.82,24.88,24.93,24.78,24.85,24.82,24.88,24.69,24.66,24.84,24.8,24.88,24.88,24.85,24.78,24.91,24.91,24.85,24.85,24.81,24.81,24.72,24.84,24.56,24.69,24.87,24.88,24.96,24.8,24.92,24.81,24.72,24.96,24.88,24.92,24.76,24.63,24.69,24.67,24.96
6.18,26.34,24.66,24.69,24.37,24.51,24.58,24.71,24.73,24.64,24.64,24.71,24.68,24.78,24.59,24.44,24.82,24.72,24.56,24.65,24.58,24.56,24.73,24.67,24.61,24.73,24.71,24.68,24.69,24.73,24.73,24.64,24.88,24.79,24.62,24.54,24.59,24.69,24.78,24.65,24.69,24.67,24.88,24.79,24.84,24.64,24.69,24.78,24.78,24.77,24.75,24.68,24.61,24.84,24.73,24.65,24.66,24.73,25.0,24.87,24.82,24.81,24.83,24.71,24.78,24.75,24.71,24.71,24.73,24.88,24.71,24.72,24.75,24.81,25.0,24.98,24.73,24.75,24.95,24.97,24.89,24.61,24.59,24.71,24.84,24.87,24.81,24.69,24.63,24.76,24.86,24.8,24.69,24.86,24.99,24.84,24.88,24.68,24.76,24.85,24.88,24.88,24.69,24.75,24.81,24.82,24.92,24.85,24.85,24.98,25.0,24.88,24.78,24.79,24.81,24.84,24.83,24.86,24.69,24.81,24.85,24.7,24.98,24.92,24.92,24.82,25.05,24.79,24.9,24.79,24.82,24.85,24.87,24.88,24.77,24.85,24.86,24.92,24.92,25.05,24.92,24.92,25.0,24.88,24.84,24.74,24.88,24.92,24.83,24.95,24.77,24.85,24.85,24.81,24.86,24.86,24.86,24.92,25.0,24.94,24.73,24.66,24.94,24.92,24.88,24.78,24.92,24.9,24.9,24.79,24.82,24.82,24.89,24.86,24.94,24.95,24.78,24.72,24.77,24.92,24.91,24.76,24.81,24.86,24.92,24.92,24.86,24.84,24.83,24.91,24.82,24.84,24.75,24.79,25.01,24.86,24.78,24.79,24.78,24.9,24.87,24.94,24.81,24.95,24.94,24.88,24.82,24.78,24.81,24.78,24.79,24.86,24.86,24.92,24.84,24.88,24.76,24.76,24.82,24.88,24.93,24.78,24.85,24.81,24.88,24.69,24.69,24.84,24.8,24.9,24.88,24.85,24.78,24.89,24.91,24.85,24.85,24.81,24.81,24.71,24.84,24.58,24.69,24.81,24.88,24.96,24.84,24.9,24.82,24.72,24.96,24.9,24.92,24.74,24.61,24.66,24.67,24.96
6.3,26.34,24.73,24.75,24.37,24.51,24.54,24.67,24.77,24.64,24.64,24.71,24.63,24.78,24.59,24.5,24.76,24.72,24.56,24.7,24.54,24.56,24.73,24.67,24.61,24.76,24.71,24.68,24.69,24.73,24.77,24.6,24.88,24.79,24.62,24.58,24.59,24.69,24.78,24.69,24.69,24.64,24.88,24.79,24.84,24.64,24.69,24.82,24.78,24.77,24.75,24.68,24.65,24.84,24.7,24.65,24.66,24.75,25.0,24.87,24.82,24.81,24.83,24.75,24.82,24.75,24.67,24.75,24.76,24.88,24.71,24.72,24.75,24.81,25.0,24.95,24.75,24.78,24.97,24.94,24.89,24.61,24.59,24.71,24.84,24.87,24.85,24.69,24.63,24.79,24.86,24.77,24.69,24.86,24.99,24.84,24.88,24.68,24.76,24.85,24.88,24.88,24.69,24.75,24.81,24.85,24.92,24.82,24.82,24.95,25.0,24.88,24.78,24.75,24.77,24.84,24.86,24.86,24.69,24.81,24.82,24.73,24.98,24.92,24.92,24.82,25.05,24.86,24.87,24.75,24.82,24.89,24.87,24.88,24.81,24.82,24.86,24.92,24.92,25.07,24.92,24.89,25.0,24.88,24.84,24.7,24.84,24.92,24.86,24.98,24.8,24.82,24.82,24.81,24.86,24.86,24.86,24.89,25.0,24.94,24.76,24.66,24.9,24.92,24.88,24.81,24.92,24.88,24.88,24.76,24.85,24.85,24.89,24.83,24.94,24.97,24.78,24.72,24.73,24.89,24.91,24.76,24.85,24.83,24.89,24.92,24.86,24.91,24.86,24.88,24.82,24.84,24.78,24.79,25.01,24.82,24.78,24.79,24.8,24.92,24.84,24.94,24.85,24.98,24.94,24.88,24.76,24.78,24.81,24.82,24.84,24.82,24.82,24.92,24.84,24.88,24.76,24.76,24.82,24.88,24.93,24.78,24.85,24.77,24.88,24.69,24.75,24.84,24.8,24.94,24.88,24.85,24.78,24.86,24.91,24.85,24.85,24.81,24.81,24.67,24.84,24.64,24.69,24.69,24.88,24.96,24.92,24.86,24.86,24.72,24.96,24.94,24.92,24.7,24.58,24.62,24.67,24.96
6.38,26.34,24.73,24.75,24.4,24.51,24.52,24.67,24.77,24.64,24.64,24.71,24.63,24.78,24.59,24.5,24.72,24.76,24.56,24.7,24.52,24.56,24.73,24.68,24.61,24.76,24.7,24.68,24.69,24.75,24.79,24.58,24.85,24.79,24.62,24.61,24.59,24.69,24.78,24.71,24.7,24.62,24.88,24.79,24.84,24.64,24.69,24.82,24.76,24.77,24.77,24.7,24.65,24.84,24.7,24.66,24.68,24.75,25.0,24.87,24.84,24.81,24.83,24.75,24.84,24.75,24.67,24.78,24.78,24.86,24.73,24.74,24.75,24.8,24.98,24.95,24.78,24.8,24.97,24.92,24.91,24.61,24.61,24.71,24.83,24.85,24.86,24.69,24.63,24.78,24.85,24.77,24.7,24.86,24.99,24.84,24.86,24.7,24.77,24.85,24.88,24.88,24.7,24.76,24.82,24.85,24.9,24.82,24.82,24.95,25.0,24.88,24.78,24.73,24.77,24.84,24.86,24.85,24.7,24.81,24.83,24.75,24.96,24.92,24.92,24.84,25.05,24.86,24.85,24.73,24.84,24.91,24.87,24.88,24.81,24.81,24.86,24.93,24.9,25.06,24.9,24.89,25.01,24.89,24.83,24.69,24.82,24.94,24.88,25.0,24.8,24.81,24.81,24.81,24.86,24.86,24.88,24.88,25.0,24.94,24.78,24.66,24.88,24.9,24.88,24.82,24.92,24.86,24.86,24.76,24.85,24.85,24.91,24.81,24.94,24.99,24.78,24.74,24.73,24.88,24.91,24.76,24.86,24.83,24.88,24.9,24.85,24.92,24.88,24.88,24.82,24.84,24.78,24.81,25.01,24.82,24.78,24.79,24.82,24.94,24.84,24.92,24.86,25.0,24.94,24.88,24.73,24.78,24.81,24.84,24.86,24.82,24.81,24.92,24.86,24.89,24.76,24.76,24.8,24.88,24.93,24.78,24.85,24.76,24.88,24.69,24.78,24.84,24.78,24.94,24.89,24.87,24.78,24.84,24.91,24.85,24.85,24.81,24.79,24.65,24.84,24.67,24.73,24.63,24.85,24.96,24.94,24.86,24.88,24.72,24.94,24.94,24.94,24.7,24.58,24.59,24.64,24.99
6.49,26.34,24.73,24.75,24.46,24.47,24.52,24.67,24.77,24.64,24.64,24.71,24.63,24.78,24.59,24.5,24.72,24.76,24.56,24.7,24.52,24.56,24.73,24.72,24.65,24.73,24.66,24.68,24.69,24.79,24.82,24.53,24.8,24.79,24.67,24.65,24.59,24.69,24.78,24.74,24.73,24.62,24.88,24.79,24.84,24.68,24.73,24.82,24.72,24.77,24.81,24.74,24.65,24.87,24.7,24.69,24.71,24.75,25.0,24.87,24.87,24.81,24.87,24.78,24.88,24.75,24.71,24.82,24.78,24.83,24.75,24.78,24.75,24.8,24.95,24.95,24.82,24.8,24.97,24.92,24.91,24.61,24.65,24.74,24.8,24.82,24.86,24.69,24.66,24.75,24.85,24.77,24.73,24.9,24.99,24.84,24.83,24.7,24.81,24.85,24.88,24.88,24.73,24.79,24.85,24.85,24.88,24.82,24.85,24.95,25.0,24.88,24.78,24.73,24.81,24.84,24.83,24.81,24.74,24.81,24.86,24.75,24.93,24.92,24.95,24.88,25.05,24.83,24.82,24.69,24.88,24.91,24.87,24.88,24.81,24.81,24.86,24.93,24.88,25.0,24.9,24.92,25.04,24.93,24.79,24.69,24.82,24.97,24.88,25.0,24.8,24.81,24.81,24.81,24.83,24.83,24.88,24.88,25.0,24.94,24.78,24.66,24.88,24.9,24.88,24.82,24.89,24.86,24.86,24.79,24.82,24.85,24.95,24.81,24.94,24.99,24.78,24.78,24.77,24.88,24.91,24.76,24.86,24.86,24.88,24.88,24.85,24.92,24.91,24.91,24.85,24.84,24.75,24.81,25.01,24.86,24.78,24.76,24.82,24.94,24.87,24.89,24.86,25.0,24.94,24.88,24.73,24.78,24.84,24.84,24.91,24.82,24.77,24.88,24.89,24.92,24.79,24.79,24.78,24.88,24.93,24.78,24.85,24.72,24.88,24.69,24.78,24.84,24.74,24.9,24.89,24.9,24.78,24.84,24.88,24.85,24.85,24.81,24.75,24.61,24.8,24.67,24.79,24.57,24.85,24.91,24.94,24.86,24.92,24.77,24.9,24.9,24.94,24.74,24.61,24.59,24.58,24.99
6.6,26.34,24.73,24.75,24.52,24.42,24.52,24.67,24.77,24.64,24.64,24.71,24.63,24.78,24.59,24.5,24.72,24.76,24.56,24.7,24.52,24.56,24.73,24.75,24.68,24.7,24.63,24.68,24.69,24.82,24.86,24.49,24.74,24.79,24.72,24.69,24.59,24.69,24.78,24.78,24.77,24.62,24.88,24.79,24.84,24.71,24.76,24.82,24.67,24.77,24.85,24.78,24.65,24.91,24.7,24.72,24.75,24.75,25.0,24.87,24.9,24.81,24.9,24.82,24.92,24.75,24.74,24.86,24.78,24.8,24.78,24.81,24.75,24.8,24.92,24.95,24.85,24.8,24.97,24.92,24.91,24.61,24.7,24.78,24.77,24.78,24.86,24.69,24.69,24.71,24.85,24.77,24.77,24.93,24.99,24.84,24.8,24.7,24.84,24.85,24.88,24.88,24.77,24.82,24.88,24.85,24.85,24.82,24.88,24.95,25.0,24.88,24.78,24.73,24.84,24.84,24.8,24.78,24.77,24.81,24.89,24.75,24.9,24.92,24.98,24.91,25.05,24.8,24.78,24.66,24.91,24.91,24.87,24.88,24.81,24.81,24.86,24.93,24.85,24.95,24.9,24.95,25.06,24.96,24.76,24.69,24.82,25.0,24.88,25.0,24.8,24.81,24.81,24.81,24.81,24.81,24.88,24.88,25.0,24.94,24.78,24.66,24.88,24.9,24.88,24.82,24.86,24.86,24.86,24.82,24.79,24.85,24.98,24.81,24.94,24.99,24.78,24.81,24.81,24.88,24.91,24.76,24.86,24.89,24.88,24.85,24.85,24.92,24.94,24.95,24.88,24.84,24.72,24.81,25.01,24.9,24.78,24.73,24.82,24.94,24.9,24.86,24.86,25.0,24.94,24.88,24.73,24.78,24.88,24.84,24.96,24.82,24.73,24.85,24.92,24.95,24.82,24.82,24.75,24.88,24.93,24.78,24.85,24.69,24.88,24.69,24.78,24.84,24.71,24.86,24.89,24.94,24.78,24.84,24.84,24.85,24.85,24.81,24.71,24.58,24.75,24.67,24.86,24.51,24.85,24.87,24.94,24.86,24.96,24.81,24.86,24.86,24.94,24.78,24.65,24.59,24.53,24.99
6.71,26.34,24.8,24.75,24.46,24.42,24.48,24.71,24.73,24.6,24.6,24.75,24.68,24.78,24.59,24.5,24.72,24.83,24.56,24.65,24.48,24.56,24.73,24.75,24.68,24.66,24.63,24.72,24.69,24.79,24.82,24.53,24.74,24.72,24.67,24.69,24.59,24.69,24.78,24.74,24.73,24.62,24.88,24.76,24.81,24.71,24.76,24.86,24.67,24.77,24.85,24.82,24.68,24.91,24.67,24.69,24.75,24.78,25.0,24.87,24.9,24.84,24.9,24.82,24.92,24.75,24.74,24.89,24.78,24.77,24.78,24.81,24.78,24.83,24.92,24.95,24.85,24.8,24.97,24.92,24.91,24.66,24.7,24.78,24.77,24.82,24.86,24.72,24.69,24.74,24.88,24.8,24.77,24.93,24.97,24.84,24.8,24.7,24.84,24.85,24.88,24.88,24.77,24.82,24.88,24.85,24.85,24.85,24.88,24.92,25.0,24.91,24.78,24.73,24.84,24.84,24.8,24.81,24.77,24.81,24.89,24.75,24.9,24.92,24.98,24.95,25.02,24.8,24.78,24.66,24.91,24.91,24.87,24.88,24.81,24.81,24.86,24.93,24.85,24.92,24.93,24.98,25.06,24.96,24.76,24.69,24.82,25.0,24.88,25.0,24.77,24.81,24.81,24.81,24.83,24.81,24.9,24.88,25.0,24.94,24.78,24.66,24.84,24.9,24.88,24.82,24.84,24.86,24.86,24.85,24.82,24.85,24.95,24.84,24.94,24.99,24.82,24.81,24.77,24.88,24.88,24.76,24.86,24.89,24.84,24.88,24.88,24.92,24.96,24.95,24.85,24.84,24.72,24.77,25.01,24.94,24.78,24.73,24.82,24.94,24.9,24.89,24.83,25.0,24.97,24.88,24.73,24.74,24.84,24.84,24.91,24.82,24.73,24.85,24.92,24.95,24.85,24.82,24.75,24.88,24.93,24.81,24.85,24.72,24.84,24.69,24.78,24.8,24.71,24.86,24.89,24.94,24.78,24.84,24.84,24.82,24.85,24.81,24.75,24.61,24.75,24.67,24.86,24.51,24.85,24.87,24.94,24.9,24.99,24.77,24.9,24.86,24.9,24.74,24.69,24.59,24.53,24.92
6.82,26.34,24.86,24.75,24.4,24.42,24.43,24.74,24.69,24.56,24.56,24.79,24.72,24.78,24.59,24.5,24.72,24.9,24.56,24.59,24.43,24.56,24.73,24.75,24.68,24.63,24.63,24.75,24.69,24.75,24.79,24.58,24.74,24.66,24.62,24.69,24.59,24.69,24.78,24.71,24.7,24.62,24.88,24.73,24.78,24.71,24.76,24.9,24.67,24.77,24.85,24.86,24.71,24.91,24.64,24.66,24.75,24.81,25.0,24.87,24.9,24.88,24.9,24.82,24.92,24.75,24.74,24.93,24.78,24.73,24.78,24.81,24.81,24.86,24.92,24.95,24.85,24.8,24.97,24.92,24.91,24.7,24.7,24.78,24.77,24.85,24.86,24.75,24.69,24.77,24.9,24.83,24.77,24.93,24.94,24.84,24.8,24.7,24.84,24.85,24.88,24.88,24.77,24.82,24.88,24.85,24.85,24.88,24.88,24.89,25.0,24.94,24.78,24.73,24.84,24.84,24.8,24.85,24.77,24.81,24.89,24.75,24.9,24.92,24.98,24.98,25.0,24.8,24.78,24.66,24.91,24.91,24.87,24.88,24.81,24.81,24.86,24.93,24.85,24.89,24.96,25.02,25.06,24.96,24.76,24.69,24.82,25.0,24.88,25.0,24.73,24.81,24.81,24.81,24.86,24.81,24.93,24.88,25.0,24.94,24.78,24.66,24.81,24.9,24.88,24.82,24.81,24.86,24.86,24.88,24.85,24.85,24.91,24.88,24.94,24.99,24.85,24.81,24.73,24.88,24.84,24.76,24.86,24.89,24.81,24.9,24.9,24.92,24.99,24.95,24.82,24.84,24.72,24.73,25.01,24.98,24.78,24.73,24.82,24.94,24.9,24.92,24.79,25.0,25.0,24.88,24.73,24.71,24.81,24.84,24.86,24.82,24.73,24.85,24.92,24.95,24.88,24.82,24.75,24.88,24.93,24.84,24.85,24.76,24.8,24.69,24.78,24.75,24.71,24.86,24.89,24.94,24.78,24.84,24.84,24.78,24.85,24.81,24.79,24.65,24.75,24.67,24.86,24.51,24.85,24.87,24.94,24.94,25.03,24.73,24.94,24.86,24.86,24.7,24.72,24.59,24.53,24.86
6.91,26.34,24.86,24.75,24.46,24.46,24.43,24.74,24.66,24.6,24.6,24.75,24.68,24.78,24.64,24.5,24.72,24.83,24.56,24.59,24.52,24.56,24.69,24.71,24.72,24.66,24.66,24.75,24.65,24.79,24.82,24.58,24.69,24.66,24.67,24.74,24.63,24.72,24.75,24.71,24.73,24.66,24.9,24.7,24.78,24.75,24.8,24.9,24.63,24.72,24.8,24.86,24.71,24.88,24.64,24.66,24.78,24.84,24.94,24.83,24.9,24.88,24.9,24.82,24.88,24.75,24.74,24.97,24.78,24.7,24.78,24.81,24.81,24.89,24.92,24.92,24.85,24.83,25.0,24.88,24.88,24.7,24.7,24.78,24.77,24.82,24.86,24.75,24.69,24.8,24.9,24.83,24.77,24.93,24.94,24.84,24.76,24.7,24.81,24.85,24.88,24.88,24.77,24.82,24.9,24.88,24.85,24.88,24.85,24.89,25.03,24.94,24.78,24.69,24.84,24.84,24.8,24.85,24.77,24.78,24.89,24.75,24.88,24.92,24.98,24.98,25.0,24.83,24.78,24.66,24.91,24.94,24.87,24.88,24.81,24.78,24.86,24.93,24.85,24.89,24.93,25.02,25.06,25.0,24.76,24.69,24.82,24.97,24.88,25.0,24.73,24.81,24.81,24.81,24.86,24.81,24.93,24.88,25.0,24.94,24.78,24.66,24.81,24.9,24.88,24.85,24.78,24.83,24.83,24.9,24.88,24.85,24.88,24.84,24.94,24.99,24.85,24.78,24.73,24.88,24.88,24.79,24.86,24.89,24.81,24.9,24.88,24.95,24.99,24.95,24.85,24.84,24.76,24.73,24.97,24.98,24.78,24.76,24.82,24.94,24.9,24.92,24.83,24.97,25.0,24.88,24.73,24.71,24.81,24.84,24.86,24.86,24.73,24.85,24.92,24.95,24.91,24.82,24.78,24.85,24.9,24.84,24.82,24.76,24.76,24.69,24.78,24.75,24.71,24.86,24.89,24.9,24.82,24.84,24.84,24.78,24.88,24.78,24.82,24.65,24.75,24.72,24.86,24.45,24.8,24.87,24.9,24.94,25.03,24.73,24.9,24.86,24.82,24.7,24.72,24.59,24.58,24.86
7.0,26.34,24.86,24.75,24.52,24.51,24.43,24.74,24.62,24.64,24.64,24.71,24.63,24.78,24.69,24.5,24.72,24.76,24.56,24.59,24.61,24.56,24.66,24.67,24.75,24.7,24.7,24.75,24.62,24.82,24.86,24.58,24.64,24.66,24.72,24.78,24.68,24.76,24.71,24.71,24.77,24.69,24.93,24.68,24.78,24.78,24.84,24.9,24.58,24.66,24.75,24.86,24.71,24.84,24.64,24.66,24.82,24.87,24.88,24.8,24.9,24.88,24.9,24.82,24.84,24.75,24.74,25.01,24.78,24.67,24.78,24.81,24.81,24.92,24.92,24.89,24.85,24.87,25.03,24.85,24.84,24.7,24.7,24.78,24.77,24.78,24.86,24.75,24.69,24.83,24.9,24.83,24.77,24.93,24.94,24.84,24.73,24.7,24.77,24.85,24.88,24.88,24.77,24.82,24.93,24.9,24.85,24.88,24.82,24.89,25.06,24.94,24.78,24.66,24.84,24.84,24.8,24.85,24.77,24.75,24.89,24.75,24.85,24.92,24.98,24.98,25.0,24.86,24.78,24.66,24.91,24.97,24.87,24.88,24.81,24.75,24.86,24.93,24.85,24.89,24.9,25.02,25.06,25.03,24.76,24.69,24.82,24.94,24.88,25.0,24.73,24.81,24.81,24.81,24.86,24.81,24.93,24.88,25.0,24.94,24.78,24.66,24.81,24.9,24.88,24.88,24.75,24.81,24.81,24.93,24.9,24.85,24.84,24.81,24.94,24.99,24.85,24.74,24.73,24.88,24.91,24.82,24.86,24.89,24.81,24.9,24.85,24.98,24.99,24.95,24.89,24.84,24.8,24.73,24.92,24.98,24.78,24.79,24.82,24.94,24.9,24.92,24.86,24.93,25.0,24.88,24.73,24.71,24.81,24.84,24.86,24.91,24.73,24.85,24.92,24.95,24.94,24.82,24.8,24.82,24.88,24.84,24.78,24.76,24.72,24.69,24.78,24.75,24.71,24.86,24.89,24.87,24.85,24.84,24.84,24.78,24.92,24.75,24.86,24.65,24.75,24.78,24.86,24.39,24.76,24.87,24.87,24.94,25.03,24.73,24.86,24.86,24.78,24.7,24.72,24.59,24.64,24.86
7.19,26.34,24.76,24.75,24.61,24.57,24.37,24.76,24.66,24.69,24.66,24.66,24.63,24.78,24.76,24.59,24.63,24.76,24.66,24.67,24.67,24.6,24.66,24.71,24.75,24.64,24.7,24.75,24.64,24.84,24.86,24.58,24.56,24.66,24.8,24.78,24.7,24.78,24.7,24.76,24.77,24.69,24.91,24.68,24.78,24.78,24.84,24.86,24.52,24.58,24.73,24.84,24.74,24.81,24.64,24.66,24.82,24.87,24.87,24.83,24.9,24.9,24.86,24.84,24.84,24.75,24.8,25.01,24.75,24.66,24.74,24.76,24.77,24.92,24.89,24.88,24.85,24.92,25.03,24.85,24.79,24.7,24.74,24.78,24.77,24.77,24.86,24.7,24.69,24.84,24.86,24.83,24.77,24.98,24.94,24.84,24.71,24.7,24.77,24.87,24.88,24.84,24.8,24.82,24.9,24.9,24.81,24.88,24.85,24.89,25.03,24.98,24.75,24.66,24.86,24.84,24.8,24.83,24.77,24.75,24.89,24.75,24.88,24.92,24.99,24.98,25.0,24.89,24.75,24.66,24.88,24.94,24.92,24.88,24.81,24.75,24.83,24.93,24.85,24.93,24.89,24.97,25.09,25.05,24.76,24.69,24.82,24.88,24.88,24.97,24.73,24.76,24.79,24.82,24.9,24.81,24.89,24.88,24.98,24.96,24.78,24.66,24.81,24.88,24.88,24.9,24.75,24.76,24.79,24.98,24.92,24.85,24.82,24.8,24.97,24.99,24.85,24.74,24.71,24.88,24.95,24.86,24.86,24.94,24.81,24.95,24.85,25.0,24.94,24.91,24.9,24.84,24.8,24.68,24.86,24.98,24.82,24.83,24.8,24.94,24.9,24.92,24.91,24.88,25.0,24.88,24.73,24.74,24.81,24.84,24.89,24.93,24.79,24.85,24.92,24.95,24.96,24.82,24.78,24.78,24.88,24.84,24.82,24.76,24.67,24.62,24.78,24.82,24.76,24.81,24.84,24.87,24.87,24.88,24.84,24.78,24.88,24.75,24.92,24.59,24.68,24.72,24.89,24.54,24.8,24.85,24.85,24.9,24.99,24.79,24.84,24.84,24.72,24.76,24.72,24.59,24.64,24.76
7.25,26.34,24.73,24.75,24.64,24.59,24.34,24.76,24.68,24.71,24.66,24.64,24.63,24.78,24.78,24.62,24.59,24.76,24.69,24.7,24.69,24.62,24.66,24.73,24.75,24.63,24.7,24.75,24.66,24.84,24.86,24.58,24.53,24.66,24.83,24.78,24.7,24.78,24.7,24.78,24.77,24.69,24.9,24.68,24.78,24.78,24.84,24.84,24.5,24.56,24.73,24.84,24.76,24.79,24.64,24.66,24.82,24.87,24.87,24.85,24.9,24.92,24.84,24.84,24.84,24.75,24.82,25.01,24.73,24.66,24.73,24.74,24.75,24.92,24.88,24.88,24.85,24.94,25.03,24.85,24.77,24.7,24.76,24.78,24.77,24.77,24.86,24.69,24.69,24.84,24.85,24.83,24.77,25.0,24.94,24.84,24.71,24.7,24.77,24.87,24.88,24.82,24.81,24.82,24.89,24.9,24.79,24.88,24.86,24.89,25.02,25.0,24.73,24.66,24.86,24.84,24.8,24.83,24.77,24.75,24.89,24.75,24.89,24.92,24.99,24.98,25.0,24.91,24.73,24.66,24.86,24.92,24.94,24.88,24.81,24.75,24.82,24.93,24.85,24.95,24.89,24.95,25.1,25.05,24.76,24.69,24.82,24.87,24.88,24.95,24.73,24.75,24.79,24.82,24.92,24.81,24.88,24.88,24.98,24.96,24.78,24.66,24.81,24.88,24.88,24.9,24.75,24.75,24.79,24.99,24.92,24.85,24.82,24.8,24.98,24.99,24.85,24.74,24.71,24.88,24.97,24.88,24.86,24.95,24.81,24.96,24.85,25.0,24.92,24.9,24.9,24.84,24.8,24.66,24.84,24.98,24.83,24.84,24.8,24.94,24.9,24.92,24.93,24.86,25.0,24.88,24.73,24.76,24.81,24.84,24.89,24.93,24.81,24.85,24.92,24.95,24.96,24.82,24.76,24.76,24.88,24.84,24.83,24.76,24.65,24.59,24.78,24.84,24.78,24.79,24.83,24.87,24.87,24.89,24.84,24.78,24.87,24.75,24.94,24.58,24.66,24.7,24.89,24.6,24.83,24.85,24.85,24.88,24.98,24.81,24.84,24.84,24.7,24.78,24.72,24.59,24.64,24.73
7.38,26.34,24.66,24.69,24.7,24.57,24.37,24.78,24.66,24.73,24.66,24.64,24.63,24.78,24.8,24.62,24.59,24.8,24.69,24.7,24.76,24.64,24.64,24.73,24.75,24.61,24.7,24.73,24.68,24.86,24.86,24.6,24.48,24.66,24.8,24.78,24.68,24.78,24.7,24.78,24.8,24.7,24.87,24.65,24.78,24.78,24.86,24.8,24.48,24.53,24.73,24.86,24.77,24.78,24.66,24.66,24.83,24.87,24.87,24.85,24.9,24.92,24.84,24.82,24.82,24.72,24.84,25.02,24.71,24.66,24.73,24.74,24.75,24.91,24.86,24.91,24.83,24.94,25.03,24.87,24.79,24.68,24.78,24.78,24.76,24.77,24.83,24.69,24.69,24.83,24.82,24.84,24.77,24.98,24.94,24.86,24.68,24.7,24.79,24.87,24.88,24.81,24.83,24.8,24.89,24.89,24.78,24.88,24.88,24.92,25.02,25.01,24.73,24.66,24.88,24.84,24.8,24.83,24.77,24.75,24.92,24.75,24.89,24.9,24.96,25.0,25.0,24.91,24.71,24.66,24.86,24.92,24.94,24.86,24.77,24.75,24.8,24.95,24.83,24.92,24.88,24.97,25.11,25.06,24.77,24.69,24.84,24.87,24.88,24.93,24.72,24.75,24.81,24.82,24.95,24.82,24.89,24.91,25.0,24.96,24.78,24.66,24.84,24.87,24.88,24.9,24.77,24.76,24.81,25.0,24.89,24.83,24.86,24.83,24.98,24.96,24.85,24.74,24.75,24.89,24.98,24.88,24.85,24.98,24.83,24.95,24.83,24.94,24.91,24.91,24.9,24.84,24.77,24.68,24.84,25.01,24.85,24.84,24.8,24.95,24.92,24.92,24.91,24.83,25.0,24.88,24.76,24.78,24.77,24.84,24.86,24.97,24.84,24.85,24.92,24.95,24.96,24.82,24.73,24.73,24.89,24.86,24.85,24.76,24.61,24.62,24.78,24.89,24.78,24.75,24.83,24.87,24.87,24.92,24.84,24.78,24.87,24.75,24.94,24.59,24.66,24.64,24.92,24.69,24.83,24.87,24.78,24.9,24.96,24.84,24.82,24.82,24.72,24.81,24.76,24.59,24.64,24.73
7.49,26.34,24.63,24.66,24.72,24.53,24.41,24.8,24.64,24.73,24.66,24.64,24.61,24.78,24.8,24.66,24.59,24.83,24.69,24.72,24.8,24.64,24.6,24.71,24.75,24.59,24.71,24.7,24.68,24.88,24.86,24.6,24.45,24.66,24.75,24.78,24.64,24.78,24.7,24.78,24.81,24.7,24.84,24.62,24.78,24.78,24.86,24.78,24.5,24.53,24.71,24.84,24.79,24.78,24.67,24.65,24.82,24.88,24.87,24.85,24.89,24.88,24.84,24.84,24.82,24.68,24.82,25.01,24.71,24.67,24.71,24.72,24.75,24.89,24.88,24.92,24.82,24.94,25.04,24.9,24.81,24.68,24.76,24.78,24.75,24.78,24.79,24.69,24.69,24.86,24.81,24.86,24.75,24.95,24.94,24.89,24.66,24.68,24.81,24.87,24.88,24.81,24.81,24.76,24.88,24.88,24.79,24.86,24.86,24.94,25.02,25.01,24.76,24.66,24.89,24.84,24.82,24.85,24.76,24.75,24.89,24.75,24.9,24.9,24.93,24.98,25.0,24.94,24.71,24.66,24.84,24.92,24.94,24.86,24.76,24.75,24.77,24.93,24.85,24.92,24.86,24.95,25.1,25.08,24.82,24.69,24.84,24.85,24.88,24.93,24.73,24.75,24.81,24.82,24.98,24.85,24.9,24.94,25.0,24.96,24.78,24.66,24.88,24.85,24.88,24.93,24.8,24.79,24.81,24.99,24.88,24.85,24.88,24.86,24.95,24.93,24.85,24.72,24.77,24.89,24.98,24.88,24.85,25.0,24.83,24.93,24.85,24.89,24.91,24.93,24.9,24.84,24.75,24.69,24.84,25.03,24.85,24.84,24.8,24.98,24.94,24.94,24.88,24.79,25.0,24.88,24.79,24.78,24.73,24.84,24.86,24.98,24.88,24.85,24.91,24.93,24.96,24.82,24.72,24.71,24.92,24.89,24.85,24.76,24.58,24.66,24.78,24.94,24.8,24.73,24.81,24.85,24.87,24.95,24.84,24.78,24.87,24.75,24.96,24.63,24.66,24.58,24.96,24.75,24.85,24.87,24.72,24.92,24.96,24.88,24.81,24.81,24.74,24.78,24.78,24.59,24.67,24.69
7.6,26.34,24.63,24.66,24.72,24.48,24.45,24.8,24.64,24.73,24.66,24.64,24.57,24.78,24.8,24.72,24.59,24.83,24.69,24.78,24.85,24.64,24.57,24.68,24.75,24.59,24.75,24.66,24.68,24.88,24.86,24.6,24.45,24.66,24.7,24.78,24.6,24.78,24.7,24.78,24.81,24.7,24.8,24.59,24.78,24.78,24.86,24.78,24.54,24.53,24.67,24.8,24.83,24.78,24.67,24.62,24.78,24.91,24.87,24.85,24.85,24.85,24.84,24.88,24.82,24.62,24.78,24.97,24.71,24.7,24.68,24.69,24.75,24.89,24.91,24.92,24.79,24.94,25.07,24.94,24.81,24.68,24.72,24.78,24.75,24.82,24.76,24.69,24.69,24.92,24.81,24.86,24.72,24.91,24.94,24.92,24.66,24.63,24.81,24.87,24.88,24.81,24.78,24.7,24.85,24.88,24.82,24.83,24.83,24.94,25.02,25.01,24.8,24.66,24.89,24.84,24.85,24.88,24.72,24.75,24.83,24.75,24.93,24.9,24.9,24.95,25.0,25.0,24.71,24.66,24.81,24.92,24.94,24.86,24.76,24.75,24.74,24.9,24.88,24.95,24.86,24.92,25.08,25.08,24.88,24.69,24.84,24.82,24.88,24.93,24.77,24.75,24.81,24.82,25.0,24.88,24.9,24.97,25.0,24.96,24.78,24.66,24.92,24.85,24.88,24.96,24.83,24.82,24.81,24.96,24.88,24.88,24.88,24.89,24.92,24.9,24.85,24.69,24.77,24.89,24.98,24.88,24.85,25.0,24.83,24.93,24.88,24.86,24.91,24.93,24.9,24.84,24.75,24.69,24.84,25.03,24.85,24.84,24.8,25.02,24.94,24.97,24.85,24.76,25.0,24.88,24.82,24.78,24.69,24.84,24.86,24.98,24.92,24.85,24.88,24.9,24.96,24.82,24.72,24.68,24.95,24.92,24.85,24.76,24.54,24.71,24.78,24.98,24.84,24.73,24.78,24.82,24.87,24.98,24.84,24.78,24.87,24.75,24.99,24.67,24.66,24.53,24.96,24.81,24.9,24.87,24.69,24.92,24.96,24.92,24.81,24.81,24.74,24.74,24.78,24.59,24.72,24.63
7.66,26.34,24.66,24.66,24.72,24.51,24.45,24.78,24.64,24.73,24.68,24.64,24.57,24.76,24.8,24.75,24.59,24.8,24.69,24.78,24.87,24.66,24.57,24.66,24.73,24.61,24.78,24.66,24.66,24.86,24.86,24.62,24.48,24.66,24.67,24.78,24.62,24.78,24.68,24.76,24.81,24.72,24.8,24.59,24.76,24.78,24.88,24.78,24.56,24.5,24.65,24.8,24.85,24.78,24.67,24.61,24.78,24.92,24.87,24.85,24.84,24.85,24.84,24.88,24.8,24.62,24.78,24.95,24.71,24.72,24.67,24.67,24.75,24.91,24.92,24.91,24.76,24.94,25.07,24.94,24.79,24.66,24.72,24.78,24.78,24.82,24.74,24.69,24.69,24.95,24.81,24.84,24.7,24.9,24.94,24.92,24.66,24.61,24.81,24.87,24.88,24.8,24.77,24.69,24.83,24.88,24.82,24.82,24.83,24.94,25.03,25.01,24.8,24.66,24.88,24.84,24.85,24.88,24.7,24.75,24.83,24.76,24.95,24.9,24.9,24.95,25.0,25.02,24.71,24.66,24.81,24.92,24.94,24.84,24.77,24.75,24.74,24.9,24.89,24.96,24.86,24.91,25.06,25.06,24.91,24.69,24.86,24.8,24.88,24.93,24.77,24.75,24.79,24.82,25.02,24.89,24.9,24.97,25.0,24.96,24.8,24.68,24.94,24.85,24.88,24.96,24.84,24.83,24.81,24.95,24.88,24.89,24.88,24.91,24.92,24.89,24.83,24.67,24.77,24.91,24.98,24.88,24.85,25.0,24.83,24.93,24.88,24.84,24.91,24.93,24.9,24.84,24.75,24.69,24.84,25.01,24.85,24.84,24.79,25.0,24.92,24.97,24.85,24.76,25.0,24.86,24.83,24.78,24.69,24.84,24.86,24.98,24.92,24.85,24.88,24.89,24.96,24.8,24.73,24.68,24.95,24.92,24.85,24.77,24.54,24.73,24.78,24.98,24.86,24.75,24.78,24.8,24.87,24.97,24.84,24.8,24.87,24.75,24.99,24.67,24.66,24.53,24.92,24.84,24.9,24.87,24.71,24.9,24.96,24.92,24.82,24.82,24.74,24.72,24.78,24.59,24.75,24.6
7.78,26.34,24.7,24.66,24.78,24.58,24.45,24.72,24.64,24.73,24.73,24.6,24.57,24.69,24.8,24.78,24.59,24.69,24.69,24.78,24.93,24.71,24.57,24.65,24.68,24.66,24.85,24.66,24.61,24.84,24.9,24.64,24.5,24.66,24.65,24.78,24.68,24.78,24.63,24.74,24.84,24.77,24.8,24.62,24.74,24.78,24.93,24.74,24.58,24.48,24.62,24.8,24.84,24.78,24.7,24.59,24.82,24.94,24.87,24.85,24.85,24.85,24.84,24.88,24.74,24.62,24.78,24.89,24.71,24.77,24.66,24.66,24.72,24.92,24.94,24.86,24.73,24.94,25.07,24.9,24.77,24.59,24.76,24.78,24.84,24.78,24.69,24.69,24.69,24.98,24.78,24.8,24.69,24.85,24.94,24.92,24.66,24.59,24.84,24.87,24.88,24.75,24.75,24.67,24.82,24.88,24.82,24.78,24.86,24.97,25.08,24.98,24.8,24.66,24.86,24.84,24.82,24.85,24.69,24.75,24.85,24.81,24.96,24.9,24.9,24.95,25.0,25.03,24.71,24.66,24.84,24.92,24.94,24.8,24.79,24.75,24.74,24.93,24.9,25.0,24.83,24.86,25.05,25.05,24.97,24.69,24.91,24.78,24.88,24.93,24.77,24.75,24.74,24.82,25.03,24.9,24.9,24.94,25.0,24.96,24.85,24.73,24.99,24.85,24.88,24.96,24.86,24.88,24.81,24.9,24.85,24.9,24.91,24.92,24.92,24.88,24.75,24.66,24.81,24.95,24.98,24.88,24.85,25.0,24.83,24.9,24.85,24.8,24.88,24.93,24.93,24.84,24.75,24.73,24.84,24.96,24.85,24.84,24.75,24.96,24.88,24.94,24.88,24.76,24.97,24.82,24.84,24.81,24.73,24.84,24.91,24.98,24.92,24.82,24.91,24.88,24.96,24.79,24.75,24.68,24.95,24.92,24.85,24.79,24.58,24.8,24.78,24.98,24.88,24.77,24.81,24.78,24.87,24.92,24.84,24.85,24.87,24.75,24.96,24.63,24.66,24.53,24.89,24.87,24.85,24.87,24.78,24.84,24.96,24.92,24.84,24.84,24.78,24.7,24.78,24.59,24.78,24.56
7.86,26.34,24.66,24.66,24.84,24.6,24.45,24.69,24.64,24.73,24.77,24.56,24.55,24.67,24.8,24.75,24.59,24.62,24.69,24.8,24.98,24.73,24.57,24.65,24.66,24.7,24.87,24.66,24.59,24.86,24.94,24.64,24.5,24.66,24.67,24.78,24.7,24.78,24.61,24.76,24.88,24.78,24.8,24.65,24.77,24.78,24.97,24.7,24.56,24.5,24.62,24.8,24.81,24.76,24.73,24.61,24.83,24.92,24.85,24.85,24.88,24.85,24.84,24.88,24.72,24.62,24.78,24.86,24.71,24.78,24.67,24.67,24.69,24.91,24.92,24.83,24.76,24.94,25.09,24.87,24.77,24.57,24.8,24.8,24.85,24.75,24.67,24.69,24.7,24.96,24.75,24.77,24.7,24.83,24.94,24.92,24.66,24.59,24.88,24.87,24.89,24.74,24.75,24.67,24.82,24.88,24.83,24.76,24.89,25.0,25.09,24.96,24.8,24.66,24.86,24.84,24.8,24.83,24.69,24.75,24.87,24.82,24.96,24.9,24.9,24.93,25.0,25.03,24.73,24.66,24.86,24.92,24.94,24.78,24.79,24.75,24.74,24.95,24.9,25.03,24.81,24.83,25.05,25.05,24.98,24.69,24.93,24.78,24.88,24.93,24.78,24.75,24.73,24.82,25.03,24.9,24.9,24.92,25.0,24.96,24.88,24.75,25.03,24.85,24.88,24.98,24.86,24.9,24.81,24.88,24.83,24.89,24.95,24.92,24.92,24.88,24.7,24.67,24.84,24.98,24.98,24.88,24.85,25.0,24.84,24.88,24.82,24.78,24.87,24.93,24.96,24.84,24.75,24.77,24.84,24.92,24.85,24.84,24.73,24.95,24.87,24.92,24.91,24.76,24.94,24.8,24.83,24.85,24.77,24.84,24.94,24.97,24.92,24.8,24.92,24.88,24.96,24.8,24.75,24.68,24.95,24.92,24.85,24.79,24.61,24.83,24.78,24.98,24.88,24.77,24.84,24.78,24.85,24.88,24.86,24.87,24.87,24.75,24.92,24.61,24.68,24.56,24.89,24.87,24.83,24.87,24.8,24.82,24.94,24.94,24.84,24.84,24.82,24.7,24.76,24.59,24.78,24.6
7.99,26.34,24.66,24.66,24.84,24.6,24.45,24.63,24.64,24.68,24.77,24.56,24.55,24.67,24.73,24.66,24.59,24.62,24.69,24.8,24.91,24.73,24.57,24.71,24.66,24.7,24.87,24.66,24.64,24.86,24.94,24.64,24.58,24.66,24.67,24.78,24.64,24.72,24.66,24.76,24.88,24.73,24.76,24.69,24.82,24.78,24.97,24.63,24.56,24.58,24.7,24.86,24.81,24.71,24.78,24.65,24.78,24.88,24.85,24.9,24.88,24.85,24.84,24.82,24.78,24.62,24.78,24.8,24.71,24.78,24.71,24.72,24.69,24.86,24.88,24.83,24.85,24.94,25.09,24.87,24.77,24.63,24.86,24.85,24.85,24.75,24.72,24.69,24.76,24.92,24.75,24.77,24.75,24.83,24.94,24.92,24.72,24.59,24.93,24.82,24.94,24.78,24.75,24.67,24.78,24.83,24.88,24.81,24.93,25.0,25.05,25.01,24.8,24.66,24.81,24.84,24.8,24.88,24.69,24.75,24.83,24.82,25.0,24.95,24.9,24.88,25.0,25.03,24.78,24.66,24.81,24.88,24.94,24.83,24.84,24.75,24.7,24.9,24.95,25.03,24.81,24.78,25.05,25.0,24.98,24.69,24.88,24.78,24.88,24.93,24.83,24.75,24.73,24.78,25.03,24.95,24.95,24.92,25.0,24.91,24.94,24.75,25.03,24.85,24.88,25.02,24.91,24.95,24.81,24.83,24.83,24.89,25.0,24.97,24.92,24.88,24.7,24.72,24.9,24.98,24.94,24.88,24.9,25.0,24.84,24.83,24.82,24.78,24.96,24.93,24.91,24.84,24.75,24.82,24.84,24.86,24.85,24.84,24.78,24.95,24.87,24.92,24.91,24.81,24.94,24.8,24.79,24.85,24.82,24.84,24.86,24.84,24.86,24.85,24.92,24.88,24.91,24.8,24.75,24.72,24.95,24.92,24.85,24.84,24.67,24.83,24.78,24.91,24.88,24.82,24.89,24.78,24.75,24.83,24.91,24.87,24.82,24.75,24.86,24.67,24.75,24.64,24.79,24.87,24.9,24.87,24.85,24.82,24.88,24.94,24.9,24.9,24.88,24.63,24.71,24.59,24.78,24.69
8.1,26.34,24.66,24.66,24.84,24.6,24.45,24.59,24.64,24.64,24.77,24.56,24.55,24.67,24.69,24.59,24.59,24.62,24.69,24.8,24.87,24.73,24.57,24.75,24.66,24.7,24.87,24.66,24.68,24.86,24.94,24.64,24.64,24.66,24.67,24.78,24.6,24.69,24.7,24.76,24.88,24.7,24.73,24.72,24.85,24.78,24.97,24.59,24.56,24.64,24.75,24.9,24.81,24.67,24.81,24.68,24.75,24.85,24.85,24.94,24.88,24.85,24.84,24.78,24.82,24.62,24.78,24.76,24.71,24.78,24.74,24.76,24.69,24.83,24.84,24.83,24.9,24.94,25.09,24.87,24.77,24.68,24.9,24.88,24.85,24.75,24.76,24.69,24.79,24.89,24.75,24.77,24.78,24.83,24.94,24.92,24.75,24.59,24.96,24.78,24.98,24.81,24.75,24.67,24.75,24.81,24.9,24.83,24.96,25.0,25.02,25.05,24.8,24.66,24.77,24.84,24.8,24.91,24.69,24.75,24.8,24.82,25.03,24.98,24.9,24.84,25.0,25.03,24.82,24.66,24.77,24.84,24.94,24.86,24.88,24.75,24.67,24.88,24.98,25.03,24.81,24.75,25.05,24.96,24.98,24.69,24.84,24.78,24.88,24.93,24.86,24.75,24.73,24.75,25.03,24.98,24.98,24.92,25.0,24.88,24.97,24.75,25.03,24.85,24.88,25.05,24.94,24.98,24.81,24.81,24.83,24.89,25.03,25.0,24.92,24.88,24.7,24.76,24.94,24.98,24.91,24.88,24.93,25.0,24.84,24.81,24.82,24.78,25.01,24.93,24.88,24.84,24.75,24.86,24.84,24.82,24.85,24.84,24.8,24.95,24.87,24.92,24.91,24.85,24.94,24.8,24.76,24.85,24.86,24.84,24.81,24.76,24.82,24.88,24.92,24.88,24.88,24.8,24.75,24.75,24.95,24.92,24.85,24.88,24.71,24.83,24.78,24.87,24.88,24.86,24.92,24.78,24.68,24.8,24.94,24.87,24.78,24.75,24.82,24.71,24.8,24.7,24.73,24.87,24.95,24.87,24.89,24.82,24.84,24.94,24.94,24.94,24.92,24.59,24.67,24.59,24.78,24.76
8.22,26.34,24.76,24.75,24.84,24.54,24.52,24.59,24.64,24.58,24.82,24.56,24.55,24.67,24.69,24.59,24.59,24.62,24.69,24.8,24.8,24.68,24.52,24.75,24.66,24.7,24.87,24.66,24.62,24.92,24.94,24.58,24.64,24.66,24.67,24.78,24.6,24.69,24.7,24.76,24.88,24.7,24.78,24.76,24.85,24.78,24.91,24.65,24.63,24.72,24.81,24.9,24.81,24.72,24.81,24.72,24.75,24.85,24.81,24.94,24.88,24.81,24.84,24.73,24.82,24.62,24.78,24.71,24.76,24.73,24.74,24.76,24.69,24.78,24.84,24.78,24.95,24.94,25.04,24.87,24.77,24.74,24.9,24.88,24.81,24.7,24.76,24.69,24.79,24.89,24.75,24.81,24.83,24.83,24.94,24.87,24.75,24.65,25.01,24.78,24.94,24.81,24.7,24.71,24.75,24.76,24.9,24.83,24.96,25.0,25.02,24.95,24.85,24.66,24.82,24.89,24.76,24.86,24.69,24.79,24.8,24.82,24.99,24.98,24.95,24.84,25.04,24.98,24.82,24.71,24.77,24.84,24.94,24.86,24.88,24.79,24.71,24.83,24.98,25.03,24.76,24.75,25.01,24.96,24.98,24.69,24.84,24.78,24.88,24.93,24.86,24.75,24.73,24.79,25.03,24.98,24.98,24.92,24.95,24.88,24.92,24.75,25.03,24.8,24.88,25.1,24.94,24.98,24.81,24.76,24.83,24.89,24.98,25.0,24.88,24.88,24.7,24.76,24.88,24.98,24.86,24.88,24.93,24.95,24.84,24.81,24.86,24.83,25.06,24.93,24.88,24.84,24.75,24.86,24.84,24.77,24.8,24.89,24.8,24.95,24.82,24.92,24.91,24.85,24.94,24.76,24.76,24.8,24.92,24.84,24.81,24.71,24.82,24.94,24.92,24.88,24.88,24.8,24.79,24.79,24.95,24.92,24.8,24.88,24.76,24.83,24.78,24.8,24.88,24.92,24.92,24.83,24.68,24.75,24.94,24.87,24.78,24.75,24.77,24.76,24.87,24.78,24.82,24.78,24.88,24.8,24.96,24.88,24.84,24.88,24.88,24.94,24.98,24.59,24.67,24.59,24.78,24.86
8.31,26.34,24.83,24.8,24.84,24.51,24.54,24.58,24.66,24.56,24.86,24.56,24.55,24.67,24.71,24.59,24.59,24.58,24.69,24.8,24.78,24.66,24.5,24.75,24.66,24.71,24.87,24.68,24.6,24.94,24.94,24.55,24.64,24.66,24.7,24.78,24.62,24.69,24.7,24.76,24.88,24.72,24.81,24.79,24.85,24.78,24.89,24.7,24.65,24.74,24.85,24.92,24.83,24.74,24.8,24.75,24.77,24.85,24.78,24.94,24.88,24.81,24.84,24.68,24.8,24.65,24.8,24.69,24.78,24.7,24.74,24.76,24.69,24.77,24.83,24.75,24.96,24.94,25.02,24.85,24.76,24.77,24.92,24.88,24.8,24.66,24.76,24.69,24.79,24.88,24.75,24.83,24.86,24.85,24.94,24.82,24.75,24.7,25.03,24.78,24.91,24.8,24.69,24.76,24.75,24.75,24.89,24.83,24.98,25.0,25.02,24.9,24.85,24.66,24.84,24.92,24.73,24.83,24.69,24.82,24.83,24.82,24.96,24.96,24.98,24.86,25.06,24.94,24.8,24.75,24.77,24.84,24.94,24.84,24.88,24.82,24.76,24.82,24.96,25.03,24.75,24.77,25.0,24.94,24.97,24.69,24.86,24.78,24.88,24.91,24.84,24.75,24.74,24.82,25.03,24.96,24.96,24.92,24.94,24.88,24.88,24.75,25.03,24.78,24.88,25.09,24.92,24.96,24.82,24.75,24.83,24.88,24.95,25.0,24.88,24.88,24.7,24.76,24.84,25.0,24.84,24.88,24.91,24.92,24.86,24.82,24.88,24.86,25.08,24.91,24.88,24.84,24.75,24.84,24.84,24.73,24.78,24.92,24.8,24.93,24.8,24.92,24.93,24.85,24.94,24.73,24.76,24.78,24.96,24.84,24.79,24.67,24.82,24.97,24.92,24.88,24.88,24.8,24.82,24.82,24.93,24.91,24.78,24.88,24.8,24.8,24.78,24.75,24.88,24.96,24.92,24.87,24.68,24.72,24.94,24.87,24.78,24.75,24.73,24.78,24.91,24.84,24.86,24.75,24.83,24.78,25.02,24.9,24.82,24.84,24.86,24.96,25.0,24.61,24.67,24.59,24.78,24.92
8.49,26.34,24.93,24.8,24.84,24.65,24.48,24.52,24.66,24.56,24.86,24.62,24.61,24.61,24.71,24.59,24.69,24.58,24.59,24.72,24.78,24.71,24.55,24.75,24.66,24.76,24.87,24.73,24.6,24.88,24.94,24.62,24.64,24.66,24.7,24.78,24.74,24.69,24.64,24.76,24.88,24.77,24.81,24.79,24.85,24.78,24.95,24.7,24.65,24.66,24.85,24.92,24.88,24.74,24.75,24.75,24.77,24.85,24.78,24.94,24.83,24.86,24.89,24.62,24.74,24.65,24.8,24.74,24.78,24.7,24.74,24.76,24.69,24.81,24.83,24.75,24.92,24.89,24.97,24.85,24.76,24.7,24.87,24.88,24.84,24.66,24.76,24.69,24.84,24.83,24.79,24.78,24.91,24.85,24.94,24.77,24.75,24.7,25.03,24.78,24.91,24.8,24.73,24.8,24.75,24.75,24.89,24.88,25.02,24.95,25.02,24.9,24.8,24.71,24.79,24.92,24.73,24.83,24.69,24.86,24.88,24.82,24.92,24.96,25.02,24.91,25.06,24.89,24.8,24.81,24.82,24.84,24.89,24.84,24.88,24.86,24.8,24.82,24.92,25.03,24.79,24.86,25.0,24.85,24.93,24.69,24.91,24.83,24.88,24.91,24.8,24.75,24.78,24.86,24.99,24.92,24.96,24.92,24.94,24.88,24.88,24.75,25.08,24.83,24.83,25.0,24.92,24.92,24.86,24.79,24.83,24.83,24.95,25.0,24.97,24.88,24.7,24.76,24.84,25.05,24.84,24.88,24.86,24.92,24.86,24.82,24.83,24.86,25.08,24.91,24.93,24.84,24.75,24.79,24.84,24.73,24.83,24.92,24.76,24.88,24.8,24.92,24.98,24.85,24.94,24.73,24.81,24.78,24.96,24.84,24.79,24.67,24.82,24.97,24.92,24.83,24.88,24.8,24.86,24.86,24.89,24.86,24.83,24.88,24.86,24.73,24.78,24.75,24.88,25.01,24.92,24.87,24.68,24.67,24.98,24.87,24.78,24.75,24.73,24.78,24.91,24.84,24.76,24.75,24.83,24.78,25.02,24.84,24.82,24.84,24.92,24.96,24.94,24.61,24.67,24.66,24.78,24.92
8.55,26.34,24.96,24.8,24.84,24.7,24.45,24.5,24.66,24.56,24.86,24.64,24.63,24.58,24.71,24.59,24.72,24.58,24.56,24.7,24.78,24.73,24.57,24.75,24.66,24.78,24.87,24.75,24.6,24.86,24.94,24.64,24.64,24.66,24.7,24.78,24.78,24.69,24.63,24.76,24.88,24.78,24.81,24.79,24.85,24.78,24.97,24.7,24.65,24.64,24.85,24.92,24.89,24.74,24.73,24.75,24.77,24.85,24.78,24.94,24.82,24.88,24.9,24.6,24.72,24.65,24.8,24.76,24.78,24.7,24.74,24.76,24.69,24.83,24.83,24.75,24.9,24.87,24.96,24.85,24.76,24.68,24.85,24.88,24.85,24.66,24.76,24.69,24.86,24.82,24.81,24.77,24.92,24.85,24.94,24.76,24.75,24.7,25.03,24.78,24.91,24.8,24.75,24.82,24.75,24.75,24.89,24.89,25.03,24.94,25.02,24.9,24.78,24.73,24.77,24.92,24.73,24.83,24.69,24.88,24.89,24.82,24.9,24.96,25.03,24.93,25.06,24.88,24.8,24.82,24.84,24.84,24.87,24.84,24.88,24.88,24.82,24.82,24.9,25.03,24.81,24.89,25.0,24.82,24.91,24.69,24.93,24.85,24.88,24.91,24.78,24.75,24.8,24.88,24.98,24.9,24.96,24.92,24.94,24.88,24.88,24.75,25.09,24.85,24.81,24.98,24.92,24.9,24.88,24.81,24.83,24.82,24.95,25.0,24.99,24.88,24.7,24.76,24.84,25.06,24.84,24.88,24.85,24.92,24.86,24.82,24.82,24.86,25.08,24.91,24.94,24.84,24.75,24.77,24.84,24.73,24.85,24.92,24.75,24.87,24.8,24.92,25.0,24.85,24.94,24.73,24.82,24.78,24.96,24.84,24.79,24.67,24.82,24.97,24.92,24.81,24.88,24.8,24.88,24.88,24.88,24.84,24.85,24.88,24.88,24.71,24.78,24.75,24.88,25.03,24.92,24.87,24.68,24.65,25.0,24.87,24.78,24.75,24.73,24.78,24.91,24.84,24.73,24.75,24.83,24.78,25.02,24.82,24.82,24.84,24.94,24.96,24.92,24.61,24.67,24.69,24.78,24.92
8.67,26.34,24.89,24.74,24.9,24.65,24.5,24.5,24.66,24.56,24.86,24.68,24.59,24.58,24.71,24.59,24.72,24.58,24.56,24.75,24.78,24.69,24.57,24.71,24.7,24.78,24.83,24.75,24.64,24.86,24.94,24.64,24.58,24.66,24.75,24.78,24.78,24.72,24.63,24.79,24.88,24.78,24.81,24.79,24.85,24.78,24.97,24.74,24.65,24.64,24.85,24.92,24.89,24.74,24.7,24.78,24.77,24.85,24.78,24.94,24.82,24.88,24.93,24.6,24.72,24.6,24.8,24.8,24.78,24.67,24.74,24.79,24.69,24.83,24.8,24.78,24.9,24.87,24.99,24.85,24.76,24.68,24.81,24.88,24.82,24.66,24.76,24.69,24.86,24.82,24.81,24.77,24.92,24.88,24.94,24.76,24.75,24.7,25.0,24.78,24.91,24.8,24.75,24.85,24.78,24.75,24.92,24.89,25.0,24.94,24.98,24.9,24.78,24.77,24.81,24.95,24.76,24.86,24.69,24.9,24.89,24.79,24.88,24.93,25.0,24.93,25.06,24.85,24.8,24.82,24.84,24.88,24.87,24.88,24.88,24.88,24.82,24.79,24.88,25.0,24.83,24.92,25.0,24.82,24.89,24.72,24.93,24.88,24.88,24.88,24.78,24.78,24.83,24.88,24.95,24.88,24.93,24.95,24.94,24.88,24.82,24.71,25.12,24.88,24.81,24.98,24.89,24.9,24.88,24.81,24.83,24.79,24.95,25.0,24.99,24.88,24.7,24.76,24.88,25.06,24.84,24.88,24.81,24.92,24.89,24.85,24.85,24.86,25.04,24.91,24.94,24.84,24.75,24.77,24.84,24.77,24.85,24.92,24.78,24.87,24.82,24.95,24.97,24.81,24.91,24.76,24.82,24.78,24.92,24.84,24.74,24.67,24.82,24.97,24.89,24.81,24.88,24.83,24.88,24.85,24.88,24.88,24.85,24.84,24.84,24.66,24.84,24.8,24.88,25.03,24.89,24.87,24.71,24.69,25.03,24.83,24.78,24.75,24.77,24.82,24.91,24.84,24.73,24.75,24.88,24.78,24.98,24.82,24.82,24.84,24.94,24.96,24.88,24.65,24.67,24.73,24.78,24.92
8.77,26.34,24.83,24.67,24.95,24.6,24.54,24.5,24.66,24.56,24.86,24.71,24.55,24.58,24.71,24.59,24.72,24.58,24.56,24.8,24.78,24.66,24.57,24.67,24.73,24.78,24.8,24.75,24.67,24.86,24.94,24.64,24.53,24.66,24.8,24.78,24.78,24.76,24.63,24.83,24.88,24.78,24.81,24.79,24.85,24.78,24.97,24.78,24.65,24.64,24.85,24.92,24.89,24.74,24.67,24.8,24.77,24.85,24.78,24.94,24.82,24.88,24.96,24.6,24.72,24.55,24.8,24.84,24.78,24.64,24.74,24.83,24.69,24.83,24.77,24.81,24.9,24.87,25.02,24.85,24.76,24.68,24.77,24.88,24.79,24.66,24.76,24.69,24.86,24.82,24.81,24.77,24.92,24.91,24.94,24.76,24.75,24.7,24.96,24.78,24.91,24.8,24.75,24.88,24.81,24.75,24.95,24.89,24.98,24.94,24.95,24.9,24.78,24.81,24.84,24.98,24.79,24.9,24.69,24.93,24.89,24.76,24.85,24.9,24.98,24.93,25.06,24.82,24.8,24.82,24.84,24.91,24.87,24.91,24.88,24.88,24.82,24.76,24.85,24.98,24.86,24.95,25.0,24.82,24.86,24.76,24.93,24.92,24.88,24.85,24.78,24.81,24.86,24.88,24.92,24.85,24.9,24.98,24.94,24.88,24.75,24.68,25.16,24.92,24.81,24.98,24.86,24.9,24.88,24.81,24.83,24.76,24.95,25.0,24.99,24.88,24.7,24.76,24.92,25.06,24.84,24.88,24.78,24.92,24.92,24.88,24.88,24.86,25.01,24.91,24.94,24.84,24.75,24.77,24.84,24.81,24.85,24.92,24.8,24.87,24.85,24.98,24.93,24.78,24.88,24.79,24.82,24.78,24.88,24.84,24.69,24.67,24.82,24.97,24.86,24.81,24.88,24.86,24.88,24.82,24.88,24.91,24.85,24.81,24.8,24.62,24.89,24.84,24.88,25.03,24.86,24.87,24.75,24.72,25.06,24.8,24.78,24.75,24.81,24.86,24.91,24.84,24.73,24.75,24.92,24.78,24.93,24.82,24.82,24.84,24.94,24.96,24.84,24.7,24.67,24.78,24.78,24.92
8.88,26.34,24.8,24.61,25.0,24.58,24.58,24.52,24.68,24.56,24.84,24.75,24.55,24.56,24.71,24.66,24.72,24.62,24.56,24.83,24.76,24.64,24.57,24.63,24.75,24.78,24.78,24.77,24.69,24.84,24.92,24.64,24.48,24.66,24.8,24.76,24.78,24.8,24.61,24.83,24.86,24.8,24.81,24.79,24.8,24.78,24.95,24.82,24.69,24.61,24.85,24.9,24.89,24.78,24.62,24.8,24.8,24.88,24.81,24.94,24.82,24.88,24.98,24.62,24.68,24.48,24.8,24.89,24.78,24.64,24.71,24.83,24.69,24.86,24.77,24.86,24.86,24.87,25.03,24.85,24.76,24.66,24.71,24.85,24.77,24.68,24.72,24.69,24.82,24.83,24.82,24.77,24.89,24.93,24.94,24.77,24.75,24.7,24.91,24.78,24.87,24.78,24.77,24.9,24.83,24.75,24.95,24.88,24.93,24.92,24.94,24.88,24.78,24.84,24.88,25.0,24.8,24.91,24.69,24.96,24.9,24.75,24.82,24.86,24.95,24.95,25.06,24.79,24.76,24.82,24.86,24.94,24.87,24.91,24.86,24.88,24.82,24.76,24.82,24.93,24.89,25.0,25.0,24.84,24.84,24.79,24.96,24.95,24.88,24.81,24.75,24.83,24.88,24.89,24.89,24.81,24.88,24.98,24.94,24.89,24.66,24.64,25.19,24.97,24.81,24.94,24.81,24.89,24.88,24.82,24.81,24.75,24.93,24.98,24.98,24.88,24.68,24.72,24.96,25.06,24.84,24.88,24.74,24.91,24.92,24.9,24.92,24.84,24.96,24.9,24.94,24.84,24.77,24.77,24.84,24.86,24.85,24.94,24.82,24.85,24.85,25.0,24.88,24.74,24.85,24.8,24.85,24.78,24.84,24.84,24.69,24.69,24.84,24.94,24.84,24.81,24.88,24.86,24.88,24.79,24.89,24.94,24.85,24.76,24.76,24.59,24.98,24.89,24.86,25.03,24.83,24.87,24.82,24.78,25.06,24.78,24.8,24.75,24.86,24.86,24.87,24.78,24.76,24.75,24.92,24.78,24.91,24.8,24.86,24.81,24.92,24.96,24.8,24.76,24.71,24.83,24.78,24.89
8.98,26.34,24.8,24.61,25.0,24.58,24.58,24.58,24.73,24.56,24.79,24.75,24.61,24.56,24.71,24.75,24.72,24.72,24.56,24.83,24.69,24.64,24.57,24.63,24.75,24.78,24.78,24.81,24.69,24.84,24.86,24.64,24.48,24.66,24.72,24.69,24.72,24.8,24.61,24.78,24.81,24.8,24.81,24.79,24.76,24.78,24.89,24.82,24.76,24.61,24.85,24.84,24.89,24.83,24.58,24.76,24.85,24.92,24.85,24.94,24.82,24.88,24.98,24.68,24.61,24.4,24.8,24.95,24.78,24.69,24.67,24.78,24.69,24.91,24.81,24.91,24.81,24.87,25.03,24.85,24.76,24.66,24.65,24.8,24.77,24.73,24.67,24.69,24.77,24.83,24.86,24.77,24.84,24.93,24.94,24.82,24.75,24.7,24.86,24.78,24.82,24.78,24.81,24.9,24.83,24.75,24.9,24.88,24.89,24.88,24.94,24.88,24.78,24.84,24.88,24.95,24.8,24.91,24.69,24.96,24.9,24.75,24.82,24.82,24.95,24.95,25.06,24.79,24.71,24.82,24.86,24.94,24.87,24.86,24.81,24.88,24.82,24.81,24.82,24.89,24.89,25.05,25.0,24.89,24.84,24.79,25.01,24.95,24.88,24.81,24.7,24.83,24.88,24.93,24.89,24.76,24.88,24.94,24.94,24.94,24.61,24.59,25.19,25.02,24.81,24.9,24.77,24.85,24.88,24.86,24.76,24.75,24.88,24.94,24.94,24.88,24.68,24.67,24.96,25.06,24.84,24.88,24.74,24.86,24.88,24.9,24.96,24.84,24.92,24.85,24.94,24.84,24.81,24.77,24.84,24.92,24.85,24.98,24.82,24.85,24.81,25.0,24.83,24.74,24.85,24.8,24.89,24.78,24.84,24.84,24.76,24.69,24.9,24.88,24.84,24.81,24.88,24.82,24.88,24.79,24.93,24.94,24.85,24.7,24.76,24.59,25.06,24.89,24.8,25.03,24.83,24.87,24.87,24.83,25.02,24.78,24.85,24.75,24.92,24.8,24.8,24.7,24.86,24.75,24.85,24.78,24.91,24.8,24.92,24.75,24.86,24.96,24.8,24.83,24.76,24.83,24.78,24.89
9.09,26.34,24.73,24.55,25.0,24.62,24.54,24.63,24.75,24.56,24.73,24.75,24.68,24.56,24.66,24.78,24.72,24.83,24.56,24.83,24.63,24.64,24.6,24.63,24.75,24.78,24.78,24.86,24.69,24.84,24.81,24.68,24.53,24.66,24.65,24.63,24.67,24.8,24.61,24.72,24.77,24.77,24.81,24.79,24.74,24.78,24.88,24.78,24.78,24.61,24.81,24.78,24.86,24.84,24.56,24.72,24.87,24.94,24.9,24.94,24.82,24.88,24.98,24.77,24.59,24.32,24.8,25.01,24.78,24.73,24.66,24.76,24.69,24.95,24.86,24.95,24.8,24.87,25.06,24.85,24.76,24.66,24.59,24.78,24.8,24.78,24.66,24.69,24.76,24.83,24.9,24.73,24.8,24.93,24.94,24.9,24.75,24.65,24.81,24.78,24.83,24.81,24.86,24.88,24.83,24.75,24.89,24.9,24.85,24.83,24.94,24.95,24.78,24.84,24.84,24.86,24.83,24.95,24.69,24.93,24.88,24.75,24.85,24.81,24.95,24.91,25.04,24.79,24.73,24.79,24.86,24.94,24.87,24.84,24.79,24.85,24.79,24.85,24.85,24.85,24.89,25.06,25.0,24.94,24.84,24.79,25.03,24.95,24.88,24.85,24.69,24.83,24.85,24.95,24.89,24.75,24.9,24.89,24.94,25.0,24.63,24.54,25.19,25.07,24.81,24.88,24.75,24.83,24.85,24.9,24.75,24.75,24.86,24.89,24.9,24.88,24.68,24.66,24.99,25.06,24.84,24.88,24.78,24.84,24.83,24.88,24.98,24.84,24.91,24.83,24.94,24.84,24.86,24.81,24.84,24.98,24.85,25.0,24.82,24.85,24.8,25.0,24.78,24.78,24.85,24.83,24.91,24.78,24.84,24.84,24.84,24.69,24.92,24.83,24.84,24.81,24.88,24.78,24.88,24.79,24.97,24.94,24.85,24.69,24.76,24.59,25.15,24.89,24.74,25.03,24.86,24.83,24.88,24.84,25.0,24.78,24.9,24.75,24.98,24.74,24.73,24.67,24.89,24.75,24.83,24.78,24.87,24.8,24.98,24.73,24.84,24.96,24.8,24.85,24.78,24.83,24.78,24.89
9.19,26.34,24.66,24.49,24.94,24.67,24.5,24.63,24.71,24.6,24.73,24.75,24.68,24.56,24.62,24.78,24.72,24.83,24.56,24.83,24.63,24.64,24.64,24.63,24.75,24.78,24.78,24.86,24.69,24.84,24.77,24.73,24.53,24.66,24.59,24.63,24.67,24.8,24.61,24.72,24.77,24.77,24.78,24.76,24.74,24.78,24.88,24.74,24.78,24.61,24.77,24.78,24.83,24.84,24.59,24.69,24.87,24.91,24.92,24.94,24.82,24.84,24.95,24.8,24.63,24.32,24.8,25.01,24.78,24.77,24.68,24.79,24.69,24.95,24.89,24.98,24.8,24.87,25.06,24.85,24.79,24.66,24.55,24.78,24.83,24.78,24.69,24.69,24.76,24.86,24.9,24.73,24.8,24.93,24.94,24.94,24.75,24.65,24.77,24.78,24.83,24.84,24.89,24.85,24.86,24.75,24.89,24.93,24.85,24.83,24.94,24.98,24.78,24.88,24.84,24.86,24.86,24.95,24.69,24.9,24.88,24.75,24.85,24.83,24.95,24.91,25.01,24.76,24.76,24.79,24.89,24.97,24.83,24.84,24.79,24.85,24.79,24.85,24.85,24.85,24.92,25.06,25.0,24.91,24.84,24.82,25.03,24.99,24.85,24.85,24.72,24.83,24.85,24.92,24.86,24.75,24.93,24.89,24.94,25.0,24.66,24.54,25.22,25.14,24.85,24.88,24.78,24.83,24.85,24.93,24.75,24.75,24.89,24.89,24.9,24.88,24.68,24.66,25.07,25.09,24.91,24.88,24.81,24.88,24.83,24.88,24.98,24.81,24.91,24.86,24.94,24.84,24.86,24.81,24.88,25.01,24.88,24.97,24.82,24.82,24.8,25.0,24.74,24.78,24.85,24.86,24.91,24.78,24.81,24.8,24.89,24.77,24.92,24.8,24.84,24.81,24.91,24.81,24.88,24.79,24.97,24.94,24.85,24.69,24.72,24.59,25.15,24.94,24.74,25.03,24.86,24.8,24.88,24.84,25.0,24.78,24.9,24.78,25.01,24.71,24.68,24.61,24.82,24.75,24.88,24.78,24.78,24.76,25.01,24.77,24.88,24.92,24.76,24.81,24.78,24.83,24.78,24.82
9.31,26.34,24.57,24.46,24.85,24.64,24.48,24.63,24.69,24.66,24.77,24.71,24.63,24.61,24.59,24.78,24.66,24.76,24.62,24.88,24.63,24.6,24.66,24.63,24.75,24.78,24.78,24.86,24.69,24.88,24.71,24.75,24.53,24.66,24.57,24.63,24.62,24.8,24.64,24.72,24.77,24.77,24.77,24.75,24.74,24.78,24.84,24.72,24.78,24.66,24.75,24.82,24.78,24.84,24.64,24.68,24.9,24.87,24.94,24.94,24.85,24.8,24.87,24.82,24.7,24.38,24.84,24.97,24.78,24.78,24.73,24.85,24.69,24.92,24.91,25.0,24.82,24.9,25.06,24.82,24.81,24.7,24.56,24.78,24.84,24.75,24.74,24.69,24.72,24.9,24.88,24.77,24.8,24.97,24.94,24.95,24.75,24.7,24.72,24.78,24.8,24.85,24.91,24.83,24.9,24.75,24.86,24.95,24.85,24.86,24.94,25.0,24.78,24.9,24.88,24.9,24.88,24.91,24.69,24.86,24.9,24.75,24.85,24.85,24.95,24.91,25.0,24.72,24.78,24.79,24.91,25.02,24.82,24.81,24.79,24.85,24.82,24.85,24.85,24.85,24.93,25.03,25.0,24.9,24.84,24.88,25.03,25.0,24.8,24.81,24.77,24.83,24.85,24.88,24.85,24.75,24.95,24.89,24.94,25.0,24.68,24.54,25.23,25.2,24.93,24.91,24.8,24.83,24.85,24.95,24.75,24.75,24.91,24.89,24.87,24.88,24.68,24.66,25.14,25.14,25.0,24.88,24.86,24.89,24.86,24.9,25.0,24.8,24.91,24.88,24.91,24.84,24.86,24.81,24.95,25.03,24.9,24.95,24.85,24.78,24.77,25.0,24.69,24.78,24.85,24.88,24.88,24.78,24.79,24.73,24.91,24.85,24.92,24.78,24.84,24.84,24.96,24.86,24.88,24.79,24.97,24.94,24.82,24.69,24.67,24.59,25.15,24.96,24.74,25.03,24.86,24.78,24.88,24.84,24.97,24.78,24.9,24.83,25.03,24.65,24.66,24.58,24.79,24.75,24.9,24.78,24.74,24.74,25.03,24.79,24.9,24.9,24.74,24.78,24.78,24.78,24.78,24.79
9.39,26.34,24.5,24.49,24.8,24.57,24.5,24.65,24.71,24.69,24.79,24.68,24.61,24.65,24.62,24.75,24.59,24.72,24.69,24.94,24.63,24.56,24.66,24.63,24.77,24.78,24.78,24.86,24.69,24.9,24.69,24.75,24.53,24.66,24.59,24.63,24.58,24.8,24.66,24.72,24.77,24.77,24.78,24.76,24.74,24.8,24.82,24.72,24.78,24.69,24.75,24.84,24.75,24.83,24.66,24.69,24.94,24.85,24.94,24.92,24.88,24.78,24.82,24.82,24.72,24.45,24.88,24.95,24.76,24.77,24.74,24.86,24.7,24.89,24.89,24.98,24.85,24.94,25.06,24.78,24.79,24.74,24.61,24.78,24.84,24.71,24.76,24.7,24.7,24.92,24.85,24.78,24.8,25.0,24.94,24.97,24.73,24.72,24.69,24.78,24.79,24.84,24.89,24.83,24.92,24.76,24.85,24.93,24.83,24.89,24.94,25.01,24.78,24.88,24.89,24.91,24.88,24.88,24.69,24.83,24.92,24.76,24.85,24.85,24.93,24.91,25.0,24.71,24.8,24.77,24.89,25.03,24.83,24.8,24.81,24.83,24.83,24.85,24.85,24.85,24.93,24.98,25.0,24.91,24.84,24.89,25.01,24.99,24.79,24.79,24.8,24.83,24.85,24.85,24.86,24.76,24.95,24.89,24.92,25.0,24.68,24.55,25.22,25.2,25.0,24.95,24.8,24.83,24.85,24.93,24.75,24.76,24.91,24.89,24.84,24.88,24.68,24.67,25.18,25.17,25.05,24.88,24.9,24.89,24.89,24.92,25.02,24.81,24.91,24.88,24.88,24.84,24.86,24.81,25.0,25.05,24.9,24.95,24.88,24.75,24.75,25.0,24.67,24.78,24.85,24.88,24.84,24.78,24.79,24.71,24.94,24.9,24.94,24.78,24.84,24.88,24.98,24.88,24.88,24.78,24.96,24.94,24.8,24.69,24.65,24.59,25.15,24.96,24.74,25.01,24.86,24.78,24.88,24.84,24.94,24.78,24.9,24.86,25.03,24.63,24.66,24.61,24.79,24.75,24.9,24.76,24.76,24.76,25.03,24.79,24.88,24.92,24.74,24.81,24.78,24.76,24.75,24.79
9.53,26.34,24.5,24.74,24.57,24.48,24.5,24.72,24.79,24.77,24.71,24.6,24.7,24.74,24.71,24.62,24.59,24.87,24.69,24.94,24.63,24.56,24.66,24.71,24.83,24.78,24.78,24.86,24.69,24.9,24.69,24.75,24.53,24.66,24.59,24.63,24.5,24.72,24.66,24.72,24.77,24.77,24.78,24.76,24.81,24.87,24.82,24.63,24.78,24.69,24.75,24.76,24.75,24.76,24.66,24.69,24.94,24.85,24.94,24.85,24.88,24.78,24.77,24.82,24.72,24.63,24.88,24.95,24.7,24.77,24.74,24.79,24.77,24.83,24.89,24.92,24.91,24.94,25.0,24.78,24.79,24.83,24.7,24.78,24.84,24.71,24.76,24.77,24.77,24.86,24.85,24.78,24.86,25.0,24.94,25.03,24.66,24.72,24.69,24.78,24.79,24.84,24.89,24.78,24.86,24.82,24.85,24.93,24.83,24.89,24.94,25.08,24.78,24.81,24.82,24.85,24.88,24.81,24.69,24.78,24.86,24.82,24.85,24.9,24.93,24.91,25.0,24.76,24.87,24.77,24.82,24.97,24.83,24.8,24.81,24.83,24.83,24.85,24.85,24.9,24.93,24.92,25.0,24.91,24.84,24.82,24.95,24.92,24.79,24.86,24.86,24.78,24.9,24.85,24.92,24.82,25.0,24.89,24.87,25.0,24.75,24.63,25.16,25.13,25.06,25.02,24.86,24.78,24.9,24.93,24.75,24.82,24.91,24.89,24.84,24.88,24.75,24.74,25.18,25.23,25.11,24.88,24.97,24.89,24.89,24.86,24.96,24.88,24.97,24.88,24.88,24.84,24.86,24.73,25.16,25.11,24.97,24.95,24.88,24.75,24.75,25.0,24.74,24.78,24.91,24.88,24.84,24.78,24.79,24.71,25.13,24.98,25.08,24.78,24.84,24.88,24.98,24.88,24.88,24.78,24.9,24.88,24.87,24.69,24.72,24.59,25.03,24.96,24.74,24.94,24.86,24.78,24.82,24.84,24.88,24.78,24.9,24.92,25.03,24.63,24.66,24.61,24.79,24.75,24.9,24.67,24.76,24.84,25.03,24.86,24.81,24.92,24.74,24.81,24.78,24.76,24.64,24.79
9.66,26.34,24.5,24.86,24.46,24.44,24.5,24.76,24.82,24.81,24.68,24.56,24.74,24.78,24.76,24.56,24.59,24.94,24.69,24.94,24.63,24.56,24.66,24.75,24.86,24.78,24.78,24.86,24.69,24.9,24.69,24.75,24.53,24.66,24.59,24.63,24.46,24.69,24.66,24.72,24.77,24.77,24.78,24.76,24.84,24.9,24.82,24.59,24.78,24.69,24.75,24.72,24.75,24.72,24.66,24.69,24.94,24.85,24.94,24.82,24.88,24.78,24.74,24.82,24.72,24.72,24.88,24.95,24.66,24.77,24.74,24.76,24.8,24.8,24.89,24.89,24.94,24.94,24.97,24.78,24.79,24.88,24.74,24.78,24.84,24.71,24.76,24.8,24.81,24.83,24.85,24.78,24.89,25.0,24.94,25.06,24.63,24.72,24.69,24.78,24.79,24.84,24.89,24.75,24.83,24.85,24.85,24.93,24.83,24.89,24.94,25.12,24.78,24.77,24.79,24.82,24.88,24.78,24.69,24.75,24.83,24.85,24.85,24.93,24.93,24.91,25.0,24.79,24.9,24.77,24.79,24.94,24.83,24.8,24.81,24.83,24.83,24.85,24.85,24.93,24.93,24.89,25.0,24.91,24.84,24.79,24.91,24.88,24.79,24.9,24.89,24.75,24.93,24.85,24.95,24.85,25.03,24.89,24.84,25.0,24.78,24.67,25.12,25.1,25.1,25.05,24.89,24.75,24.93,24.93,24.75,24.85,24.91,24.89,24.84,24.88,24.78,24.78,25.18,25.27,25.14,24.88,25.0,24.89,24.89,24.83,24.93,24.91,25.0,24.88,24.88,24.84,24.86,24.69,25.24,25.14,25.0,24.95,24.88,24.75,24.75,25.0,24.78,24.78,24.94,24.88,24.84,24.78,24.79,24.71,25.23,25.03,25.15,24.78,24.84,24.88,24.98,24.88,24.88,24.78,24.86,24.84,24.9,24.69,24.76,24.59,24.98,24.96,24.74,24.9,24.86,24.78,24.78,24.84,24.84,24.78,24.9,24.95,25.03,24.63,24.66,24.61,24.79,24.75,24.9,24.63,24.76,24.88,25.03,24.9,24.77,24.92,24.74,24.81,24.78,24.76,24.58,24.79
9.75,26.34,24.5,24.86,24.51,24.44,24.5,24.76,24.79,24.81,24.68,24.56,24.74,24.78,24.76,24.56,24.66,24.87,24.69,24.88,24.63,24.56,24.66,24.75,24.86,24.78,24.78,24.86,24.69,24.86,24.69,24.75,24.53,24.72,24.65,24.67,24.5,24.69,24.66,24.72,24.77,24.77,24.78,24.76,24.84,24.9,24.82,24.63,24.78,24.64,24.75,24.76,24.75,24.72,24.69,24.69,24.9,24.82,24.94,24.82,24.88,24.78,24.77,24.82,24.76,24.77,24.88,24.91,24.66,24.77,24.74,24.76,24.8,24.77,24.89,24.89,24.91,24.9,24.97,24.78,24.79,24.83,24.74,24.78,24.88,24.71,24.76,24.8,24.81,24.86,24.85,24.81,24.89,24.97,24.94,25.06,24.66,24.76,24.72,24.78,24.79,24.84,24.86,24.75,24.83,24.85,24.88,24.93,24.86,24.89,24.91,25.08,24.82,24.77,24.79,24.85,24.88,24.78,24.72,24.78,24.86,24.82,24.82,24.96,24.9,24.91,25.0,24.79,24.94,24.77,24.82,24.94,24.83,24.83,24.84,24.86,24.86,24.82,24.82,24.93,24.96,24.92,25.0,24.88,24.84,24.82,24.95,24.92,24.79,24.9,24.92,24.78,24.96,24.85,24.92,24.88,25.0,24.92,24.87,24.96,24.75,24.7,25.09,25.1,25.13,25.08,24.95,24.81,24.96,24.93,24.78,24.85,24.95,24.92,24.87,24.88,24.78,24.78,25.18,25.33,25.2,24.91,24.97,24.92,24.92,24.86,24.93,24.88,24.97,24.91,24.88,24.84,24.83,24.66,25.28,25.21,25.07,24.95,24.88,24.75,24.78,25.0,24.81,24.74,24.91,24.91,24.84,24.78,24.75,24.67,25.23,25.14,25.19,24.82,24.84,24.88,24.98,24.91,24.85,24.75,24.84,24.84,24.9,24.72,24.72,24.59,24.98,25.05,24.82,24.9,24.83,24.78,24.78,24.84,24.84,24.78,24.87,24.95,25.03,24.63,24.66,24.56,24.79,24.75,24.95,24.63,24.72,24.84,25.03,24.97,24.81,24.88,24.7,24.76,24.78,24.76,24.58,24.73
9.83,26.34,24.5,24.86,24.56,24.44,24.5,24.76,24.75,24.81,24.68,24.56,24.74,24.78,24.76,24.56,24.72,24.8,24.69,24.83,24.63,24.56,24.66,24.75,24.86,24.78,24.78,24.86,24.69,24.82,24.69,24.75,24.53,24.79,24.7,24.72,24.54,24.69,24.66,24.72,24.77,24.77,24.78,24.76,24.84,24.9,24.82,24.68,24.78,24.58,24.75,24.8,24.75,24.72,24.72,24.69,24.87,24.8,24.94,24.82,24.88,24.78,24.8,24.82,24.8,24.82,24.88,24.88,24.66,24.77,24.74,24.76,24.8,24.73,24.89,24.89,24.88,24.87,24.97,24.78,24.79,24.79,24.74,24.78,24.91,24.71,24.76,24.8,24.81,24.89,24.85,24.84,24.89,24.93,24.94,25.06,24.69,24.8,24.76,24.78,24.79,24.84,24.83,24.75,24.83,24.85,24.9,24.93,24.89,24.89,24.88,25.05,24.85,24.77,24.79,24.89,24.88,24.78,24.76,24.81,24.89,24.79,24.79,24.99,24.88,24.91,25.0,24.79,24.97,24.77,24.86,24.94,24.83,24.86,24.88,24.89,24.89,24.79,24.79,24.93,24.99,24.95,25.0,24.84,24.84,24.86,24.98,24.95,24.79,24.9,24.95,24.81,24.99,24.85,24.89,24.9,24.98,24.95,24.9,24.93,24.71,24.74,25.05,25.1,25.17,25.11,25.0,24.86,24.99,24.93,24.81,24.85,24.98,24.95,24.9,24.88,24.78,24.78,25.18,25.4,25.27,24.94,24.93,24.95,24.95,24.89,24.93,24.84,24.94,24.95,24.88,24.84,24.8,24.62,25.32,25.28,25.14,24.95,24.88,24.75,24.81,25.0,24.85,24.71,24.88,24.94,24.84,24.78,24.71,24.62,25.23,25.26,25.22,24.85,24.84,24.88,24.98,24.94,24.82,24.72,24.81,24.84,24.9,24.76,24.69,24.59,24.98,25.14,24.91,24.9,24.8,24.78,24.78,24.84,24.84,24.78,24.83,24.95,25.03,24.63,24.66,24.5,24.79,24.75,24.99,24.63,24.69,24.8,25.03,25.04,24.84,24.84,24.65,24.72,24.78,24.76,24.58,24.66
9.97,26.34,24.63,24.98,24.59,24.35,24.5,24.78,24.69,24.79,24.66,24.56,24.77,24.78,24.76,24.56,24.72,24.83,24.81,24.83,24.69,24.56,24.66,24.81,24.86,24.78,24.78,24.81,24.69,24.82,24.77,24.75,24.45,24.79,24.8,24.69,24.59,24.69,24.73,24.78,24.81,24.75,24.8,24.77,24.84,24.9,24.82,24.68,24.78,24.58,24.75,24.78,24.75,24.65,24.77,24.75,24.87,24.81,24.94,24.75,24.88,24.8,24.81,24.76,24.78,24.79,24.8,24.82,24.66,24.77,24.78,24.74,24.8,24.75,24.89,24.89,24.88,24.87,24.99,24.78,24.77,24.7,24.74,24.78,24.91,24.73,24.74,24.8,24.88,24.93,24.86,24.83,24.88,24.93,24.99,25.08,24.69,24.78,24.82,24.78,24.8,24.84,24.77,24.75,24.82,24.9,24.9,24.93,24.88,24.94,24.88,25.06,24.85,24.82,24.77,24.92,24.88,24.79,24.76,24.81,24.88,24.79,24.81,25.03,24.82,24.89,25.0,24.8,25.04,24.75,24.84,24.92,24.85,24.92,24.95,24.93,24.88,24.75,24.81,24.98,25.03,24.89,25.0,24.8,24.84,24.84,24.98,24.94,24.8,24.91,24.94,24.81,24.98,24.81,24.9,24.96,24.98,25.0,24.9,24.88,24.71,24.79,25.03,25.08,25.15,25.11,25.1,24.98,25.03,24.88,24.86,24.85,25.03,24.94,24.94,24.81,24.78,24.78,25.16,25.45,25.3,25.08,25.04,25.05,25.06,24.93,24.88,24.86,24.94,25.05,24.88,24.84,24.75,24.64,25.38,25.34,25.25,25.03,24.94,24.83,24.87,25.0,24.85,24.72,24.82,24.94,24.84,24.78,24.66,24.56,25.13,25.38,25.36,24.98,24.84,24.93,24.96,25.03,24.82,24.72,24.77,24.84,24.97,24.76,24.63,24.59,25.01,25.21,25.12,24.96,24.75,24.85,24.85,24.84,24.84,24.71,24.78,25.0,25.03,24.71,24.66,24.53,24.82,24.87,25.06,24.72,24.71,24.82,25.03,25.09,24.9,24.79,24.68,24.74,24.78,24.76,24.58,24.56
10.06,26.34,24.7,25.04,24.65,24.31,24.5,24.82,24.69,24.75,24.62,24.56,24.81,24.78,24.76,24.56,24.72,24.9,24.88,24.83,24.69,24.56,24.66,24.84,24.86,24.78,24.78,24.81,24.69,24.82,24.81,24.75,24.45,24.79,24.86,24.65,24.59,24.69,24.76,24.78,24.81,24.72,24.83,24.8,24.84,24.9,24.82,24.68,24.78,24.58,24.75,24.74,24.75,24.62,24.77,24.78,24.87,24.84,24.94,24.71,24.88,24.83,24.85,24.76,24.74,24.74,24.76,24.82,24.66,24.77,24.78,24.71,24.8,24.78,24.89,24.89,24.88,24.87,25.02,24.78,24.74,24.66,24.74,24.78,24.91,24.77,24.71,24.8,24.91,24.93,24.89,24.8,24.84,24.93,25.02,25.11,24.69,24.74,24.86,24.78,24.83,24.84,24.73,24.75,24.79,24.93,24.9,24.93,24.85,24.94,24.88,25.1,24.85,24.82,24.74,24.89,24.88,24.83,24.76,24.81,24.85,24.79,24.83,25.03,24.79,24.86,25.0,24.83,25.07,24.71,24.81,24.89,24.89,24.95,24.98,24.93,24.85,24.75,24.83,24.98,25.03,24.86,25.0,24.83,24.84,24.81,24.98,24.9,24.83,24.95,24.91,24.81,24.95,24.81,24.93,24.99,24.98,25.0,24.9,24.88,24.71,24.79,25.0,25.05,25.12,25.11,25.12,25.03,25.03,24.85,24.89,24.85,25.03,24.91,24.94,24.78,24.78,24.78,25.12,25.45,25.27,25.14,25.09,25.08,25.09,24.93,24.85,24.89,24.94,25.08,24.88,24.84,24.75,24.68,25.38,25.37,25.28,25.09,24.98,24.89,24.9,25.0,24.85,24.76,24.8,24.94,24.84,24.78,24.66,24.56,25.08,25.38,25.43,25.05,24.84,24.96,24.93,25.03,24.82,24.72,24.77,24.84,25.0,24.76,24.63,24.59,25.06,25.21,25.2,24.99,24.75,24.88,24.88,24.84,24.84,24.68,24.78,25.0,25.03,24.74,24.66,24.58,24.89,24.93,25.06,24.76,24.74,24.86,25.03,25.09,24.9,24.79,24.72,24.78,24.78,24.76,24.58,24.56
10.19,26.34,24.73,25.07,24.74,24.29,24.5,24.88,24.73,24.73,24.6,24.56,24.83,24.78,24.8,24.56,24.72,24.94,24.91,24.83,24.69,24.56,24.66,24.86,24.86,24.82,24.78,24.78,24.69,24.79,24.86,24.75,24.45,24.72,24.94,24.63,24.59,24.69,24.75,24.78,24.81,24.67,24.84,24.84,24.88,24.9,24.82,24.68,24.78,24.53,24.79,24.72,24.75,24.57,24.77,24.82,24.87,24.85,24.94,24.66,24.88,24.88,24.9,24.76,24.68,24.72,24.74,24.82,24.66,24.73,24.75,24.69,24.8,24.8,24.86,24.89,24.88,24.87,25.03,24.78,24.69,24.63,24.78,24.82,24.91,24.78,24.66,24.83,24.96,24.9,24.9,24.75,24.8,24.93,25.06,25.12,24.66,24.68,24.91,24.82,24.88,24.81,24.69,24.75,24.75,24.95,24.9,24.93,24.83,24.94,24.88,25.12,24.85,24.79,24.72,24.84,24.88,24.88,24.76,24.81,24.81,24.81,24.88,25.03,24.78,24.84,25.0,24.91,25.12,24.66,24.76,24.84,24.94,25.0,25.03,24.9,24.83,24.75,24.88,24.98,25.03,24.84,25.0,24.91,24.84,24.76,24.95,24.85,24.88,25.0,24.89,24.83,24.9,24.81,24.98,25.03,24.98,24.97,24.9,24.91,24.71,24.79,24.96,24.97,25.1,25.11,25.16,25.12,25.0,24.83,24.93,24.88,25.03,24.89,24.94,24.77,24.82,24.78,25.07,25.39,25.22,25.24,25.17,25.11,25.14,24.96,24.83,24.94,24.94,25.09,24.88,24.84,24.75,24.73,25.34,25.39,25.3,25.19,25.09,25.01,24.97,24.97,24.88,24.81,24.78,24.92,24.82,24.78,24.69,24.6,25.05,25.34,25.46,25.15,24.93,25.0,24.88,25.0,24.82,24.72,24.77,24.88,25.02,24.79,24.67,24.59,25.09,25.21,25.24,25.04,24.88,24.97,24.94,24.88,24.84,24.66,24.78,24.97,25.03,24.76,24.61,24.67,24.99,25.02,25.06,24.82,24.84,24.95,25.06,25.09,24.86,24.82,24.78,24.85,24.82,24.76,24.53,24.56
10.3,26.34,24.73,24.98,24.83,24.35,24.43,24.88,24.73,24.73,24.66,24.56,24.77,24.78,24.8,24.66,24.72,24.83,24.91,24.83,24.69,24.56,24.66,24.86,24.81,24.87,24.78,24.73,24.69,24.79,24.86,24.75,24.45,24.62,24.94,24.63,24.59,24.69,24.75,24.78,24.81,24.62,24.8,24.84,24.92,24.85,24.76,24.68,24.78,24.53,24.85,24.78,24.75,24.57,24.81,24.82,24.87,24.81,24.94,24.66,24.88,24.88,24.9,24.76,24.68,24.66,24.74,24.76,24.71,24.73,24.75,24.74,24.75,24.8,24.86,24.94,24.88,24.87,25.03,24.78,24.69,24.63,24.78,24.87,24.91,24.78,24.66,24.83,24.96,24.9,24.9,24.75,24.75,24.93,25.11,25.08,24.66,24.68,24.96,24.87,24.88,24.81,24.69,24.75,24.75,24.9,24.86,24.98,24.88,24.94,24.88,25.06,24.85,24.79,24.77,24.84,24.88,24.93,24.76,24.81,24.81,24.81,24.92,25.03,24.82,24.84,25.0,24.96,25.12,24.66,24.76,24.84,24.94,25.0,25.03,24.9,24.88,24.75,24.92,24.98,25.03,24.89,25.0,24.96,24.84,24.76,24.95,24.85,24.88,25.0,24.89,24.88,24.86,24.81,24.98,25.03,24.98,24.92,24.94,24.96,24.71,24.73,24.96,24.97,25.1,25.06,25.2,25.2,24.96,24.88,24.98,24.88,25.03,24.89,24.94,24.77,24.87,24.72,25.01,25.29,25.22,25.34,25.25,25.15,25.19,25.05,24.88,24.94,24.94,25.09,24.88,24.84,24.75,24.79,25.22,25.34,25.3,25.28,25.22,25.14,25.02,24.92,24.88,24.86,24.78,24.87,24.77,24.78,24.75,24.6,24.98,25.27,25.41,25.24,25.07,25.04,24.88,25.0,24.82,24.76,24.81,24.92,24.97,24.84,24.67,24.59,25.09,25.21,25.24,25.14,25.08,25.07,24.99,24.92,24.84,24.66,24.78,24.92,25.03,24.71,24.55,24.67,25.09,25.11,25.06,24.96,24.91,25.0,25.11,25.09,24.86,24.82,24.84,24.85,24.89,24.69,24.53,24.56
10.4,26.34,24.8,24.89,24.86,24.42,24.41,24.84,24.73,24.69,24.68,24.6,24.74,24.78,24.7,24.69,24.79,24.8,24.91,24.78,24.65,24.6,24.66,24.86,24.73,24.88,24.78,24.71,24.69,24.79,24.82,24.75,24.5,24.59,24.88,24.63,24.63,24.69,24.78,24.78,24.78,24.61,24.78,24.84,24.9,24.76,24.71,24.72,24.78,24.53,24.87,24.84,24.78,24.63,24.86,24.79,24.83,24.77,24.97,24.7,24.88,24.88,24.87,24.76,24.72,24.6,24.74,24.71,24.8,24.77,24.78,24.76,24.7,24.8,24.89,24.98,24.88,24.87,25.03,24.82,24.72,24.63,24.74,24.88,24.91,24.82,24.66,24.8,24.93,24.93,24.93,24.78,24.7,24.93,25.12,25.03,24.69,24.68,24.98,24.88,24.88,24.84,24.69,24.75,24.75,24.89,24.85,25.02,24.92,24.91,24.88,25.05,24.85,24.82,24.79,24.84,24.88,24.98,24.79,24.83,24.81,24.79,24.96,25.03,24.86,24.84,25.0,24.98,25.09,24.69,24.79,24.84,24.9,25.0,25.03,24.93,24.89,24.75,24.96,24.95,25.03,24.94,25.0,24.98,24.84,24.76,24.98,24.85,24.88,25.0,24.89,24.92,24.85,24.83,24.95,25.03,24.98,24.91,25.02,24.98,24.68,24.68,24.96,24.97,25.06,24.99,25.21,25.28,24.98,24.92,25.02,24.85,25.0,24.89,24.97,24.79,24.88,24.67,24.92,25.23,25.19,25.37,25.28,25.19,25.26,25.15,24.95,24.94,24.94,25.05,24.91,24.84,24.78,24.84,25.11,25.29,25.26,25.34,25.33,25.27,25.09,24.93,24.9,24.91,24.78,24.86,24.73,24.78,24.81,24.6,24.86,25.21,25.32,25.31,25.18,25.15,24.93,25.0,24.82,24.8,24.89,24.94,24.92,24.86,24.63,24.59,25.09,25.21,25.24,25.22,25.18,25.2,25.1,24.97,24.84,24.7,24.82,24.91,25.03,24.65,24.52,24.67,25.19,25.2,25.02,25.04,24.93,25.06,25.19,25.16,24.9,24.82,24.9,24.85,24.91,24.62,24.53,24.56
10.48,26.34,24.86,24.86,24.8,24.44,24.43,24.8,24.75,24.68,24.68,24.64,24.74,24.78,24.63,24.66,24.82,24.83,24.91,24.75,24.63,24.64,24.66,24.86,24.68,24.88,24.78,24.69,24.69,24.79,24.81,24.75,24.53,24.56,24.83,24.63,24.68,24.69,24.8,24.79,24.77,24.62,24.78,24.84,24.87,24.71,24.69,24.74,24.78,24.53,24.87,24.86,24.81,24.68,24.88,24.78,24.82,24.75,25.0,24.71,24.88,24.88,24.82,24.74,24.74,24.58,24.74,24.69,24.85,24.78,24.81,24.76,24.69,24.8,24.91,25.0,24.9,24.89,25.02,24.85,24.76,24.66,24.72,24.88,24.89,24.83,24.66,24.78,24.91,24.95,24.95,24.8,24.69,24.95,25.12,25.0,24.69,24.65,24.96,24.88,24.88,24.85,24.69,24.75,24.75,24.9,24.85,25.03,24.93,24.89,24.9,25.06,24.83,24.86,24.79,24.84,24.88,25.0,24.81,24.85,24.79,24.79,24.99,25.03,24.89,24.86,25.0,24.98,25.06,24.73,24.81,24.84,24.87,25.0,25.03,24.95,24.88,24.75,24.99,24.93,25.03,24.94,25.0,24.98,24.84,24.74,24.98,24.83,24.88,25.0,24.89,24.93,24.85,24.85,24.93,25.03,24.99,24.91,25.05,24.98,24.66,24.66,24.98,24.95,25.03,24.93,25.2,25.31,25.0,24.93,25.03,24.83,24.96,24.89,24.99,24.82,24.88,24.66,24.86,25.18,25.14,25.35,25.29,25.21,25.32,25.22,24.99,24.95,24.95,25.02,24.94,24.84,24.81,24.88,25.05,25.24,25.21,25.36,25.4,25.34,25.15,24.96,24.93,24.95,24.8,24.84,24.7,24.78,24.84,24.62,24.79,25.15,25.25,25.33,25.24,25.24,24.99,25.0,24.83,24.83,24.93,24.94,24.9,24.84,24.61,24.59,25.06,25.19,25.21,25.23,25.21,25.29,25.2,25.0,24.84,24.73,24.85,24.92,25.03,24.63,24.52,24.7,25.22,25.25,24.97,25.07,24.95,25.11,25.26,25.22,24.92,24.84,24.94,24.87,24.91,24.59,24.5,24.56
10.62,26.34,24.96,24.86,24.64,24.44,24.5,24.74,24.81,24.68,24.68,24.69,24.74,24.78,24.55,24.56,24.82,24.94,24.91,24.75,24.63,24.69,24.66,24.86,24.63,24.88,24.78,24.65,24.69,24.79,24.81,24.75,24.53,24.46,24.75,24.63,24.74,24.69,24.8,24.84,24.77,24.67,24.78,24.84,24.82,24.66,24.69,24.74,24.78,24.53,24.87,24.86,24.86,24.73,24.88,24.78,24.82,24.75,25.05,24.71,24.88,24.88,24.72,24.69,24.74,24.58,24.74,24.69,24.9,24.78,24.85,24.76,24.69,24.8,24.91,25.0,24.94,24.94,24.97,24.9,24.81,24.72,24.72,24.88,24.84,24.83,24.66,24.78,24.91,24.95,24.95,24.8,24.69,25.0,25.12,24.95,24.65,24.59,24.91,24.88,24.88,24.85,24.69,24.75,24.75,24.95,24.85,25.03,24.93,24.89,24.94,25.12,24.78,24.92,24.79,24.84,24.88,25.0,24.81,24.85,24.75,24.83,25.03,25.03,24.93,24.91,25.0,24.98,25.0,24.79,24.81,24.84,24.82,25.0,25.03,24.95,24.83,24.75,25.03,24.93,25.03,24.89,25.0,24.98,24.84,24.69,24.93,24.78,24.88,25.0,24.89,24.93,24.85,24.85,24.93,25.03,25.03,24.91,25.05,24.98,24.66,24.66,25.03,24.9,24.98,24.84,25.16,25.31,25.05,24.93,25.03,24.83,24.91,24.89,25.04,24.86,24.88,24.66,24.81,25.08,25.05,25.3,25.35,25.25,25.4,25.3,25.03,25.0,25.0,24.97,25.0,24.84,24.86,24.94,24.99,25.14,25.11,25.36,25.5,25.43,25.24,24.99,24.97,25.0,24.84,24.79,24.66,24.78,24.9,24.69,24.71,25.03,25.14,25.33,25.33,25.38,25.08,25.0,24.88,24.88,24.97,24.94,24.9,24.79,24.61,24.59,24.98,25.12,25.15,25.23,25.25,25.44,25.34,25.05,24.84,24.78,24.9,24.97,25.03,24.63,24.52,24.78,25.22,25.34,24.9,25.07,25.01,25.22,25.37,25.27,24.92,24.9,25.0,24.94,24.91,24.59,24.42,24.56
10.7,26.34,24.96,24.8,24.64,24.48,24.5,24.74,24.84,24.68,24.71,24.73,24.7,24.78,24.55,24.56,24.89,24.87,24.84,24.7,24.63,24.73,24.66,24.83,24.6,24.85,24.78,24.65,24.69,24.75,24.77,24.75,24.58,24.46,24.65,24.63,24.78,24.72,24.76,24.81,24.73,24.7,24.78,24.84,24.82,24.66,24.69,24.74,24.78,24.48,24.87,24.86,24.86,24.76,24.88,24.75,24.78,24.73,25.05,24.75,24.88,24.88,24.72,24.69,24.74,24.62,24.74,24.72,24.9,24.78,24.82,24.76,24.72,24.8,24.91,25.0,24.94,24.94,24.95,24.9,24.81,24.72,24.76,24.92,24.84,24.83,24.66,24.78,24.88,24.95,24.95,24.83,24.69,24.97,25.09,24.95,24.65,24.59,24.88,24.88,24.88,24.82,24.69,24.75,24.78,24.92,24.85,25.03,24.93,24.89,24.94,25.08,24.78,24.88,24.79,24.84,24.88,25.0,24.81,24.85,24.75,24.86,25.03,25.03,24.93,24.91,25.0,25.01,24.97,24.79,24.84,24.84,24.82,25.0,25.0,24.92,24.86,24.78,25.03,24.9,25.03,24.92,25.0,25.01,24.87,24.69,24.89,24.82,24.88,25.0,24.92,24.96,24.85,24.88,24.93,25.03,25.03,24.88,25.05,24.98,24.66,24.66,24.99,24.87,24.98,24.84,25.11,25.26,25.05,24.99,25.08,24.86,24.88,24.92,25.06,24.92,24.92,24.66,24.81,25.02,25.05,25.27,25.29,25.22,25.37,25.35,25.11,25.03,25.0,24.91,25.0,24.88,24.86,24.94,24.95,25.07,25.08,25.3,25.46,25.4,25.3,25.05,25.05,25.0,24.87,24.76,24.69,24.78,24.9,24.73,24.71,24.98,25.07,25.26,25.33,25.35,25.14,25.05,24.93,24.91,24.94,24.94,24.87,24.82,24.61,24.59,24.92,25.12,25.07,25.17,25.25,25.44,25.38,25.14,24.91,24.82,24.9,24.97,25.03,24.63,24.52,24.72,25.15,25.28,24.9,25.02,25.01,25.22,25.37,25.34,24.99,24.94,25.0,24.94,24.91,24.64,24.42,24.56
10.86,26.34,24.96,24.69,24.64,24.57,24.5,24.74,24.92,24.68,24.79,24.81,24.61,24.78,24.55,24.56,25.02,24.72,24.72,24.59,24.63,24.81,24.66,24.77,24.53,24.78,24.78,24.65,24.69,24.68,24.69,24.75,24.69,24.46,24.43,24.63,24.86,24.8,24.7,24.74,24.67,24.77,24.78,24.84,24.82,24.66,24.69,24.74,24.78,24.37,24.87,24.86,24.86,24.83,24.88,24.69,24.71,24.67,25.05,24.82,24.88,24.88,24.72,24.69,24.74,24.72,24.74,24.8,24.9,24.78,24.77,24.76,24.78,24.8,24.91,25.0,24.94,24.94,24.89,24.9,24.81,24.72,24.84,24.99,24.84,24.83,24.66,24.78,24.81,24.95,24.95,24.89,24.69,24.9,25.04,24.95,24.65,24.59,24.81,24.88,24.88,24.77,24.69,24.75,24.83,24.86,24.85,25.03,24.93,24.89,24.94,25.01,24.78,24.81,24.79,24.84,24.88,25.0,24.81,24.85,24.75,24.92,25.03,25.03,24.93,24.91,25.0,25.08,24.9,24.79,24.91,24.84,24.82,25.0,24.93,24.86,24.92,24.83,25.03,24.85,25.03,24.98,25.0,25.08,24.93,24.69,24.82,24.88,24.88,25.0,24.98,25.02,24.85,24.93,24.93,25.03,25.03,24.81,25.05,24.98,24.66,24.66,24.92,24.8,24.98,24.84,24.99,25.14,25.05,25.1,25.19,24.92,24.81,24.98,25.12,25.04,24.99,24.66,24.81,24.89,25.05,25.21,25.19,25.18,25.31,25.46,25.28,25.09,25.0,24.79,25.0,24.94,24.86,24.94,24.86,24.93,25.02,25.17,25.39,25.34,25.42,25.15,25.23,25.0,24.92,24.71,24.75,24.78,24.9,24.82,24.71,24.9,24.93,25.13,25.33,25.29,25.26,25.16,25.05,24.98,24.88,24.94,24.8,24.89,24.61,24.59,24.81,25.12,24.91,25.03,25.25,25.44,25.44,25.32,25.03,24.88,24.9,24.97,25.03,24.63,24.52,24.61,25.02,25.17,24.9,24.93,25.01,25.22,25.37,25.48,25.12,25.01,25.0,24.94,24.91,24.73,24.42,24.56
10.95,26.33,24.92,24.71,24.63,24.58,24.49,24.73,24.93,24.68,24.8,24.83,24.62,24.82,24.52,24.49,25.01,24.68,24.74,24.58,24.58,24.79,24.65,24.74,24.52,24.75,24.77,24.65,24.68,24.65,24.64,24.74,24.73,24.55,24.42,24.64,24.85,24.79,24.69,24.73,24.66,24.75,24.79,24.83,24.79,24.65,24.68,24.73,24.77,24.39,24.84,24.83,24.85,24.86,24.87,24.68,24.67,24.65,25.04,24.84,24.87,24.87,24.68,24.68,24.76,24.74,24.72,24.79,24.89,24.79,24.77,24.76,24.77,24.8,24.91,25.02,24.93,24.93,24.87,24.89,24.83,24.77,24.81,24.96,24.8,24.84,24.68,24.76,24.8,24.92,24.92,24.91,24.71,24.88,25.0,24.93,24.65,24.62,24.76,24.86,24.87,24.77,24.71,24.74,24.82,24.84,24.84,25.02,24.94,24.85,24.93,24.99,24.77,24.78,24.76,24.83,24.87,24.99,24.8,24.84,24.74,24.92,25.02,25.02,24.94,24.92,24.99,25.09,24.86,24.78,24.9,24.83,24.81,24.99,24.88,24.84,24.9,24.85,25.02,24.84,24.99,24.99,24.99,25.09,24.92,24.68,24.83,24.88,24.87,24.99,24.96,25.02,24.84,24.95,24.92,25.05,25.02,24.82,25.07,24.99,24.65,24.65,24.87,24.81,24.95,24.83,24.93,25.08,25.05,25.13,25.21,24.95,24.8,24.99,25.11,25.05,24.96,24.65,24.8,24.88,25.04,25.13,25.12,25.14,25.26,25.52,25.36,25.14,25.02,24.76,25.02,24.96,24.88,24.93,24.83,24.91,25.0,25.1,25.32,25.26,25.42,25.24,25.32,25.07,24.99,24.71,24.76,24.81,24.91,24.83,24.68,24.83,24.89,25.09,25.28,25.25,25.29,25.23,25.17,25.09,24.93,24.91,24.77,24.87,24.62,24.58,24.77,25.07,24.87,24.99,25.18,25.41,25.43,25.38,25.14,24.99,24.93,24.94,25.02,24.64,24.54,24.6,24.94,25.1,24.89,24.92,24.98,25.19,25.34,25.5,25.17,25.05,25.02,24.93,24.88,24.78,24.43,24.55
11.04,26.32,24.9,24.78,24.61,24.57,24.47,24.72,24.91,24.67,24.78,24.88,24.68,24.87,24.43,24.38,25.0,24.67,24.82,24.57,24.5,24.78,24.63,24.73,24.5,24.69,24.76,24.69,24.66,24.63,24.57,24.73,24.8,24.73,24.41,24.63,24.83,24.78,24.72,24.72,24.65,24.73,24.82,24.82,24.73,24.64,24.66,24.71,24.76,24.45,24.77,24.75,24.84,24.9,24.85,24.67,24.6,24.63,25.02,24.88,24.85,24.85,24.61,24.66,24.81,24.73,24.65,24.78,24.88,24.82,24.8,24.75,24.76,24.83,24.94,25.04,24.91,24.91,24.85,24.88,24.87,24.81,24.73,24.9,24.74,24.88,24.71,24.7,24.78,24.91,24.91,24.94,24.73,24.87,24.94,24.91,24.69,24.66,24.7,24.79,24.85,24.8,24.73,24.73,24.81,24.82,24.82,25.01,24.92,24.79,24.91,24.97,24.76,24.76,24.7,24.82,24.85,24.97,24.78,24.82,24.73,24.91,25.01,25.01,24.92,24.9,24.97,25.08,24.79,24.76,24.89,24.82,24.79,24.97,24.82,24.82,24.84,24.88,25.01,24.82,24.94,24.97,24.97,25.08,24.9,24.66,24.87,24.86,24.85,24.97,24.9,25.01,24.82,24.98,24.91,25.08,25.01,24.84,25.1,24.97,24.64,24.63,24.8,24.84,24.89,24.82,24.83,24.98,25.08,25.16,25.24,24.98,24.78,24.97,25.1,25.03,24.9,24.63,24.78,24.92,25.02,25.02,25.02,25.08,25.2,25.58,25.47,25.21,25.04,24.75,25.06,24.99,24.92,24.91,24.82,24.9,24.98,24.99,25.17,25.11,25.41,25.4,25.43,25.18,25.06,24.74,24.79,24.84,24.9,24.82,24.58,24.76,24.88,25.03,25.13,25.2,25.32,25.36,25.34,25.27,25.0,24.85,24.76,24.8,24.61,24.57,24.76,24.98,24.85,24.93,24.97,25.35,25.41,25.46,25.31,25.12,24.96,24.93,25.01,24.68,24.59,24.59,24.83,24.99,24.88,24.91,24.9,25.12,25.28,25.53,25.25,25.09,25.06,24.91,24.8,24.84,24.5,24.53
11.15,26.31,24.92,24.8,24.63,24.56,24.48,24.69,24.9,24.68,24.75,24.86,24.71,24.88,24.45,24.37,24.95,24.69,24.84,24.58,24.48,24.74,24.62,24.71,24.51,24.64,24.74,24.68,24.65,24.66,24.55,24.67,24.84,24.88,24.42,24.61,24.8,24.76,24.74,24.7,24.65,24.73,24.8,24.78,24.7,24.68,24.65,24.68,24.74,24.47,24.75,24.72,24.81,24.87,24.84,24.64,24.59,24.62,24.99,24.9,24.84,24.84,24.6,24.65,24.83,24.75,24.61,24.8,24.81,24.84,24.82,24.74,24.74,24.83,24.95,25.03,24.9,24.9,24.84,24.81,24.86,24.86,24.72,24.85,24.68,24.9,24.74,24.68,24.75,24.88,24.88,24.95,24.76,24.85,24.9,24.93,24.71,24.71,24.68,24.71,24.84,24.82,24.76,24.74,24.8,24.8,24.8,24.99,24.91,24.74,24.9,24.94,24.78,24.73,24.68,24.81,24.81,24.95,24.79,24.82,24.71,24.88,24.99,24.99,24.91,24.89,24.95,25.08,24.78,24.73,24.89,24.81,24.8,24.95,24.79,24.82,24.8,24.88,25.02,24.85,24.91,24.95,24.95,25.04,24.92,24.65,24.86,24.85,24.84,24.95,24.84,24.97,24.82,24.99,24.94,25.11,24.99,24.86,25.12,24.98,24.64,24.62,24.77,24.88,24.87,24.82,24.77,24.88,25.08,25.19,25.29,25.08,24.84,25.01,25.1,25.03,24.85,24.62,24.75,24.91,24.99,24.98,24.95,25.0,25.12,25.58,25.56,25.28,25.12,24.83,25.1,25.02,24.94,24.9,24.81,24.84,24.98,24.93,25.03,24.99,25.35,25.48,25.53,25.32,25.17,24.85,24.85,24.85,24.88,24.81,24.51,24.72,24.88,24.98,24.99,25.11,25.3,25.42,25.45,25.44,25.1,24.87,24.78,24.79,24.61,24.61,24.74,24.95,24.84,24.88,24.84,25.28,25.37,25.48,25.39,25.2,25.05,24.97,25.02,24.69,24.62,24.63,24.78,24.89,24.85,24.88,24.84,25.09,25.16,25.5,25.29,25.12,25.1,24.97,24.74,24.85,24.63,24.58
11.26,26.29,24.91,24.78,24.7,24.54,24.47,24.67,24.89,24.72,24.73,24.78,24.69,24.86,24.59,24.45,24.84,24.67,24.82,24.65,24.53,24.66,24.6,24.7,24.54,24.63,24.73,24.61,24.64,24.7,24.6,24.59,24.82,24.97,24.49,24.6,24.72,24.75,24.73,24.69,24.68,24.72,24.74,24.71,24.74,24.76,24.64,24.6,24.73,24.45,24.8,24.7,24.75,24.75,24.82,24.63,24.63,24.6,24.93,24.89,24.82,24.82,24.64,24.64,24.81,24.8,24.6,24.85,24.7,24.82,24.8,24.78,24.73,24.81,24.93,25.02,24.89,24.89,24.82,24.7,24.79,24.9,24.76,24.83,24.62,24.89,24.78,24.71,24.74,24.82,24.82,24.93,24.79,24.83,24.89,24.96,24.7,24.75,24.72,24.64,24.82,24.8,24.79,24.77,24.78,24.74,24.74,24.98,24.9,24.73,24.89,24.88,24.82,24.66,24.72,24.79,24.75,24.93,24.77,24.81,24.7,24.87,24.98,24.98,24.9,24.88,24.93,25.12,24.82,24.66,24.88,24.79,24.83,24.93,24.77,24.81,24.78,24.87,25.05,24.92,24.9,24.93,24.93,25.03,24.95,24.64,24.79,24.83,24.82,24.93,24.78,24.91,24.81,24.98,25.01,25.13,24.98,24.84,25.1,25.01,24.68,24.6,24.75,24.92,24.91,24.84,24.75,24.78,25.02,25.22,25.36,25.22,24.96,25.07,25.08,25.02,24.83,24.6,24.73,24.85,24.98,25.01,24.93,24.9,25.02,25.53,25.63,25.35,25.23,24.99,25.13,25.06,24.93,24.89,24.79,24.77,25.02,24.92,24.92,24.89,25.25,25.46,25.61,25.47,25.28,24.97,24.92,24.83,24.87,24.79,24.49,24.71,24.92,24.97,24.89,24.96,25.19,25.46,25.52,25.61,25.18,24.95,24.82,24.82,24.65,24.67,24.73,24.93,24.82,24.87,24.83,25.17,25.26,25.46,25.42,25.24,25.13,25.0,25.06,24.67,24.6,24.7,24.76,24.79,24.83,24.86,24.82,25.08,24.99,25.38,25.28,25.15,25.14,25.07,24.73,24.83,24.79,24.67
11.37,26.28,24.9,24.8,24.75,24.53,24.46,24.68,24.88,24.76,24.72,24.73,24.68,24.85,24.71,24.53,24.73,24.66,24.81,24.69,24.57,24.59,24.61,24.7,24.59,24.6,24.72,24.57,24.63,24.73,24.64,24.54,24.81,25.05,24.53,24.59,24.65,24.76,24.72,24.66,24.7,24.71,24.69,24.67,24.77,24.84,24.65,24.55,24.72,24.47,24.81,24.66,24.69,24.66,24.81,24.62,24.65,24.61,24.88,24.88,24.81,24.81,24.68,24.65,24.78,24.83,24.57,24.88,24.62,24.81,24.79,24.8,24.74,24.82,24.9,25.0,24.86,24.88,24.83,24.6,24.75,24.93,24.79,24.84,24.58,24.86,24.8,24.72,24.75,24.79,24.79,24.9,24.81,24.82,24.89,24.99,24.69,24.8,24.75,24.6,24.81,24.79,24.82,24.79,24.77,24.69,24.7,24.96,24.89,24.74,24.88,24.83,24.84,24.6,24.75,24.78,24.7,24.92,24.76,24.79,24.69,24.86,24.97,24.97,24.89,24.85,24.92,25.16,24.84,24.61,24.87,24.78,24.86,24.9,24.76,24.8,24.77,24.86,25.07,24.98,24.9,24.92,24.92,25.02,24.97,24.64,24.75,24.82,24.8,24.9,24.74,24.87,24.8,24.96,25.07,25.18,24.98,24.84,25.08,25.04,24.72,24.61,24.75,24.94,24.93,24.86,24.74,24.7,24.97,25.24,25.41,25.37,25.08,25.16,25.09,25.0,24.82,24.61,24.73,24.81,24.97,25.02,24.9,24.82,24.92,25.49,25.68,25.43,25.35,25.15,25.17,25.1,24.91,24.88,24.78,24.73,25.06,24.89,24.8,24.79,25.15,25.45,25.69,25.62,25.4,25.1,25.05,24.84,24.86,24.78,24.51,24.7,24.97,24.94,24.78,24.81,25.1,25.5,25.6,25.78,25.27,25.03,24.87,24.87,24.7,24.71,24.72,24.92,24.81,24.86,24.82,25.05,25.14,25.44,25.46,25.26,25.18,25.04,25.1,24.68,24.62,24.72,24.72,24.69,24.85,24.85,24.81,25.03,24.82,25.25,25.27,25.19,25.18,25.15,24.72,24.85,24.95,24.79
11.48,26.28,24.9,24.89,24.66,24.53,24.52,24.68,24.88,24.82,24.66,24.73,24.75,24.85,24.71,24.53,24.63,24.77,24.81,24.69,24.5,24.54,24.67,24.75,24.64,24.6,24.72,24.57,24.63,24.73,24.7,24.54,24.81,25.15,24.61,24.65,24.59,24.76,24.72,24.66,24.7,24.71,24.69,24.67,24.71,24.84,24.7,24.61,24.72,24.55,24.73,24.66,24.69,24.66,24.81,24.62,24.65,24.65,24.88,24.88,24.81,24.81,24.68,24.7,24.78,24.83,24.57,24.82,24.67,24.81,24.83,24.8,24.74,24.82,24.86,25.0,24.82,24.88,24.87,24.6,24.8,24.99,24.72,24.84,24.58,24.81,24.8,24.72,24.8,24.79,24.79,24.86,24.81,24.87,24.93,24.94,24.69,24.86,24.75,24.6,24.81,24.83,24.87,24.79,24.73,24.69,24.75,24.91,24.93,24.74,24.88,24.88,24.84,24.6,24.75,24.78,24.66,24.92,24.82,24.79,24.69,24.82,24.97,24.97,24.93,24.85,24.92,25.16,24.84,24.67,24.87,24.78,24.81,24.86,24.82,24.84,24.73,24.82,25.07,25.03,24.94,24.92,24.92,24.97,24.92,24.7,24.8,24.77,24.76,24.85,24.74,24.87,24.84,24.91,25.07,25.26,25.03,24.92,25.08,25.04,24.72,24.67,24.8,24.94,24.93,24.82,24.79,24.75,24.97,25.2,25.38,25.45,25.21,25.28,25.14,24.95,24.77,24.66,24.73,24.85,24.92,24.93,24.85,24.82,24.92,25.45,25.68,25.46,25.48,25.32,25.31,25.1,24.91,24.88,24.78,24.78,25.06,24.89,24.76,24.79,25.06,25.41,25.74,25.73,25.53,25.28,25.18,24.89,24.91,24.78,24.58,24.7,24.97,24.94,24.78,24.81,25.01,25.42,25.6,25.86,25.45,25.13,24.97,24.87,24.76,24.71,24.72,24.92,24.81,24.91,24.87,25.0,25.04,25.3,25.41,25.31,25.23,25.09,25.14,24.68,24.69,24.72,24.72,24.69,24.85,24.85,24.81,24.97,24.76,25.09,25.17,25.24,25.23,25.2,24.72,24.85,25.03,24.98
11.61,26.28,24.9,24.98,24.58,24.53,24.59,24.68,24.88,24.88,24.6,24.73,24.81,24.85,24.71,24.53,24.53,24.88,24.81,24.69,24.44,24.48,24.73,24.8,24.69,24.6,24.72,24.57,24.63,24.73,24.75,24.54,24.81,25.25,24.69,24.72,24.53,24.76,24.72,24.66,24.7,24.71,24.69,24.67,24.66,24.84,24.76,24.68,24.72,24.63,24.66,24.66,24.69,24.66,24.81,24.62,24.65,24.69,24.88,24.88,24.81,24.81,24.68,24.76,24.78,24.83,24.57,24.77,24.72,24.81,24.88,24.8,24.74,24.82,24.81,25.0,24.78,24.88,24.91,24.6,24.85,25.06,24.66,24.84,24.58,24.76,24.8,24.72,24.85,24.79,24.79,24.81,24.81,24.92,24.98,24.89,24.69,24.92,24.75,24.6,24.81,24.88,24.92,24.79,24.69,24.69,24.79,24.87,24.97,24.74,24.88,24.93,24.84,24.6,24.75,24.78,24.62,24.92,24.87,24.79,24.69,24.77,24.97,24.97,24.97,24.85,24.92,25.16,24.84,24.73,24.87,24.78,24.76,24.81,24.87,24.89,24.69,24.77,25.07,25.07,24.98,24.92,24.92,24.92,24.88,24.75,24.85,24.72,24.72,24.8,24.74,24.87,24.89,24.87,25.07,25.34,25.07,25.01,25.08,25.04,24.72,24.73,24.86,24.94,24.93,24.78,24.83,24.79,24.97,25.15,25.34,25.52,25.34,25.41,25.18,24.91,24.72,24.72,24.73,24.9,24.88,24.84,24.8,24.82,24.92,25.41,25.68,25.5,25.6,25.49,25.44,25.1,24.91,24.88,24.78,24.84,25.06,24.89,24.72,24.79,24.97,25.37,25.78,25.85,25.66,25.46,25.32,24.94,24.97,24.78,24.66,24.7,24.97,24.94,24.78,24.81,24.92,25.34,25.6,25.94,25.64,25.22,25.07,24.87,24.81,24.71,24.72,24.92,24.81,24.97,24.92,24.94,24.94,25.16,25.37,25.36,25.28,25.14,25.19,24.68,24.76,24.72,24.72,24.69,24.85,24.85,24.81,24.91,24.71,24.93,25.06,25.28,25.28,25.26,24.72,24.85,25.11,25.17
11.72,26.28,24.96,24.92,24.58,24.53,24.59,24.65,24.88,24.84,24.56,24.73,24.81,24.81,24.71,24.6,24.6,24.95,24.75,24.69,24.48,24.48,24.73,24.8,24.65,24.57,24.72,24.57,24.63,24.76,24.8,24.54,24.87,25.19,24.69,24.72,24.57,24.8,24.72,24.66,24.67,24.75,24.69,24.64,24.66,24.84,24.8,24.71,24.72,24.63,24.66,24.7,24.69,24.66,24.81,24.59,24.69,24.72,24.88,24.88,24.81,24.81,24.71,24.76,24.74,24.83,24.61,24.81,24.75,24.78,24.85,24.8,24.76,24.82,24.81,24.98,24.78,24.9,24.91,24.6,24.82,25.02,24.7,24.88,24.58,24.72,24.77,24.75,24.85,24.82,24.79,24.78,24.81,24.92,25.0,24.89,24.69,24.88,24.78,24.6,24.81,24.85,24.89,24.82,24.72,24.69,24.79,24.87,24.97,24.76,24.88,24.93,24.84,24.63,24.78,24.78,24.59,24.89,24.87,24.82,24.72,24.75,24.97,24.97,24.97,24.85,24.92,25.12,24.84,24.76,24.87,24.78,24.76,24.81,24.9,24.91,24.72,24.75,25.07,25.07,25.04,24.92,24.95,24.88,24.91,24.78,24.85,24.72,24.72,24.8,24.76,24.87,24.89,24.87,25.1,25.39,25.15,25.03,25.08,25.04,24.72,24.76,24.9,24.91,24.93,24.78,24.86,24.82,24.94,25.12,25.36,25.58,25.4,25.5,25.24,24.94,24.75,24.75,24.73,24.87,24.85,24.84,24.8,24.82,24.92,25.3,25.66,25.53,25.66,25.57,25.5,25.1,24.91,24.88,24.78,24.8,25.03,24.89,24.72,24.85,24.94,25.28,25.78,25.85,25.68,25.52,25.38,24.91,24.97,24.78,24.71,24.74,24.93,24.91,24.78,24.81,24.88,25.21,25.51,25.88,25.64,25.28,25.1,24.9,24.81,24.76,24.72,24.92,24.78,24.97,24.95,24.94,24.91,25.07,25.28,25.3,25.35,25.2,25.22,24.68,24.76,24.72,24.79,24.69,24.85,24.85,24.81,24.91,24.67,24.86,25.03,25.25,25.25,25.3,24.72,24.85,25.11,25.17
11.81,26.28,25.0,24.89,24.58,24.53,24.59,24.63,24.88,24.82,24.54,24.73,24.81,24.79,24.71,24.63,24.63,24.99,24.72,24.69,24.5,24.48,24.73,24.8,24.64,24.55,24.72,24.57,24.63,24.78,24.82,24.54,24.9,25.15,24.69,24.72,24.59,24.82,24.72,24.66,24.65,24.76,24.69,24.63,24.66,24.84,24.82,24.73,24.72,24.63,24.66,24.72,24.69,24.66,24.81,24.58,24.7,24.74,24.88,24.88,24.81,24.81,24.73,24.76,24.72,24.83,24.63,24.83,24.77,24.76,24.83,24.8,24.78,24.82,24.81,24.96,24.78,24.92,24.91,24.6,24.8,25.0,24.72,24.89,24.58,24.7,24.75,24.77,24.85,24.83,24.79,24.77,24.81,24.92,25.02,24.89,24.69,24.86,24.8,24.6,24.81,24.83,24.88,24.83,24.73,24.69,24.79,24.87,24.97,24.78,24.88,24.93,24.84,24.65,24.8,24.78,24.58,24.87,24.87,24.83,24.73,24.73,24.97,24.97,24.97,24.85,24.92,25.11,24.84,24.78,24.87,24.78,24.76,24.81,24.92,24.93,24.73,24.73,25.07,25.07,25.07,24.92,24.96,24.87,24.92,24.8,24.85,24.72,24.72,24.8,24.78,24.87,24.89,24.87,25.11,25.42,25.19,25.05,25.08,25.04,24.72,24.78,24.91,24.89,24.93,24.78,24.88,24.83,24.93,25.11,25.38,25.6,25.42,25.54,25.27,24.95,24.77,24.76,24.73,24.85,24.83,24.84,24.8,24.82,24.92,25.25,25.64,25.54,25.69,25.61,25.53,25.1,24.91,24.88,24.78,24.78,25.01,24.89,24.72,24.88,24.92,25.24,25.78,25.85,25.7,25.56,25.41,24.89,24.97,24.78,24.74,24.76,24.91,24.89,24.78,24.81,24.87,25.15,25.47,25.85,25.64,25.31,25.12,24.92,24.81,24.78,24.72,24.92,24.76,24.97,24.97,24.94,24.89,25.03,25.23,25.27,25.38,25.24,25.24,24.68,24.76,24.72,24.82,24.69,24.85,24.85,24.81,24.91,24.65,24.83,25.02,25.24,25.23,25.32,24.72,24.85,25.11,25.17
11.92,26.29,25.1,24.81,24.58,24.59,24.64,24.58,24.85,24.77,24.49,24.74,24.82,24.73,24.72,24.73,24.74,25.1,24.64,24.65,24.58,24.49,24.74,24.81,24.63,24.51,24.73,24.61,24.64,24.81,24.89,24.55,24.94,25.06,24.7,24.73,24.66,24.85,24.73,24.67,24.65,24.82,24.7,24.62,24.67,24.85,24.89,24.8,24.73,24.64,24.62,24.79,24.7,24.67,24.82,24.57,24.77,24.79,24.89,24.89,24.8,24.82,24.82,24.8,24.67,24.84,24.65,24.9,24.83,24.75,24.8,24.78,24.83,24.83,24.82,24.93,24.76,24.94,24.95,24.61,24.79,24.91,24.79,24.92,24.62,24.7,24.75,24.79,24.82,24.88,24.82,24.77,24.79,24.9,25.04,24.9,24.73,24.86,24.82,24.61,24.82,24.83,24.88,24.85,24.75,24.7,24.82,24.91,24.98,24.83,24.89,24.98,24.85,24.68,24.82,24.79,24.57,24.87,24.88,24.85,24.75,24.7,24.98,24.98,24.98,24.82,24.93,25.06,24.85,24.85,24.88,24.79,24.73,24.82,24.98,24.95,24.75,24.7,25.08,25.08,25.13,24.93,24.99,24.82,24.95,24.86,24.86,24.73,24.7,24.81,24.83,24.88,24.92,24.85,25.13,25.48,25.27,25.1,25.06,25.01,24.73,24.85,24.98,24.88,24.91,24.79,24.93,24.88,24.92,25.08,25.4,25.67,25.54,25.65,25.34,24.98,24.8,24.82,24.74,24.84,24.79,24.82,24.81,24.83,24.93,25.12,25.58,25.57,25.79,25.75,25.63,25.1,24.89,24.89,24.79,24.77,24.97,24.9,24.72,24.95,24.92,25.14,25.76,25.86,25.72,25.69,25.52,24.88,24.94,24.79,24.83,24.82,24.94,24.85,24.79,24.82,24.82,25.01,25.31,25.73,25.62,25.42,25.25,25.01,24.82,24.86,24.73,24.98,24.79,24.98,25.0,24.92,24.85,24.93,25.1,25.18,25.45,25.34,25.33,24.69,24.82,24.73,24.87,24.7,24.85,24.86,24.82,24.92,24.6,24.74,24.98,25.23,25.18,25.38,24.73,24.81,25.18,25.25
12.03,26.31,25.12,24.83,24.6,24.67,24.66,24.59,24.81,24.72,24.51,24.82,24.84,24.74,24.66,24.74,24.85,25.12,24.65,24.58,24.59,24.51,24.75,24.82,24.64,24.47,24.74,24.72,24.65,24.77,24.9,24.62,24.95,24.98,24.71,24.74,24.73,24.86,24.74,24.69,24.66,24.84,24.77,24.68,24.69,24.81,24.96,24.88,24.74,24.73,24.49,24.81,24.71,24.74,24.84,24.63,24.78,24.84,24.9,24.9,24.77,24.84,24.88,24.88,24.63,24.79,24.61,24.91,24.95,24.77,24.77,24.74,24.89,24.89,24.84,24.95,24.73,24.96,25.01,24.68,24.86,24.8,24.81,24.93,24.68,24.71,24.77,24.76,24.84,24.94,24.88,24.78,24.76,24.86,25.05,24.87,24.79,24.88,24.79,24.68,24.84,24.84,24.89,24.82,24.77,24.71,24.88,24.97,24.99,24.89,24.9,25.04,24.81,24.69,24.79,24.81,24.63,24.89,24.84,24.82,24.77,24.71,24.99,24.99,24.99,24.79,24.95,25.03,24.81,24.92,24.84,24.81,24.69,24.84,24.99,24.92,24.77,24.71,25.05,25.05,25.15,24.95,25.01,24.84,24.92,24.92,24.92,24.74,24.67,24.83,24.89,24.94,24.94,24.82,25.11,25.53,25.32,25.16,25.02,24.98,24.74,24.92,24.99,24.9,24.83,24.8,24.95,24.94,24.94,25.05,25.38,25.64,25.6,25.67,25.35,24.95,24.81,24.89,24.82,24.9,24.81,24.74,24.83,24.89,24.95,25.09,25.52,25.58,25.81,25.76,25.69,25.12,24.85,24.9,24.81,24.84,24.93,24.87,24.74,24.96,24.98,25.16,25.73,25.82,25.69,25.7,25.58,24.95,24.9,24.81,24.92,24.84,25.0,24.81,24.81,24.84,24.84,24.97,25.23,25.61,25.53,25.43,25.35,25.08,24.84,24.87,24.74,24.99,24.87,24.99,24.96,24.88,24.81,24.95,25.12,25.15,25.42,25.35,25.4,24.76,24.9,24.66,24.79,24.71,24.94,24.94,24.84,24.88,24.62,24.69,24.99,25.24,25.15,25.34,24.74,24.82,25.19,25.26
12.14,26.32,25.13,24.81,24.61,24.73,24.65,24.63,24.76,24.68,24.53,24.89,24.85,24.76,24.6,24.76,24.96,25.13,24.66,24.54,24.6,24.53,24.78,24.84,24.66,24.45,24.76,24.82,24.66,24.73,24.91,24.7,24.99,24.9,24.7,24.76,24.81,24.88,24.76,24.7,24.66,24.85,24.83,24.74,24.7,24.78,25.03,24.95,24.76,24.8,24.4,24.81,24.74,24.8,24.85,24.67,24.79,24.9,24.91,24.9,24.74,24.85,24.92,24.95,24.59,24.75,24.59,24.92,25.05,24.78,24.75,24.71,24.95,24.94,24.84,24.97,24.72,24.95,25.06,24.76,24.92,24.7,24.83,24.95,24.74,24.72,24.77,24.73,24.85,24.99,24.94,24.79,24.73,24.85,25.07,24.84,24.84,24.87,24.77,24.74,24.85,24.86,24.9,24.8,24.8,24.73,24.94,24.99,25.01,24.95,24.91,25.09,24.78,24.71,24.75,24.82,24.68,24.89,24.8,24.8,24.8,24.73,24.99,25.01,25.01,24.77,24.97,24.99,24.78,24.97,24.82,24.82,24.67,24.84,24.99,24.9,24.8,24.73,25.02,25.02,25.16,24.98,25.04,24.85,24.89,24.97,24.99,24.78,24.65,24.85,24.94,24.98,24.95,24.81,25.09,25.57,25.38,25.2,25.01,24.95,24.76,24.99,25.01,24.9,24.78,24.82,24.97,24.98,24.94,25.02,25.35,25.61,25.64,25.68,25.38,24.94,24.83,24.94,24.89,24.95,24.82,24.67,24.85,24.94,24.97,25.06,25.47,25.61,25.82,25.75,25.75,25.13,24.83,24.9,24.82,24.9,24.91,24.85,24.75,24.96,25.02,25.16,25.7,25.78,25.68,25.7,25.64,25.02,24.88,24.82,25.02,24.85,25.05,24.79,24.82,24.85,24.84,24.95,25.18,25.49,25.46,25.45,25.46,25.13,24.87,24.88,24.76,24.98,24.93,25.01,24.94,24.86,24.76,24.95,25.12,25.12,25.38,25.36,25.44,24.83,24.98,24.59,24.7,24.73,25.0,25.0,24.87,24.85,24.63,24.65,25.01,25.24,25.11,25.31,24.78,24.83,25.18,25.28
12.23,26.32,25.14,24.65,24.68,24.74,24.59,24.65,24.71,24.63,24.54,24.92,24.86,24.76,24.58,24.76,25.07,25.14,24.67,24.6,24.65,24.54,24.81,24.81,24.66,24.49,24.76,24.84,24.67,24.71,24.92,24.73,25.08,24.8,24.68,24.76,24.87,24.84,24.76,24.74,24.65,24.86,24.86,24.76,24.74,24.76,25.05,24.98,24.76,24.75,24.43,24.79,24.79,24.82,24.86,24.67,24.83,24.92,24.92,24.85,24.7,24.86,24.92,24.97,24.58,24.73,24.63,24.96,25.04,24.79,24.71,24.7,24.98,24.91,24.83,24.98,24.75,24.91,25.08,24.83,24.94,24.62,24.87,24.92,24.76,24.76,24.76,24.72,24.82,25.01,24.96,24.78,24.72,24.85,25.05,24.82,24.84,24.82,24.81,24.76,24.86,24.86,24.86,24.79,24.84,24.73,24.96,24.98,25.01,24.98,24.92,25.06,24.76,24.71,24.74,24.82,24.73,24.84,24.75,24.79,24.84,24.73,24.96,25.01,25.01,24.81,24.98,24.94,24.76,24.94,24.82,24.82,24.71,24.83,24.94,24.86,24.84,24.73,25.01,25.01,25.14,25.04,25.08,24.86,24.88,24.94,25.01,24.83,24.69,24.89,24.91,24.96,24.96,24.84,25.12,25.55,25.4,25.18,25.04,24.99,24.76,25.01,25.01,24.88,24.82,24.85,24.98,24.96,24.9,25.01,25.34,25.6,25.64,25.65,25.4,24.97,24.83,24.91,24.92,24.92,24.82,24.69,24.89,24.91,24.98,25.03,25.46,25.66,25.82,25.72,25.77,25.14,24.86,24.84,24.82,24.86,24.92,24.89,24.79,24.92,25.03,25.12,25.65,25.77,25.68,25.66,25.6,25.04,24.88,24.82,25.05,24.86,25.06,24.83,24.82,24.86,24.8,24.95,25.14,25.39,25.42,25.45,25.53,25.13,24.94,24.93,24.76,24.92,24.93,25.01,24.94,24.9,24.69,24.93,25.08,25.11,25.4,25.36,25.39,24.86,25.01,24.62,24.68,24.73,24.96,25.0,24.94,24.87,24.64,24.64,25.01,25.2,25.06,25.29,24.85,24.79,25.1,25.22
12.39,26.32,25.14,24.4,24.8,24.74,24.5,24.65,24.64,24.56,24.54,24.92,24.86,24.76,24.58,24.76,25.2,25.14,24.67,24.71,24.74,24.54,24.81,24.75,24.66,24.56,24.76,24.84,24.67,24.71,24.92,24.73,25.19,24.67,24.68,24.76,24.95,24.77,24.76,24.81,24.65,24.86,24.86,24.76,24.81,24.76,25.05,24.98,24.76,24.64,24.53,24.79,24.86,24.82,24.86,24.67,24.9,24.92,24.92,24.78,24.65,24.86,24.92,24.97,24.58,24.73,24.71,25.03,24.97,24.79,24.65,24.7,24.98,24.85,24.83,24.98,24.81,24.84,25.08,24.9,24.94,24.53,24.95,24.85,24.76,24.83,24.76,24.72,24.75,25.01,24.96,24.78,24.72,24.85,24.99,24.82,24.84,24.74,24.88,24.76,24.86,24.86,24.79,24.79,24.9,24.73,24.96,24.98,25.01,24.98,24.92,24.99,24.76,24.71,24.74,24.82,24.79,24.78,24.69,24.79,24.9,24.73,24.9,25.01,25.01,24.88,24.98,24.87,24.76,24.86,24.82,24.82,24.78,24.83,24.88,24.8,24.9,24.73,25.01,25.01,25.08,25.1,25.13,24.86,24.88,24.88,25.01,24.9,24.74,24.96,24.85,24.9,24.96,24.9,25.18,25.5,25.4,25.13,25.11,25.06,24.76,25.01,25.01,24.88,24.88,24.9,24.98,24.9,24.84,25.01,25.34,25.6,25.64,25.59,25.4,25.02,24.83,24.84,24.92,24.86,24.82,24.74,24.96,24.85,24.98,24.97,25.46,25.71,25.82,25.67,25.77,25.14,24.92,24.77,24.82,24.79,24.92,24.95,24.84,24.87,25.03,25.08,25.59,25.77,25.68,25.61,25.48,25.04,24.88,24.82,25.05,24.86,25.06,24.9,24.82,24.86,24.74,24.95,25.09,25.28,25.36,25.45,25.59,25.13,25.03,25.03,24.76,24.82,24.93,25.01,24.94,24.97,24.62,24.93,25.01,25.11,25.47,25.36,25.33,24.86,25.01,24.73,24.68,24.73,24.86,25.0,25.03,24.95,24.64,24.64,25.01,25.14,24.99,25.29,24.94,24.7,24.99,25.09
12.46,26.33,25.08,24.38,24.77,24.74,24.53,24.67,24.6,24.58,24.58,24.89,24.82,24.77,24.63,24.77,25.24,25.07,24.67,24.68,24.77,24.58,24.79,24.7,24.68,24.6,24.77,24.85,24.67,24.7,24.92,24.78,25.12,24.64,24.66,24.72,24.94,24.73,24.77,24.83,24.65,24.86,24.86,24.78,24.83,24.77,25.05,24.94,24.77,24.65,24.56,24.82,24.86,24.83,24.86,24.68,24.92,24.92,24.92,24.79,24.62,24.86,24.96,24.99,24.62,24.74,24.73,25.02,24.94,24.78,24.64,24.69,24.95,24.86,24.86,24.95,24.82,24.83,25.1,24.9,24.97,24.53,24.94,24.82,24.78,24.87,24.76,24.72,24.72,25.02,24.95,24.81,24.72,24.86,24.97,24.83,24.85,24.72,24.86,24.77,24.86,24.85,24.78,24.78,24.89,24.74,24.95,24.98,25.02,24.98,24.95,25.02,24.73,24.74,24.76,24.83,24.82,24.76,24.67,24.81,24.92,24.74,24.9,25.02,24.99,24.9,24.98,24.9,24.77,24.83,24.81,24.86,24.8,24.86,24.85,24.78,24.89,24.76,25.02,25.02,25.06,25.11,25.12,24.9,24.87,24.85,24.98,24.9,24.76,24.98,24.86,24.88,24.95,24.92,25.17,25.47,25.38,25.11,25.13,25.08,24.77,25.02,24.98,24.89,24.89,24.92,24.98,24.9,24.86,24.99,25.31,25.59,25.68,25.56,25.41,25.02,24.85,24.84,24.92,24.88,24.83,24.76,24.98,24.88,24.98,24.98,25.44,25.73,25.83,25.67,25.77,25.14,24.91,24.77,24.83,24.81,24.9,24.95,24.86,24.86,25.03,25.07,25.54,25.77,25.68,25.63,25.42,25.06,24.89,24.83,25.05,24.86,25.04,24.9,24.83,24.86,24.75,24.96,25.05,25.21,25.35,25.45,25.64,25.14,25.04,25.05,24.77,24.81,24.96,25.02,24.94,24.99,24.66,24.94,24.99,25.11,25.47,25.4,25.34,24.82,24.99,24.77,24.71,24.74,24.82,24.99,25.04,24.98,24.64,24.68,24.98,25.13,25.02,25.3,24.94,24.65,24.96,25.1
12.57,26.34,24.96,24.39,24.67,24.73,24.61,24.76,24.56,24.68,24.68,24.82,24.74,24.78,24.73,24.78,25.25,24.94,24.69,24.62,24.78,24.68,24.81,24.63,24.75,24.68,24.78,24.84,24.69,24.66,24.94,24.87,24.94,24.66,24.57,24.65,24.88,24.69,24.78,24.84,24.66,24.88,24.88,24.84,24.84,24.78,25.06,24.88,24.78,24.66,24.6,24.84,24.88,24.84,24.88,24.68,24.94,24.94,24.94,24.8,24.59,24.88,25.01,25.06,24.72,24.75,24.76,24.95,24.88,24.78,24.66,24.66,24.91,24.88,24.88,24.91,24.85,24.8,25.16,24.92,25.03,24.57,24.88,24.78,24.84,24.94,24.76,24.69,24.69,25.03,24.95,24.88,24.69,24.9,24.94,24.84,24.84,24.72,24.82,24.78,24.88,24.85,24.78,24.75,24.86,24.75,24.95,24.92,25.03,25.0,25.03,25.08,24.68,24.77,24.79,24.84,24.88,24.76,24.69,24.83,24.95,24.75,24.92,25.03,24.95,24.93,25.0,24.98,24.78,24.77,24.82,24.94,24.83,24.88,24.79,24.75,24.86,24.83,25.03,25.03,25.03,25.12,25.1,24.98,24.84,24.79,24.93,24.92,24.79,25.0,24.88,24.83,24.95,24.95,25.14,25.39,25.31,25.08,25.16,25.12,24.78,25.03,24.92,24.88,24.92,24.94,25.0,24.92,24.92,24.95,25.23,25.56,25.73,25.53,25.44,24.99,24.88,24.86,24.94,24.94,24.84,24.79,25.0,24.95,25.0,25.03,25.41,25.76,25.84,25.68,25.78,25.16,24.88,24.79,24.84,24.88,24.92,24.97,24.88,24.82,25.03,25.08,25.45,25.78,25.71,25.68,25.38,25.12,24.92,24.84,25.06,24.88,25.02,24.92,24.84,24.88,24.76,25.01,25.01,25.12,25.38,25.47,25.75,25.13,25.05,25.06,24.78,24.8,25.01,25.03,24.97,25.02,24.75,24.94,24.94,25.12,25.44,25.49,25.33,24.76,24.98,24.78,24.76,24.75,24.73,24.91,25.05,25.0,24.66,24.77,24.92,25.12,25.1,25.31,24.96,24.59,24.95,25.22
12.67,26.33,24.95,24.38,24.65,24.65,24.59,24.75,24.54,24.66,24.66,24.81,24.73,24.77,24.72,24.77,25.24,24.93,24.67,24.6,24.77,24.72,24.79,24.61,24.68,24.72,24.77,24.78,24.67,24.64,24.92,24.86,25.01,24.64,24.47,24.64,24.86,24.67,24.77,24.78,24.59,24.86,24.86,24.83,24.83,24.72,24.99,24.86,24.77,24.57,24.66,24.82,24.86,24.83,24.86,24.62,24.92,24.92,24.92,24.73,24.58,24.81,24.96,25.05,24.76,24.74,24.75,24.88,24.82,24.72,24.64,24.64,24.85,24.86,24.86,24.89,24.88,24.79,25.14,24.9,24.97,24.62,24.86,24.82,24.88,24.92,24.69,24.67,24.67,25.02,24.93,24.81,24.67,24.93,24.92,24.88,24.78,24.64,24.81,24.77,24.86,24.84,24.76,24.74,24.85,24.74,24.93,24.82,24.98,24.94,25.02,25.07,24.66,24.75,24.83,24.83,24.86,24.74,24.67,24.82,24.93,24.78,24.9,25.02,24.93,24.97,25.02,24.96,24.77,24.7,24.86,24.92,24.87,24.81,24.72,24.78,24.85,24.86,24.98,25.02,25.02,25.16,25.12,24.96,24.83,24.72,24.91,24.96,24.82,24.93,24.81,24.78,24.93,24.98,25.13,25.34,25.3,25.06,25.19,25.1,24.77,24.96,24.9,24.87,24.9,24.92,24.94,24.9,24.9,24.93,25.17,25.51,25.68,25.56,25.47,25.02,24.87,24.8,24.92,24.88,24.88,24.82,24.93,24.93,24.98,25.02,25.4,25.75,25.83,25.67,25.82,25.14,24.86,24.77,24.83,24.87,24.96,24.95,24.82,24.81,24.97,25.02,25.39,25.73,25.73,25.63,25.36,25.11,24.96,24.83,24.97,24.93,24.96,24.96,24.78,24.86,24.75,25.0,25.0,25.1,25.36,25.5,25.78,25.07,25.04,24.98,24.77,24.78,24.93,25.02,24.95,25.01,24.78,24.92,24.88,25.06,25.38,25.48,25.32,24.75,24.9,24.77,24.84,24.82,24.72,24.83,25.04,24.98,24.7,24.81,24.9,25.01,25.08,25.3,25.01,24.58,24.85,25.1
12.79,26.31,24.93,24.39,24.63,24.56,24.6,24.71,24.52,24.63,24.63,24.79,24.71,24.75,24.7,24.75,25.22,24.91,24.65,24.56,24.75,24.77,24.75,24.6,24.6,24.75,24.75,24.72,24.65,24.62,24.9,24.84,25.08,24.62,24.37,24.62,24.83,24.65,24.75,24.69,24.52,24.84,24.84,24.81,24.81,24.63,24.9,24.83,24.75,24.47,24.72,24.81,24.83,24.81,24.84,24.56,24.9,24.9,24.9,24.66,24.56,24.72,24.9,25.04,24.81,24.72,24.71,24.79,24.75,24.63,24.62,24.62,24.76,24.85,24.85,24.86,24.9,24.78,25.12,24.87,24.88,24.69,24.83,24.87,24.92,24.9,24.62,24.65,24.65,25.0,24.91,24.75,24.65,24.96,24.9,24.92,24.72,24.56,24.78,24.75,24.84,24.82,24.75,24.72,24.82,24.72,24.91,24.72,24.9,24.86,25.0,25.07,24.65,24.74,24.88,24.81,24.84,24.73,24.65,24.8,24.9,24.82,24.9,25.0,24.91,25.0,25.05,24.95,24.75,24.62,24.9,24.9,24.9,24.75,24.65,24.82,24.82,24.9,24.9,25.0,25.0,25.19,25.14,24.95,24.81,24.65,24.9,24.99,24.84,24.85,24.75,24.72,24.91,25.0,25.1,25.28,25.28,25.05,25.22,25.07,24.75,24.87,24.89,24.87,24.84,24.9,24.86,24.9,24.9,24.91,25.1,25.44,25.61,25.61,25.5,25.04,24.85,24.73,24.9,24.81,24.92,24.84,24.85,24.92,24.96,25.0,25.37,25.71,25.81,25.67,25.87,25.12,24.83,24.77,24.81,24.87,24.99,24.92,24.74,24.81,24.9,24.96,25.32,25.66,25.76,25.57,25.34,25.09,25.0,24.81,24.84,25.0,24.89,24.99,24.69,24.84,24.74,24.96,24.96,25.08,25.33,25.53,25.83,25.0,25.0,24.87,24.75,24.79,24.84,25.0,24.92,24.97,24.85,24.92,24.81,24.97,25.3,25.47,25.33,24.73,24.79,24.75,24.96,24.92,24.74,24.75,25.0,24.96,24.75,24.87,24.89,24.87,25.06,25.28,25.05,24.56,24.75,24.95
12.92,26.3,24.92,24.45,24.62,24.55,24.63,24.66,24.53,24.62,24.62,24.76,24.7,24.74,24.69,24.74,25.21,24.9,24.65,24.5,24.72,24.8,24.73,24.59,24.57,24.74,24.74,24.71,24.65,24.61,24.88,24.83,25.04,24.61,24.36,24.61,24.8,24.65,24.74,24.65,24.52,24.83,24.83,24.8,24.8,24.6,24.87,24.82,24.74,24.49,24.71,24.86,24.79,24.8,24.82,24.55,24.88,24.88,24.9,24.67,24.57,24.7,24.89,25.03,24.84,24.71,24.68,24.74,24.76,24.6,24.61,24.61,24.72,24.87,24.87,24.85,24.88,24.82,25.1,24.82,24.83,24.72,24.82,24.88,24.93,24.88,24.63,24.66,24.65,24.98,24.89,24.74,24.66,24.94,24.91,24.93,24.71,24.55,24.73,24.74,24.83,24.8,24.76,24.72,24.79,24.71,24.89,24.72,24.89,24.83,25.0,25.07,24.62,24.73,24.9,24.8,24.83,24.74,24.65,24.81,24.88,24.83,24.9,24.99,24.9,24.99,25.06,24.94,24.74,24.61,24.89,24.9,24.88,24.75,24.65,24.82,24.78,24.9,24.86,24.99,25.0,25.18,25.12,24.94,24.8,24.66,24.87,24.96,24.83,24.82,24.75,24.72,24.89,24.98,25.06,25.28,25.28,25.07,25.19,25.04,24.74,24.84,24.88,24.89,24.78,24.9,24.83,24.92,24.92,24.9,25.06,25.42,25.6,25.61,25.49,25.02,24.84,24.72,24.91,24.8,24.93,24.83,24.82,24.94,24.94,24.99,25.33,25.68,25.8,25.69,25.88,25.11,24.79,24.8,24.8,24.9,24.96,24.88,24.72,24.84,24.9,24.94,25.28,25.63,25.75,25.58,25.35,25.07,24.97,24.78,24.81,25.01,24.88,24.96,24.66,24.83,24.76,24.92,24.92,25.06,25.29,25.55,25.83,25.01,24.94,24.81,24.77,24.82,24.83,24.97,24.88,24.93,24.91,24.94,24.8,24.93,25.25,25.46,25.39,24.72,24.75,24.71,24.98,24.95,24.78,24.76,24.94,24.94,24.76,24.9,24.88,24.84,25.05,25.25,25.05,24.58,24.74,24.87
13.03,26.29,24.9,24.53,24.61,24.54,24.68,24.59,24.57,24.6,24.6,24.69,24.69,24.72,24.68,24.72,25.19,24.88,24.63,24.4,24.64,24.84,24.71,24.57,24.56,24.72,24.72,24.69,24.63,24.6,24.8,24.82,24.94,24.6,24.35,24.59,24.73,24.63,24.72,24.58,24.56,24.82,24.82,24.79,24.79,24.59,24.86,24.8,24.72,24.55,24.69,24.96,24.72,24.79,24.75,24.54,24.81,24.82,24.88,24.71,24.59,24.68,24.87,25.02,24.88,24.69,24.67,24.67,24.79,24.59,24.6,24.6,24.66,24.89,24.89,24.83,24.82,24.9,25.04,24.76,24.77,24.78,24.8,24.86,24.91,24.81,24.66,24.69,24.63,24.92,24.83,24.72,24.69,24.92,24.94,24.91,24.69,24.54,24.67,24.72,24.82,24.74,24.74,24.75,24.78,24.69,24.83,24.75,24.92,24.81,25.04,25.06,24.55,24.71,24.94,24.79,24.82,24.72,24.63,24.83,24.86,24.86,24.89,24.98,24.89,24.98,25.04,24.92,24.72,24.6,24.87,24.88,24.81,24.78,24.63,24.81,24.72,24.89,24.81,24.98,25.03,25.16,25.06,24.92,24.79,24.7,24.8,24.9,24.82,24.8,24.78,24.75,24.83,24.92,25.0,25.31,25.31,25.09,25.13,25.02,24.72,24.82,24.86,24.93,24.72,24.88,24.81,24.95,24.95,24.89,25.0,25.41,25.59,25.6,25.48,24.96,24.83,24.7,24.96,24.79,24.91,24.82,24.8,24.97,24.92,24.98,25.28,25.62,25.79,25.72,25.87,25.1,24.72,24.84,24.79,24.94,24.9,24.82,24.71,24.92,24.88,24.92,25.22,25.58,25.74,25.61,25.39,25.0,24.9,24.7,24.8,24.99,24.86,24.9,24.65,24.82,24.79,24.85,24.85,24.99,25.22,25.58,25.82,25.05,24.86,24.72,24.84,24.88,24.82,24.9,24.82,24.86,25.0,24.98,24.79,24.86,25.19,25.45,25.48,24.71,24.74,24.61,24.96,24.93,24.84,24.81,24.86,24.92,24.75,24.94,24.86,24.82,25.03,25.18,25.03,24.64,24.72,24.75
13.1,26.28,24.89,24.59,24.6,24.53,24.72,24.55,24.6,24.59,24.59,24.64,24.68,24.72,24.67,24.72,25.18,24.88,24.62,24.34,24.58,24.87,24.7,24.56,24.55,24.72,24.72,24.68,24.62,24.59,24.75,24.81,24.88,24.59,24.34,24.58,24.68,24.62,24.72,24.54,24.58,24.81,24.81,24.78,24.78,24.58,24.86,24.79,24.72,24.6,24.68,25.02,24.68,24.78,24.71,24.53,24.77,24.79,24.87,24.73,24.61,24.67,24.86,25.02,24.91,24.68,24.66,24.62,24.82,24.58,24.59,24.59,24.62,24.91,24.91,24.82,24.79,24.96,25.01,24.72,24.72,24.81,24.79,24.85,24.9,24.77,24.68,24.71,24.62,24.88,24.8,24.72,24.71,24.91,24.96,24.9,24.68,24.53,24.62,24.72,24.81,24.7,24.73,24.77,24.77,24.68,24.8,24.77,24.94,24.8,25.06,25.05,24.51,24.7,24.97,24.78,24.81,24.72,24.62,24.85,24.85,24.88,24.88,24.97,24.88,24.97,25.02,24.91,24.72,24.59,24.86,24.87,24.77,24.8,24.62,24.8,24.68,24.88,24.77,24.97,25.05,25.15,25.02,24.91,24.78,24.72,24.76,24.85,24.81,24.79,24.8,24.77,24.8,24.88,24.97,25.32,25.32,25.11,25.09,25.02,24.72,24.82,24.85,24.96,24.67,24.87,24.8,24.97,24.97,24.88,24.97,25.4,25.58,25.59,25.47,24.92,24.82,24.69,24.98,24.78,24.9,24.81,24.79,24.99,24.91,24.97,25.25,25.58,25.78,25.74,25.86,25.09,24.68,24.87,24.78,24.97,24.85,24.78,24.7,24.97,24.87,24.91,25.18,25.54,25.74,25.62,25.41,24.96,24.85,24.65,24.79,24.98,24.85,24.85,24.64,24.81,24.81,24.81,24.81,24.95,25.18,25.6,25.81,25.08,24.81,24.67,24.88,24.92,24.81,24.85,24.78,24.82,25.06,25.0,24.78,24.82,25.15,25.44,25.54,24.7,24.73,24.55,24.95,24.92,24.88,24.85,24.81,24.91,24.74,24.97,24.85,24.82,25.02,25.13,25.02,24.68,24.72,24.67
13.23,26.26,24.88,24.69,24.7,24.51,24.61,24.45,24.57,24.57,24.57,24.61,24.66,24.7,24.56,24.7,25.03,24.86,24.6,24.43,24.57,24.77,24.68,24.62,24.6,24.7,24.7,24.6,24.6,24.65,24.65,24.71,24.86,24.57,24.43,24.65,24.73,24.6,24.7,24.52,24.62,24.72,24.72,24.76,24.82,24.63,24.76,24.77,24.7,24.58,24.67,25.0,24.58,24.76,24.69,24.57,24.68,24.71,24.8,24.72,24.65,24.65,24.79,24.92,24.89,24.67,24.57,24.68,24.8,24.62,24.57,24.63,24.66,24.89,24.89,24.86,24.77,24.99,24.93,24.7,24.64,24.79,24.85,24.83,24.82,24.68,24.73,24.74,24.67,24.81,24.78,24.63,24.69,24.94,24.94,24.88,24.67,24.51,24.67,24.77,24.79,24.74,24.72,24.81,24.75,24.67,24.78,24.75,24.92,24.78,24.98,24.96,24.56,24.68,24.95,24.76,24.79,24.7,24.67,24.78,24.83,24.92,24.81,24.95,24.92,24.95,25.0,24.82,24.7,24.65,24.91,24.79,24.75,24.78,24.67,24.83,24.72,24.86,24.75,25.0,25.09,25.13,25.0,24.82,24.76,24.71,24.81,24.83,24.79,24.76,24.78,24.75,24.78,24.81,25.0,25.35,25.3,25.14,25.01,25.0,24.77,24.8,24.83,24.94,24.65,24.85,24.78,24.95,24.95,24.92,25.0,25.38,25.56,25.57,25.45,24.9,24.8,24.67,24.97,24.7,24.88,24.79,24.76,24.86,24.89,24.95,25.28,25.56,25.82,25.72,25.85,25.07,24.73,24.85,24.76,24.95,24.83,24.76,24.68,24.95,24.85,24.89,25.22,25.53,25.79,25.56,25.46,24.87,24.76,24.63,24.67,24.97,24.83,24.9,24.62,24.85,24.79,24.73,24.86,25.0,25.17,25.58,25.73,25.06,24.79,24.66,24.87,24.99,24.72,24.76,24.7,24.8,25.04,24.98,24.76,24.8,25.13,25.42,25.6,24.75,24.71,24.53,24.93,25.02,24.86,24.83,24.72,24.89,24.8,24.95,24.83,24.8,24.92,25.12,25.09,24.66,24.7,24.52
13.32,26.25,24.83,24.77,24.75,24.5,24.53,24.41,24.56,24.58,24.58,24.58,24.63,24.69,24.5,24.69,24.93,24.81,24.59,24.5,24.56,24.7,24.68,24.66,24.66,24.69,24.69,24.54,24.59,24.69,24.58,24.66,24.79,24.56,24.5,24.69,24.76,24.59,24.69,24.53,24.66,24.66,24.66,24.75,24.86,24.69,24.72,24.74,24.69,24.6,24.66,24.99,24.51,24.75,24.68,24.6,24.62,24.66,24.75,24.72,24.68,24.66,24.75,24.86,24.88,24.66,24.52,24.74,24.79,24.66,24.56,24.67,24.69,24.88,24.88,24.88,24.76,25.03,24.88,24.69,24.59,24.78,24.88,24.81,24.75,24.62,24.77,24.78,24.71,24.75,24.75,24.59,24.68,24.97,24.93,24.86,24.66,24.5,24.71,24.81,24.78,24.76,24.69,24.84,24.74,24.66,24.75,24.74,24.92,24.78,24.94,24.9,24.58,24.69,24.94,24.75,24.78,24.67,24.71,24.74,24.84,24.94,24.75,24.94,24.94,24.94,24.97,24.78,24.69,24.69,24.94,24.75,24.74,24.78,24.71,24.85,24.75,24.85,24.75,25.04,25.12,25.1,24.97,24.78,24.75,24.7,24.83,24.81,24.78,24.77,24.78,24.74,24.75,24.75,25.04,25.38,25.29,25.16,24.95,25.0,24.81,24.81,24.81,24.91,24.66,24.84,24.78,24.94,24.94,24.94,25.04,25.38,25.57,25.55,25.44,24.88,24.81,24.67,24.96,24.66,24.86,24.78,24.77,24.78,24.88,24.94,25.31,25.57,25.85,25.72,25.83,25.06,24.78,24.84,24.75,24.94,24.81,24.75,24.68,24.94,24.84,24.88,25.25,25.54,25.83,25.52,25.48,24.81,24.69,24.62,24.61,24.93,24.81,24.93,24.63,24.88,24.78,24.68,24.9,25.02,25.17,25.56,25.66,25.05,24.78,24.68,24.86,25.03,24.65,24.69,24.66,24.81,25.03,24.95,24.75,24.81,25.14,25.43,25.62,24.78,24.7,24.52,24.92,25.07,24.82,24.82,24.65,24.88,24.82,24.94,24.81,24.81,24.88,25.11,25.12,24.65,24.69,24.44
13.43,26.26,24.85,24.87,24.68,24.45,24.48,24.48,24.63,24.6,24.6,24.54,24.64,24.7,24.58,24.61,24.84,24.72,24.7,24.59,24.5,24.66,24.69,24.67,24.72,24.65,24.7,24.55,24.61,24.76,24.59,24.67,24.64,24.58,24.59,24.7,24.72,24.56,24.7,24.59,24.73,24.63,24.63,24.76,24.87,24.75,24.73,24.7,24.7,24.69,24.73,24.95,24.53,24.76,24.69,24.65,24.58,24.63,24.76,24.79,24.74,24.73,24.76,24.81,24.89,24.67,24.59,24.75,24.86,24.73,24.62,24.74,24.71,24.85,24.89,24.89,24.77,25.04,24.85,24.7,24.66,24.8,24.89,24.77,24.68,24.63,24.83,24.84,24.73,24.73,24.73,24.61,24.74,24.99,24.94,24.83,24.72,24.58,24.78,24.82,24.75,24.77,24.66,24.9,24.75,24.67,24.77,24.8,24.98,24.84,24.95,24.92,24.65,24.76,24.95,24.76,24.75,24.64,24.78,24.8,24.85,24.91,24.77,24.95,24.95,24.95,24.9,24.8,24.7,24.76,24.95,24.76,24.75,24.84,24.78,24.82,24.77,24.82,24.81,25.05,25.13,25.07,24.95,24.85,24.81,24.76,24.8,24.77,24.8,24.83,24.84,24.75,24.73,24.73,25.09,25.4,25.31,25.17,24.97,25.02,24.87,24.88,24.82,24.87,24.73,24.9,24.84,24.91,24.91,24.91,25.05,25.43,25.58,25.51,25.4,24.89,24.87,24.74,24.97,24.67,24.83,24.8,24.83,24.8,24.89,24.95,25.32,25.58,25.86,25.73,25.79,25.03,24.84,24.86,24.82,24.95,24.77,24.76,24.74,24.95,24.86,24.89,25.27,25.59,25.84,25.57,25.54,24.82,24.65,24.69,24.62,24.95,24.76,24.89,24.74,24.89,24.8,24.7,24.92,25.04,25.23,25.53,25.58,25.01,24.74,24.76,24.95,24.98,24.66,24.71,24.67,24.87,24.99,24.92,24.76,24.87,25.2,25.5,25.58,24.8,24.79,24.53,24.93,25.0,24.83,24.83,24.66,24.89,24.84,24.95,24.76,24.88,24.95,25.12,25.14,24.66,24.7,24.55
13.54,26.28,24.86,24.98,24.6,24.4,24.43,24.55,24.71,24.62,24.62,24.5,24.66,24.72,24.67,24.53,24.76,24.62,24.81,24.69,24.45,24.62,24.7,24.68,24.79,24.61,24.72,24.56,24.62,24.83,24.61,24.68,24.49,24.59,24.69,24.72,24.68,24.52,24.72,24.66,24.79,24.6,24.6,24.78,24.89,24.82,24.74,24.66,24.72,24.78,24.81,24.9,24.54,24.78,24.71,24.71,24.55,24.6,24.77,24.85,24.8,24.79,24.78,24.76,24.91,24.68,24.66,24.76,24.92,24.79,24.68,24.8,24.72,24.82,24.91,24.91,24.79,25.05,24.82,24.72,24.72,24.81,24.91,24.73,24.6,24.65,24.9,24.9,24.74,24.7,24.7,24.62,24.8,25.01,24.96,24.79,24.78,24.65,24.85,24.84,24.72,24.79,24.64,24.95,24.77,24.68,24.78,24.85,25.04,24.9,24.97,24.93,24.72,24.83,24.97,24.78,24.72,24.61,24.85,24.85,24.87,24.88,24.78,24.97,24.97,24.97,24.82,24.81,24.72,24.83,24.97,24.78,24.77,24.9,24.85,24.8,24.78,24.8,24.87,25.06,25.15,25.03,24.93,24.91,24.86,24.83,24.76,24.73,24.81,24.9,24.9,24.77,24.7,24.7,25.15,25.41,25.32,25.18,24.98,25.03,24.94,24.95,24.83,24.84,24.79,24.97,24.9,24.88,24.88,24.88,25.06,25.48,25.6,25.48,25.37,24.91,24.94,24.8,24.98,24.68,24.79,24.81,24.9,24.81,24.91,24.97,25.33,25.6,25.88,25.74,25.75,25.0,24.9,24.87,24.9,24.97,24.73,24.78,24.8,24.97,24.87,24.91,25.28,25.64,25.85,25.62,25.6,24.84,24.61,24.77,24.64,24.96,24.72,24.85,24.85,24.91,24.81,24.71,24.93,25.05,25.29,25.5,25.5,24.98,24.7,24.84,25.05,24.92,24.68,24.72,24.68,24.94,24.96,24.89,24.78,24.94,25.26,25.56,25.54,24.81,24.87,24.55,24.95,24.92,24.84,24.85,24.68,24.91,24.85,24.97,24.72,24.95,25.02,25.13,25.15,24.68,24.72,24.67
13.66,26.3,24.81,25.05,24.5,24.42,24.36,24.6,24.75,24.68,24.64,24.5,24.63,24.73,24.73,24.48,24.71,24.57,24.95,24.81,24.49,24.56,24.67,24.7,24.85,24.6,24.73,24.58,24.64,24.93,24.69,24.7,24.43,24.61,24.81,24.73,24.72,24.5,24.7,24.71,24.8,24.58,24.55,24.77,24.91,24.89,24.7,24.6,24.73,24.83,24.91,24.83,24.56,24.8,24.78,24.79,24.55,24.61,24.76,24.89,24.86,24.86,24.8,24.7,24.9,24.7,24.7,24.82,24.89,24.8,24.75,24.89,24.74,24.78,24.94,24.94,24.85,25.03,24.83,24.73,24.78,24.83,24.94,24.73,24.55,24.72,24.94,24.94,24.76,24.7,24.7,24.64,24.81,25.04,24.93,24.8,24.83,24.75,24.93,24.89,24.69,24.85,24.67,24.98,24.77,24.7,24.82,24.89,25.03,24.94,24.94,24.97,24.82,24.89,24.95,24.8,24.72,24.61,24.9,24.89,24.84,24.84,24.84,24.98,24.98,25.01,24.8,24.83,24.73,24.93,24.98,24.83,24.8,24.94,24.9,24.83,24.83,24.83,24.91,25.08,25.15,25.02,24.96,24.97,24.91,24.83,24.8,24.77,24.83,24.94,24.91,24.77,24.73,24.73,25.2,25.42,25.33,25.23,25.05,25.03,24.99,24.95,24.85,24.82,24.83,25.02,24.94,24.84,24.87,24.87,25.14,25.52,25.61,25.48,25.33,24.97,24.99,24.89,24.95,24.7,24.8,24.86,24.94,24.81,24.94,25.01,25.38,25.64,25.9,25.75,25.72,24.98,24.98,24.85,24.96,24.98,24.73,24.83,24.83,24.94,24.89,24.94,25.33,25.71,25.86,25.63,25.6,24.91,24.65,24.89,24.63,24.97,24.7,24.89,24.92,24.93,24.83,24.73,24.98,25.12,25.38,25.43,25.41,24.9,24.68,24.96,25.04,24.84,24.7,24.8,24.73,24.99,24.91,24.84,24.83,25.03,25.38,25.61,25.42,24.83,24.87,24.65,25.0,24.91,24.86,24.84,24.7,24.9,24.93,24.95,24.7,24.98,25.08,25.17,25.13,24.67,24.73,24.76
13.76,26.31,24.73,25.07,24.42,24.5,24.31,24.62,24.76,24.75,24.66,24.52,24.58,24.75,24.75,24.5,24.72,24.58,25.06,24.9,24.57,24.52,24.62,24.72,24.92,24.61,24.75,24.6,24.65,25.0,24.76,24.72,24.44,24.62,24.9,24.75,24.79,24.52,24.66,24.72,24.76,24.6,24.52,24.74,24.92,24.95,24.65,24.56,24.75,24.84,24.98,24.79,24.58,24.81,24.84,24.84,24.56,24.62,24.74,24.9,24.93,24.91,24.81,24.65,24.85,24.72,24.71,24.89,24.8,24.76,24.81,24.96,24.75,24.75,24.96,24.96,24.9,25.0,24.84,24.75,24.79,24.84,24.96,24.75,24.52,24.78,24.96,24.96,24.78,24.72,24.72,24.65,24.78,25.05,24.9,24.81,24.84,24.82,25.0,24.95,24.66,24.9,24.73,25.0,24.79,24.72,24.83,24.9,25.0,24.96,24.9,24.98,24.89,24.9,24.91,24.81,24.73,24.62,24.91,24.9,24.82,24.82,24.9,25.0,25.0,25.07,24.82,24.84,24.75,25.0,25.0,24.89,24.82,24.96,24.91,24.89,24.89,24.89,24.93,25.1,25.17,25.03,25.02,24.98,24.92,24.79,24.86,24.83,24.84,24.96,24.88,24.79,24.79,24.79,25.21,25.43,25.34,25.3,25.11,25.05,25.01,24.9,24.87,24.83,24.84,25.03,24.96,24.82,24.89,24.89,25.23,25.53,25.63,25.5,25.3,25.02,25.01,24.96,24.9,24.72,24.81,24.93,24.96,24.78,24.96,25.07,25.43,25.7,25.91,25.76,25.68,25.0,25.04,24.81,24.97,25.0,24.75,24.89,24.84,24.9,24.9,24.96,25.39,25.76,25.87,25.6,25.56,24.97,24.72,24.97,24.64,24.92,24.72,24.95,24.94,24.94,24.84,24.74,25.05,25.19,25.44,25.36,25.33,24.86,24.69,25.04,24.97,24.79,24.71,24.87,24.8,25.01,24.87,24.81,24.89,25.09,25.48,25.62,25.27,24.84,24.81,24.75,25.02,24.92,24.87,24.86,24.71,24.85,25.0,24.9,24.72,25.0,25.09,25.19,25.08,24.68,24.75,24.78
13.88,26.33,24.75,24.97,24.35,24.59,24.35,24.65,24.86,24.77,24.6,24.54,24.62,24.77,24.79,24.49,24.84,24.75,25.2,24.9,24.57,24.54,24.64,24.74,24.91,24.63,24.77,24.68,24.67,25.02,24.86,24.74,24.57,24.68,24.92,24.77,24.82,24.55,24.63,24.69,24.74,24.68,24.54,24.72,24.89,24.96,24.67,24.58,24.77,24.86,25.06,24.8,24.68,24.83,24.86,24.86,24.58,24.64,24.77,24.94,25.0,24.97,24.83,24.67,24.82,24.76,24.8,24.88,24.77,24.74,24.88,24.96,24.72,24.73,24.98,24.98,24.92,24.97,24.86,24.78,24.83,24.84,24.96,24.77,24.56,24.87,24.96,24.97,24.74,24.74,24.75,24.67,24.81,25.02,24.92,24.83,24.86,24.92,25.0,24.96,24.64,24.92,24.8,25.0,24.85,24.74,24.86,24.98,25.02,24.98,24.94,25.02,24.9,24.85,24.86,24.83,24.75,24.66,24.86,24.96,24.78,24.78,24.98,25.02,25.02,25.11,24.84,24.88,24.77,25.02,25.0,24.95,24.77,24.99,24.86,24.9,24.89,24.89,24.9,25.09,25.2,25.11,25.08,25.0,24.94,24.83,24.86,24.9,24.86,24.98,24.86,24.86,24.86,24.85,25.19,25.45,25.42,25.38,25.19,25.05,24.94,24.87,24.96,24.9,24.86,25.03,24.98,24.79,24.9,24.9,25.3,25.55,25.6,25.53,25.25,25.09,24.96,24.98,24.92,24.75,24.83,25.0,24.98,24.81,24.98,25.13,25.44,25.7,25.87,25.77,25.62,25.02,25.04,24.77,24.99,25.02,24.77,24.95,24.86,24.92,24.94,24.98,25.38,25.75,25.81,25.6,25.56,25.04,24.81,24.99,24.74,24.91,24.81,24.96,24.95,24.9,24.86,24.82,25.05,25.19,25.45,25.31,25.28,24.88,24.69,25.03,24.99,24.74,24.8,24.96,24.86,24.97,24.84,24.83,24.97,25.09,25.53,25.55,25.1,24.86,24.83,24.77,24.91,24.82,24.98,24.94,24.79,24.82,25.02,24.87,24.81,25.02,25.12,25.13,25.03,24.79,24.77,24.81
13.98,26.34,24.76,24.89,24.37,24.61,24.43,24.72,24.94,24.79,24.56,24.56,24.7,24.78,24.88,24.41,24.86,24.87,25.31,24.83,24.52,24.56,24.66,24.75,24.88,24.64,24.78,24.75,24.69,25.03,24.94,24.75,24.66,24.79,24.94,24.78,24.84,24.62,24.64,24.71,24.75,24.75,24.56,24.73,24.91,24.92,24.69,24.59,24.78,24.88,25.08,24.76,24.75,24.84,24.88,24.88,24.59,24.66,24.82,24.99,25.01,24.99,24.84,24.69,24.84,24.83,24.88,24.84,24.78,24.75,24.94,24.93,24.69,24.75,25.0,25.0,24.94,24.94,24.88,24.85,24.89,24.79,24.92,24.78,24.62,24.94,24.93,24.94,24.76,24.75,24.81,24.69,24.88,25.0,24.94,24.84,24.88,25.0,24.96,24.92,24.65,24.94,24.81,24.98,24.86,24.75,24.92,25.03,25.03,25.0,25.0,25.08,24.92,24.81,24.82,24.84,24.76,24.72,24.82,24.98,24.75,24.75,25.03,25.03,25.03,25.08,24.86,24.94,24.78,25.03,24.96,24.97,24.73,25.05,24.82,24.92,24.86,24.86,24.92,25.14,25.25,25.12,25.1,25.01,24.96,24.89,24.82,24.92,24.88,25.0,24.88,24.92,24.92,24.86,25.2,25.46,25.52,25.44,25.25,25.01,24.85,24.88,25.03,24.92,24.88,25.01,25.0,24.81,24.92,24.92,25.35,25.56,25.62,25.59,25.22,25.1,24.92,25.0,24.94,24.81,24.84,25.01,25.0,24.88,25.0,25.14,25.41,25.68,25.84,25.78,25.54,25.03,25.0,24.79,25.01,25.03,24.78,24.97,24.88,24.94,25.0,25.0,25.31,25.68,25.73,25.57,25.53,25.06,24.88,25.01,24.76,24.99,24.88,24.92,24.97,24.88,24.88,24.88,25.01,25.15,25.47,25.28,25.25,24.89,24.65,24.97,25.01,24.75,24.88,25.03,24.88,24.99,24.85,24.84,25.03,25.06,25.5,25.46,25.01,24.88,24.84,24.78,24.82,24.75,25.06,24.96,24.8,24.84,25.03,24.88,24.88,25.03,25.14,25.09,25.04,24.88,24.78,24.82
14.09,26.34,24.63,24.78,24.49,24.69,24.52,24.72,24.94,24.86,24.56,24.56,24.7,24.78,24.88,24.41,24.86,25.01,25.31,24.72,24.52,24.56,24.66,24.75,24.88,24.71,24.78,24.75,24.69,25.03,24.94,24.75,24.77,24.92,24.94,24.78,24.92,24.77,24.64,24.71,24.75,24.81,24.56,24.73,24.97,24.92,24.69,24.59,24.78,24.88,24.99,24.76,24.75,24.84,24.88,24.88,24.59,24.66,24.82,25.05,25.01,24.99,24.84,24.69,24.84,24.91,24.88,24.84,24.71,24.75,24.94,24.86,24.69,24.81,25.0,25.0,24.94,24.94,24.88,24.92,24.89,24.7,24.84,24.78,24.68,24.94,24.86,24.88,24.82,24.75,24.86,24.69,24.88,25.0,24.94,24.84,24.81,25.0,24.89,24.92,24.71,24.94,24.81,24.92,24.86,24.75,24.92,25.03,25.03,25.0,25.06,25.08,24.85,24.73,24.76,24.84,24.82,24.79,24.76,24.92,24.75,24.75,25.03,25.03,25.03,25.01,24.93,25.01,24.78,25.03,24.89,24.97,24.66,25.1,24.76,24.98,24.86,24.86,24.92,25.24,25.36,25.12,25.1,24.94,24.9,24.89,24.82,24.92,24.88,25.0,24.88,24.98,24.98,24.86,25.2,25.51,25.62,25.5,25.25,25.01,24.71,24.88,25.03,24.92,24.88,24.89,25.0,24.86,24.98,24.98,25.46,25.56,25.68,25.66,25.22,25.04,24.85,25.0,24.94,24.88,24.84,25.01,25.0,24.88,25.0,25.14,25.41,25.68,25.84,25.78,25.43,25.09,24.94,24.79,24.92,25.03,24.78,24.97,24.88,24.94,25.06,25.0,25.26,25.57,25.68,25.46,25.41,24.99,24.96,24.92,24.76,24.99,24.96,24.92,24.91,24.88,24.88,24.88,25.01,25.08,25.47,25.22,25.19,24.96,24.65,24.88,24.89,24.84,24.88,25.03,24.88,24.99,24.92,24.84,25.09,24.99,25.44,25.32,24.94,24.88,24.75,24.78,24.69,24.75,25.06,24.96,24.72,24.84,25.03,24.88,24.96,25.03,25.07,25.01,25.04,24.97,24.78,24.69
14.2,26.34,24.53,24.69,24.58,24.76,24.58,24.67,24.94,24.92,24.56,24.56,24.63,24.78,24.8,24.5,24.86,25.01,25.22,24.72,24.58,24.56,24.71,24.75,24.88,24.71,24.78,24.75,24.69,24.98,24.88,24.75,24.85,25.02,24.94,24.78,24.92,24.82,24.64,24.71,24.75,24.86,24.56,24.73,25.02,24.92,24.69,24.59,24.78,24.88,24.93,24.76,24.75,24.84,24.88,24.88,24.59,24.66,24.82,25.05,25.01,25.03,24.84,24.69,24.84,24.97,24.88,24.84,24.66,24.75,24.94,24.86,24.69,24.81,25.0,25.0,24.94,24.98,24.88,24.92,24.84,24.7,24.84,24.78,24.72,24.89,24.81,24.88,24.88,24.75,24.86,24.69,24.88,25.0,24.94,24.79,24.77,25.0,24.89,24.92,24.75,24.94,24.86,24.88,24.9,24.75,24.88,25.03,25.03,25.0,25.06,25.03,24.8,24.73,24.7,24.84,24.86,24.85,24.7,24.88,24.79,24.75,25.03,25.03,25.03,25.01,24.98,25.01,24.78,24.98,24.89,24.97,24.66,25.05,24.7,25.02,24.86,24.9,24.92,25.29,25.44,25.17,25.14,24.89,24.86,24.84,24.88,24.92,24.88,24.95,24.88,25.02,25.02,24.9,25.2,25.55,25.7,25.55,25.25,25.01,24.66,24.88,25.03,24.97,24.88,24.8,24.95,24.9,25.02,25.02,25.5,25.6,25.72,25.7,25.22,25.0,24.8,25.0,24.94,24.92,24.84,24.97,25.0,24.88,25.0,25.14,25.37,25.68,25.8,25.74,25.35,25.09,24.89,24.79,24.92,25.03,24.78,24.97,24.88,24.94,25.06,25.0,25.22,25.49,25.64,25.37,25.31,24.94,24.96,24.86,24.84,24.92,24.96,24.92,24.86,24.88,24.88,24.88,25.01,25.03,25.42,25.12,25.09,24.96,24.65,24.8,24.81,24.91,24.88,24.98,24.92,24.94,24.97,24.84,25.09,24.94,25.34,25.18,24.9,24.82,24.61,24.78,24.69,24.75,24.99,24.96,24.72,24.84,25.03,24.82,25.01,25.03,25.02,24.96,24.92,24.97,24.78,24.6
14.3,26.34,24.5,24.66,24.7,24.71,24.67,24.65,24.94,24.94,24.56,24.56,24.61,24.78,24.78,24.53,24.76,24.9,25.09,24.72,24.61,24.56,24.79,24.75,24.83,24.66,24.78,24.75,24.69,24.9,24.81,24.75,24.88,25.15,24.94,24.78,24.86,24.84,24.7,24.76,24.8,24.88,24.56,24.77,25.08,24.87,24.69,24.59,24.78,24.88,24.85,24.7,24.75,24.84,24.88,24.88,24.59,24.66,24.87,25.05,24.96,25.04,24.84,24.69,24.9,25.05,24.88,24.78,24.7,24.8,24.94,24.86,24.69,24.81,25.0,25.0,24.94,25.04,24.88,24.92,24.82,24.7,24.84,24.78,24.77,24.82,24.74,24.88,24.95,24.75,24.86,24.69,24.92,25.0,24.94,24.72,24.75,25.0,24.89,24.87,24.8,24.94,24.88,24.82,24.92,24.75,24.86,25.03,25.03,25.0,25.06,25.01,24.78,24.79,24.69,24.84,24.88,24.91,24.69,24.82,24.85,24.75,25.03,25.03,25.03,24.96,25.0,25.01,24.78,24.9,24.89,24.92,24.71,24.99,24.69,25.03,24.82,24.92,24.96,25.34,25.5,25.19,25.15,24.88,24.84,24.82,24.89,24.87,24.88,24.88,24.92,25.03,25.03,24.92,25.24,25.56,25.77,25.56,25.25,24.96,24.64,24.94,25.03,24.99,24.88,24.73,24.89,24.96,25.03,25.03,25.48,25.66,25.77,25.77,25.22,24.95,24.78,25.0,24.94,24.98,24.84,24.86,25.0,24.92,25.0,25.1,25.28,25.63,25.73,25.69,25.28,25.05,24.83,24.84,24.99,25.03,24.78,24.92,24.88,24.94,25.06,25.0,25.13,25.38,25.59,25.3,25.23,24.87,24.9,24.84,24.86,24.96,24.9,24.87,24.84,24.88,24.88,24.88,24.96,24.96,25.36,25.05,25.0,24.91,24.59,24.71,24.78,25.01,24.88,24.9,24.94,24.92,25.04,24.84,25.05,24.87,25.16,25.03,24.94,24.74,24.5,24.78,24.79,24.75,24.9,24.89,24.72,24.9,25.03,24.81,25.03,25.03,25.0,24.94,24.82,24.9,24.78,24.56
14.41,26.34,24.5,24.66,24.78,24.64,24.74,24.65,24.94,24.94,24.56,24.56,24.61,24.78,24.78,24.53,24.66,24.8,25.0,24.72,24.61,24.56,24.84,24.75,24.78,24.61,24.78,24.75,24.69,24.84,24.75,24.75,24.88,25.25,24.94,24.78,24.8,24.84,24.75,24.81,24.84,24.88,24.56,24.82,25.12,24.82,24.69,24.59,24.78,24.88,24.79,24.63,24.75,24.84,24.88,24.88,24.59,24.66,24.91,25.05,24.91,25.04,24.84,24.69,24.96,25.12,24.88,24.72,24.75,24.84,24.94,24.86,24.69,24.81,25.0,25.0,24.94,25.08,24.88,24.92,24.82,24.7,24.84,24.78,24.82,24.77,24.69,24.88,25.0,24.75,24.86,24.69,24.97,25.0,24.94,24.67,24.75,25.0,24.89,24.82,24.85,24.94,24.88,24.78,24.92,24.75,24.86,25.03,25.03,25.0,25.06,25.01,24.78,24.84,24.69,24.84,24.88,24.97,24.69,24.78,24.89,24.75,25.03,25.03,25.03,24.92,25.0,25.01,24.78,24.84,24.89,24.88,24.77,24.94,24.69,25.03,24.78,24.92,25.0,25.38,25.54,25.19,25.15,24.88,24.84,24.82,24.89,24.82,24.88,24.83,24.97,25.03,25.03,24.92,25.28,25.56,25.82,25.56,25.25,24.91,24.64,24.99,25.03,24.99,24.88,24.68,24.84,25.0,25.03,25.03,25.44,25.7,25.82,25.81,25.22,24.9,24.78,25.0,24.94,25.03,24.84,24.77,25.0,24.97,25.0,25.06,25.2,25.59,25.69,25.66,25.24,25.0,24.78,24.9,25.05,25.03,24.78,24.88,24.88,24.94,25.06,25.0,25.05,25.3,25.56,25.25,25.19,24.82,24.84,24.84,24.86,25.01,24.84,24.82,24.84,24.88,24.88,24.88,24.91,24.91,25.31,25.0,24.95,24.86,24.54,24.64,24.78,25.08,24.88,24.84,24.94,24.92,25.09,24.84,25.0,24.82,25.02,24.94,24.99,24.69,24.44,24.78,24.89,24.75,24.83,24.82,24.72,24.96,25.03,24.81,25.03,25.03,25.0,24.94,24.77,24.83,24.78,24.56
14.54,26.34,24.5,24.66,24.84,24.59,24.69,24.69,24.86,24.86,24.56,24.56,24.66,24.78,24.73,24.47,24.59,24.8,24.88,24.67,24.56,24.56,24.84,24.75,24.75,24.54,24.78,24.75,24.69,24.84,24.68,24.75,24.88,25.31,24.94,24.69,24.72,24.8,24.78,24.84,24.88,24.88,24.62,24.84,25.09,24.71,24.76,24.59,24.78,24.88,24.75,24.68,24.75,24.84,24.81,24.82,24.66,24.71,25.0,25.02,24.88,25.02,24.84,24.76,24.92,25.08,24.8,24.69,24.78,24.88,24.88,24.83,24.69,24.84,24.94,25.0,24.94,25.08,24.88,24.88,24.86,24.74,24.8,24.78,24.84,24.77,24.66,24.84,24.96,24.81,24.89,24.75,25.0,24.93,24.94,24.73,24.75,24.92,24.86,24.85,24.88,24.88,24.84,24.75,24.95,24.81,24.89,24.98,25.03,25.0,25.03,24.98,24.78,24.84,24.76,24.84,24.88,24.93,24.69,24.75,24.89,24.75,25.09,25.09,25.03,24.93,25.05,25.05,24.78,24.77,24.86,24.84,24.83,24.86,24.69,25.03,24.81,24.95,25.03,25.44,25.56,25.22,25.18,24.88,24.84,24.79,24.93,24.85,24.88,24.83,25.0,24.98,25.03,25.0,25.36,25.62,25.79,25.62,25.25,24.94,24.68,24.96,24.96,25.02,24.94,24.71,24.78,24.98,25.03,25.03,25.39,25.7,25.79,25.72,25.22,24.93,24.85,24.93,24.86,25.06,24.91,24.73,25.0,24.94,24.94,25.03,25.12,25.45,25.57,25.5,25.15,25.0,24.75,24.94,25.05,25.03,24.85,24.91,24.82,24.94,24.98,25.0,25.0,25.2,25.36,25.09,25.09,24.85,24.77,24.76,24.81,25.01,24.84,24.85,24.84,24.88,24.88,24.88,24.88,24.82,25.19,24.94,24.88,24.86,24.5,24.59,24.78,25.12,24.88,24.77,24.91,24.95,25.06,24.91,24.94,24.78,24.88,24.91,24.96,24.69,24.35,24.78,25.02,24.75,24.73,24.69,24.85,25.0,25.03,24.84,24.96,25.03,25.0,25.01,24.72,24.73,24.78,24.69
14.63,26.34,24.5,24.66,24.84,24.59,24.63,24.69,24.81,24.81,24.56,24.56,24.66,24.78,24.66,24.47,24.59,24.8,24.78,24.67,24.56,24.56,24.84,24.75,24.75,24.49,24.78,24.75,24.69,24.84,24.62,24.75,24.88,25.31,24.94,24.63,24.65,24.74,24.78,24.84,24.88,24.88,24.67,24.84,25.05,24.66,24.82,24.59,24.78,24.88,24.75,24.74,24.75,24.84,24.77,24.78,24.71,24.75,25.05,24.98,24.88,25.02,24.84,24.82,24.86,25.01,24.74,24.69,24.78,24.88,24.84,24.83,24.69,24.84,24.89,25.0,24.94,25.08,24.88,24.83,24.86,24.81,24.8,24.78,24.84,24.77,24.66,24.84,24.91,24.85,24.89,24.8,25.0,24.88,24.94,24.78,24.75,24.86,24.86,24.9,24.88,24.84,24.84,24.75,24.99,24.85,24.89,24.93,25.03,25.0,24.98,24.93,24.78,24.84,24.81,24.84,24.88,24.88,24.69,24.75,24.89,24.75,25.13,25.13,25.03,24.98,25.09,25.05,24.78,24.71,24.86,24.84,24.89,24.77,24.69,25.03,24.85,24.99,25.03,25.44,25.56,25.27,25.21,24.88,24.84,24.74,24.98,24.9,24.88,24.83,25.0,24.93,25.03,25.09,25.4,25.66,25.75,25.66,25.25,25.0,24.73,24.9,24.9,25.07,25.0,24.75,24.73,24.93,25.03,25.03,25.35,25.7,25.75,25.64,25.22,24.97,24.9,24.88,24.81,25.06,24.95,24.73,25.0,24.89,24.89,25.03,25.07,25.37,25.48,25.38,25.1,25.0,24.75,24.94,25.05,25.03,24.9,24.95,24.78,24.94,24.89,25.0,25.0,25.16,25.22,25.0,25.05,24.9,24.71,24.69,24.81,24.94,24.84,24.9,24.84,24.88,24.88,24.88,24.88,24.78,25.1,24.89,24.83,24.86,24.5,24.59,24.78,25.12,24.88,24.71,24.91,24.95,25.0,24.95,24.89,24.78,24.83,24.91,24.9,24.69,24.28,24.78,25.12,24.75,24.66,24.63,24.97,25.0,25.03,24.84,24.9,25.03,25.0,25.07,24.66,24.66,24.78,24.79
14.76,26.34,24.5,24.66,24.84,24.59,24.63,24.63,24.73,24.81,24.64,24.64,24.59,24.69,24.59,24.56,24.59,24.69,24.69,24.75,24.63,24.56,24.82,24.75,24.81,24.51,24.78,24.75,24.62,24.86,24.64,24.75,24.77,25.18,24.83,24.63,24.68,24.69,24.71,24.84,24.88,24.81,24.73,24.79,24.98,24.66,24.82,24.59,24.78,24.88,24.75,24.74,24.75,24.84,24.77,24.72,24.71,24.81,25.05,24.94,24.88,25.0,24.84,24.89,24.86,24.93,24.67,24.76,24.78,24.88,24.78,24.81,24.75,24.86,24.89,25.0,24.88,25.06,24.93,24.85,24.88,24.79,24.78,24.78,24.84,24.78,24.66,24.83,24.91,24.9,24.85,24.8,25.0,24.88,24.94,24.8,24.75,24.78,24.91,24.9,24.94,24.78,24.77,24.75,25.03,24.9,24.9,24.93,25.03,25.0,25.0,24.88,24.71,24.82,24.88,24.84,24.88,24.88,24.69,24.75,24.93,24.81,25.13,25.24,25.09,25.03,25.14,25.06,24.78,24.66,24.91,24.84,24.94,24.75,24.69,24.98,24.9,25.03,25.14,25.4,25.56,25.36,25.25,24.94,24.84,24.69,25.03,24.9,24.88,24.85,24.94,24.88,25.03,25.13,25.45,25.66,25.64,25.6,25.25,25.06,24.85,24.82,24.82,25.06,25.0,24.87,24.75,24.88,25.03,25.03,25.31,25.64,25.64,25.47,25.16,24.97,24.97,24.88,24.73,25.0,24.95,24.82,24.93,24.83,24.89,25.03,25.03,25.25,25.26,25.24,25.03,25.02,24.81,24.86,25.03,25.03,24.9,24.95,24.78,24.88,24.84,25.0,25.0,25.11,25.05,24.93,24.98,24.9,24.73,24.6,24.79,24.88,24.86,24.9,24.84,24.88,24.88,24.88,24.88,24.78,25.0,24.84,24.85,24.88,24.58,24.59,24.78,25.12,24.88,24.66,24.89,24.9,24.94,25.02,24.84,24.78,24.78,24.86,24.9,24.71,24.22,24.78,25.22,24.75,24.69,24.63,24.95,25.0,25.03,24.86,24.9,24.96,24.92,25.07,24.61,24.69,24.67,24.79
14.85,26.34,24.5,24.66,24.84,24.59,24.63,24.63,24.68,24.81,24.69,24.69,24.59,24.63,24.59,24.56,24.59,24.69,24.69,24.75,24.63,24.56,24.77,24.75,24.86,24.56,24.78,24.75,24.57,24.92,24.69,24.75,24.69,25.08,24.75,24.63,24.74,24.69,24.66,24.84,24.88,24.77,24.78,24.75,24.94,24.66,24.82,24.59,24.78,24.88,24.75,24.74,24.75,24.84,24.77,24.68,24.71,24.85,25.05,24.94,24.88,24.96,24.84,24.95,24.86,24.87,24.61,24.82,24.78,24.88,24.74,24.76,24.8,24.91,24.89,25.0,24.84,25.02,24.97,24.9,24.93,24.72,24.72,24.78,24.84,24.83,24.66,24.78,24.91,24.95,24.85,24.8,25.0,24.88,24.94,24.85,24.75,24.72,24.91,24.9,25.0,24.74,24.68,24.75,25.03,24.95,24.95,24.93,25.03,25.0,25.05,24.88,24.66,24.77,24.93,24.84,24.88,24.88,24.69,24.75,24.93,24.85,25.13,25.32,25.13,25.03,25.18,25.12,24.78,24.66,24.91,24.84,24.94,24.8,24.69,24.93,24.95,25.03,25.22,25.4,25.56,25.4,25.25,25.0,24.84,24.69,25.03,24.9,24.88,24.9,24.89,24.83,25.03,25.13,25.49,25.66,25.56,25.55,25.25,25.12,24.9,24.77,24.77,25.0,25.0,24.96,24.8,24.83,25.03,25.03,25.31,25.56,25.56,25.34,25.12,24.97,25.02,24.88,24.68,24.95,24.95,24.91,24.88,24.78,24.89,25.03,25.03,25.17,25.14,25.16,24.98,25.06,24.86,24.81,24.97,25.03,24.9,24.95,24.78,24.84,24.84,25.0,25.0,25.08,24.92,24.88,24.94,24.9,24.79,24.54,24.71,24.88,24.92,24.9,24.84,24.88,24.88,24.88,24.88,24.78,24.96,24.84,24.9,24.93,24.63,24.59,24.78,25.12,24.88,24.66,24.84,24.9,24.88,25.06,24.84,24.78,24.78,24.86,24.9,24.76,24.22,24.78,25.22,24.75,24.76,24.63,24.9,25.0,25.03,24.92,24.9,24.9,24.86,25.07,24.67,24.76,24.58,24.79
14.96,26.34,24.5,24.66,24.84,24.59,24.54,24.63,24.6,24.81,24.77,24.77,24.68,24.63,24.69,24.56,24.72,24.69,24.56,24.75,24.63,24.64,24.69,24.75,24.86,24.63,24.78,24.75,24.57,24.92,24.77,24.75,24.58,24.95,24.65,24.63,24.74,24.69,24.59,24.84,24.88,24.77,24.84,24.69,24.88,24.73,24.89,24.68,24.78,24.88,24.75,24.82,24.75,24.84,24.7,24.68,24.78,24.91,25.05,24.87,24.82,24.9,24.84,24.95,24.78,24.79,24.61,24.89,24.78,24.81,24.74,24.76,24.8,24.91,24.83,25.0,24.84,24.97,24.97,24.9,24.93,24.72,24.72,24.78,24.84,24.83,24.66,24.78,24.84,25.0,24.85,24.8,25.0,24.93,24.99,24.98,24.75,24.63,24.84,24.9,25.0,24.74,24.62,24.75,24.98,25.0,25.0,24.93,25.03,25.0,25.11,24.88,24.66,24.69,25.0,24.84,24.88,24.88,24.69,24.75,24.88,24.9,25.24,25.42,25.19,25.09,25.18,25.18,24.78,24.66,24.84,24.84,24.94,24.8,24.76,24.88,25.0,25.03,25.38,25.45,25.56,25.4,25.2,25.06,24.9,24.69,24.96,24.83,24.88,24.97,24.83,24.78,24.98,25.13,25.54,25.66,25.5,25.49,25.19,25.12,24.9,24.69,24.77,24.87,25.0,25.02,24.86,24.83,25.03,24.98,25.31,25.45,25.5,25.17,25.06,24.97,25.02,24.88,24.6,24.89,24.95,24.91,24.88,24.78,24.83,25.03,24.98,25.06,25.08,25.05,24.91,25.06,24.86,24.81,24.97,25.03,24.9,24.95,24.78,24.84,24.84,24.94,24.93,25.02,24.8,24.81,24.88,24.9,24.79,24.54,24.71,24.96,24.99,24.9,24.78,24.93,24.88,24.88,24.88,24.78,24.9,24.91,24.9,24.93,24.71,24.69,24.78,25.03,24.88,24.66,24.84,24.9,24.82,25.12,24.84,24.78,24.78,24.92,24.82,24.84,24.31,24.78,25.09,24.87,24.85,24.63,24.9,25.0,25.03,24.99,24.82,24.82,24.86,25.14,24.74,24.76,24.47,24.79
15.07,26.34,24.5,24.66,24.84,24.59,24.5,24.61,24.56,24.82,24.82,24.82,24.72,24.63,24.76,24.59,24.82,24.65,24.47,24.78,24.65,24.69,24.66,24.75,24.86,24.68,24.78,24.75,24.57,24.9,24.82,24.75,24.5,24.85,24.57,24.65,24.74,24.69,24.54,24.84,24.88,24.77,24.88,24.65,24.84,24.8,24.93,24.74,24.78,24.88,24.75,24.86,24.75,24.84,24.67,24.69,24.82,24.94,25.03,24.82,24.78,24.88,24.84,24.93,24.74,24.75,24.63,24.95,24.78,24.77,24.75,24.78,24.8,24.89,24.8,25.0,24.84,24.94,24.97,24.9,24.91,24.72,24.74,24.78,24.84,24.82,24.66,24.8,24.81,25.03,24.83,24.78,25.0,24.98,25.04,25.05,24.75,24.59,24.81,24.88,25.0,24.75,24.59,24.75,24.93,25.03,25.03,24.95,25.03,25.0,25.16,24.88,24.66,24.66,25.03,24.84,24.88,24.9,24.69,24.75,24.85,24.95,25.3,25.49,25.23,25.13,25.16,25.22,24.78,24.66,24.81,24.84,24.94,24.8,24.81,24.83,25.03,25.03,25.5,25.48,25.56,25.4,25.16,25.12,24.94,24.69,24.91,24.76,24.88,25.0,24.78,24.75,24.93,25.12,25.56,25.65,25.48,25.43,25.14,25.1,24.9,24.66,24.79,24.76,24.98,25.05,24.91,24.85,25.03,24.93,25.31,25.39,25.48,25.08,25.02,24.96,25.0,24.9,24.56,24.84,24.94,24.9,24.88,24.8,24.8,25.03,24.93,25.0,25.05,25.0,24.88,25.05,24.86,24.81,24.99,25.03,24.88,24.94,24.79,24.84,24.85,24.89,24.88,25.0,24.75,24.79,24.84,24.88,24.79,24.56,24.74,25.03,25.03,24.88,24.72,24.97,24.88,24.88,24.88,24.79,24.88,24.95,24.9,24.91,24.76,24.76,24.78,24.96,24.88,24.66,24.86,24.88,24.78,25.16,24.84,24.78,24.78,24.95,24.79,24.88,24.37,24.78,24.99,24.96,24.92,24.65,24.88,25.0,25.03,25.03,24.79,24.77,24.86,25.18,24.78,24.76,24.39,24.76
15.18,26.34,24.5,24.66,24.84,24.55,24.54,24.54,24.56,24.9,24.86,24.86,24.68,24.63,24.8,24.72,24.89,24.58,24.41,24.88,24.69,24.73,24.66,24.78,24.86,24.75,24.75,24.75,24.57,24.82,24.9,24.75,24.4,24.72,24.51,24.74,24.74,24.65,24.51,24.84,24.88,24.73,24.84,24.62,24.84,24.9,24.89,24.82,24.74,24.88,24.79,24.82,24.75,24.81,24.7,24.75,24.78,24.91,24.97,24.81,24.75,24.88,24.81,24.86,24.74,24.75,24.71,24.95,24.78,24.73,24.81,24.81,24.8,24.83,24.85,25.0,24.84,24.94,24.97,24.9,24.84,24.68,24.78,24.78,24.84,24.78,24.69,24.83,24.81,25.0,24.81,24.75,24.97,25.08,25.06,25.05,24.78,24.59,24.81,24.82,25.0,24.81,24.62,24.75,24.88,25.03,25.03,25.03,25.06,25.0,25.19,24.88,24.66,24.69,25.03,24.84,24.88,24.97,24.69,24.75,24.85,24.98,25.35,25.54,25.31,25.19,25.11,25.22,24.78,24.69,24.81,24.84,24.94,24.83,24.88,24.81,25.03,25.03,25.64,25.48,25.54,25.42,25.11,25.15,24.97,24.69,24.84,24.66,24.88,25.0,24.75,24.75,24.88,25.06,25.59,25.62,25.48,25.28,25.08,25.03,24.94,24.69,24.82,24.66,24.94,25.05,24.97,24.88,25.03,24.88,25.34,25.34,25.48,25.02,24.97,24.9,24.94,24.97,24.56,24.78,24.88,24.87,24.88,24.86,24.8,25.03,24.9,25.0,25.05,25.0,24.88,24.98,24.89,24.81,24.98,24.99,24.82,24.88,24.85,24.84,24.88,24.83,24.85,25.0,24.81,24.85,24.84,24.82,24.82,24.65,24.84,25.07,24.99,24.82,24.69,25.0,24.88,24.88,24.85,24.85,24.88,24.98,24.9,24.84,24.8,24.8,24.84,24.91,24.88,24.66,24.92,24.82,24.82,25.12,24.84,24.78,24.82,24.95,24.82,24.84,24.46,24.78,24.86,25.02,24.97,24.74,24.79,25.0,24.99,24.99,24.79,24.73,24.86,25.14,24.78,24.76,24.33,24.63
15.29,26.34,24.5,24.66,24.84,24.48,24.58,24.5,24.56,24.94,24.84,24.84,24.63,24.65,24.8,24.78,24.89,24.62,24.41,24.94,24.67,24.73,24.66,24.83,24.84,24.78,24.7,24.75,24.58,24.77,24.94,24.75,24.34,24.66,24.54,24.78,24.72,24.6,24.52,24.84,24.88,24.7,24.8,24.63,24.84,24.94,24.86,24.88,24.67,24.88,24.85,24.78,24.75,24.76,24.73,24.79,24.75,24.87,24.94,24.85,24.75,24.88,24.76,24.8,24.72,24.75,24.76,24.88,24.78,24.73,24.85,24.81,24.78,24.78,24.92,25.0,24.85,24.94,24.96,24.88,24.79,24.63,24.78,24.78,24.84,24.78,24.74,24.83,24.79,24.96,24.82,24.77,24.92,25.11,25.06,25.06,24.83,24.59,24.79,24.78,24.98,24.85,24.68,24.75,24.83,25.03,25.03,25.1,25.1,25.0,25.17,24.88,24.68,24.75,25.03,24.84,24.88,25.0,24.69,24.75,24.83,24.96,25.4,25.56,25.38,25.23,25.08,25.22,24.78,24.75,24.79,24.84,24.94,24.86,24.93,24.82,25.03,25.03,25.69,25.49,25.5,25.45,25.08,25.13,24.97,24.69,24.79,24.63,24.88,25.0,24.77,24.75,24.83,25.03,25.63,25.63,25.49,25.19,25.03,24.98,24.97,24.75,24.82,24.63,24.96,25.03,25.0,24.88,25.03,24.83,25.38,25.31,25.49,25.0,24.94,24.88,24.88,25.0,24.56,24.75,24.84,24.85,24.9,24.91,24.78,25.03,24.9,25.0,25.08,25.0,24.88,24.94,24.92,24.82,24.92,24.94,24.78,24.84,24.88,24.85,24.87,24.78,24.85,25.0,24.85,24.88,24.84,24.78,24.86,24.71,24.91,25.07,24.94,24.78,24.69,25.0,24.88,24.88,24.8,24.88,24.88,24.98,24.88,24.79,24.78,24.8,24.92,24.91,24.88,24.66,24.97,24.78,24.87,25.08,24.84,24.78,24.87,24.97,24.86,24.78,24.52,24.78,24.76,25.02,24.95,24.78,24.76,25.0,24.94,24.94,24.77,24.75,24.88,25.11,24.78,24.73,24.36,24.56
15.43,26.34,24.5,24.66,24.84,24.44,24.58,24.5,24.56,24.9,24.81,24.81,24.63,24.74,24.8,24.78,24.95,24.76,24.41,24.94,24.67,24.77,24.69,24.82,24.78,24.78,24.66,24.75,24.69,24.69,24.94,24.75,24.4,24.66,24.65,24.78,24.68,24.57,24.59,24.81,24.88,24.7,24.73,24.66,24.84,24.9,24.86,24.96,24.63,24.82,24.84,24.82,24.75,24.72,24.73,24.85,24.78,24.84,24.94,24.88,24.72,24.88,24.72,24.72,24.63,24.75,24.8,24.81,24.78,24.73,24.88,24.81,24.72,24.75,24.95,25.0,24.88,24.94,24.9,24.82,24.72,24.68,24.82,24.82,24.84,24.75,24.78,24.86,24.76,24.9,24.85,24.8,24.89,25.11,25.06,25.09,24.86,24.63,24.76,24.82,24.91,24.88,24.77,24.75,24.78,25.03,25.0,25.13,25.13,25.0,25.14,24.88,24.75,24.79,25.03,24.84,24.88,24.97,24.69,24.78,24.81,24.93,25.48,25.54,25.42,25.28,25.05,25.18,24.78,24.79,24.72,24.88,24.9,24.83,24.96,24.88,25.03,25.06,25.66,25.51,25.48,25.45,25.05,25.04,24.97,24.69,24.76,24.63,24.88,25.0,24.8,24.75,24.81,25.03,25.66,25.66,25.51,25.14,25.0,24.94,24.94,24.79,24.82,24.66,25.0,24.97,24.97,24.88,25.03,24.81,25.42,25.28,25.54,25.0,24.97,24.88,24.82,24.97,24.6,24.78,24.84,24.78,24.93,24.94,24.72,25.03,24.9,25.0,25.17,25.0,24.88,24.91,24.89,24.9,24.83,24.9,24.78,24.84,24.88,24.88,24.84,24.75,24.85,24.97,24.88,24.88,24.88,24.78,24.82,24.76,25.01,25.07,24.9,24.78,24.65,25.0,24.88,24.88,24.78,24.88,24.88,24.98,24.85,24.72,24.74,24.8,24.98,24.91,24.88,24.66,25.0,24.82,24.9,25.02,24.84,24.78,24.94,25.0,24.82,24.71,24.61,24.78,24.69,25.02,24.85,24.74,24.84,25.0,24.86,24.86,24.69,24.79,24.96,25.11,24.78,24.64,24.47,24.63
15.51,26.34,24.5,24.66,24.84,24.44,24.58,24.5,24.56,24.86,24.81,24.81,24.63,24.78,24.8,24.78,25.02,24.83,24.41,24.94,24.72,24.81,24.73,24.78,24.75,24.78,24.66,24.75,24.76,24.66,24.94,24.75,24.45,24.66,24.7,24.78,24.68,24.57,24.63,24.78,24.88,24.7,24.7,24.66,24.84,24.87,24.86,25.0,24.63,24.77,24.79,24.86,24.75,24.72,24.73,24.88,24.82,24.84,24.94,24.88,24.69,24.88,24.72,24.69,24.59,24.75,24.8,24.81,24.78,24.73,24.88,24.81,24.69,24.75,24.95,25.0,24.88,24.94,24.88,24.78,24.69,24.72,24.86,24.85,24.84,24.71,24.78,24.89,24.76,24.88,24.85,24.8,24.89,25.11,25.06,25.09,24.86,24.68,24.76,24.85,24.88,24.88,24.8,24.75,24.75,25.03,24.98,25.13,25.13,25.0,25.14,24.88,24.78,24.79,25.03,24.84,24.88,24.93,24.69,24.81,24.81,24.93,25.51,25.51,25.45,25.31,25.05,25.15,24.78,24.79,24.69,24.91,24.87,24.8,24.96,24.9,25.03,25.09,25.64,25.51,25.48,25.45,25.05,24.97,24.97,24.69,24.76,24.63,24.88,25.0,24.8,24.75,24.81,25.03,25.66,25.66,25.51,25.11,25.0,24.94,24.9,24.79,24.82,24.7,25.0,24.94,24.94,24.88,25.03,24.81,25.45,25.26,25.56,25.0,24.99,24.88,24.78,24.93,24.64,24.81,24.84,24.75,24.93,24.94,24.69,25.03,24.9,25.0,25.2,25.0,24.88,24.91,24.86,24.94,24.79,24.9,24.78,24.84,24.88,24.88,24.84,24.75,24.85,24.93,24.88,24.88,24.91,24.78,24.79,24.76,25.06,25.07,24.9,24.78,24.62,25.0,24.88,24.88,24.78,24.88,24.88,24.98,24.85,24.69,24.74,24.8,24.98,24.91,24.88,24.66,25.0,24.85,24.9,24.98,24.84,24.78,24.97,25.0,24.79,24.67,24.66,24.78,24.69,25.02,24.8,24.69,24.88,25.0,24.82,24.82,24.66,24.79,25.0,25.11,24.78,24.59,24.53,24.69
15.63,26.34,24.5,24.66,24.84,24.44,24.67,24.5,24.56,24.79,24.81,24.81,24.55,24.78,24.71,24.78,25.02,24.98,24.53,24.94,24.8,24.81,24.81,24.7,24.75,24.78,24.66,24.75,24.84,24.66,24.94,24.75,24.56,24.66,24.8,24.78,24.76,24.57,24.7,24.71,24.88,24.64,24.64,24.66,24.84,24.73,24.78,25.0,24.63,24.66,24.69,24.86,24.75,24.72,24.8,24.88,24.82,24.84,24.94,24.95,24.69,24.88,24.72,24.69,24.59,24.75,24.72,24.81,24.78,24.8,24.82,24.74,24.69,24.81,25.01,25.0,24.82,24.94,24.88,24.78,24.69,24.72,24.86,24.92,24.84,24.71,24.78,24.89,24.82,24.82,24.85,24.8,24.89,25.06,25.01,25.03,24.86,24.76,24.82,24.92,24.88,24.82,24.8,24.75,24.75,25.03,24.92,25.13,25.13,25.0,25.14,24.88,24.78,24.79,25.03,24.84,24.88,24.86,24.69,24.86,24.86,24.93,25.46,25.46,25.5,25.31,25.1,25.08,24.78,24.79,24.69,24.97,24.8,24.8,24.89,24.96,25.03,25.14,25.53,25.46,25.48,25.5,25.1,24.85,24.91,24.69,24.82,24.7,24.88,25.0,24.8,24.75,24.86,25.03,25.66,25.66,25.46,25.06,25.06,25.01,24.9,24.79,24.75,24.83,25.0,24.94,24.88,24.82,25.03,24.86,25.5,25.2,25.56,25.0,25.05,24.88,24.78,24.86,24.71,24.88,24.84,24.8,24.86,24.88,24.69,25.03,24.96,25.0,25.15,25.0,24.88,24.97,24.86,24.94,24.62,24.9,24.78,24.84,24.88,24.82,24.84,24.81,24.91,24.86,24.82,24.88,24.97,24.78,24.79,24.67,25.06,24.98,24.9,24.78,24.62,24.95,24.88,24.88,24.78,24.88,24.88,24.92,24.92,24.69,24.74,24.71,24.98,25.01,24.88,24.66,24.94,24.92,24.9,24.92,24.84,24.78,25.04,24.94,24.79,24.59,24.66,24.78,24.82,24.9,24.71,24.61,24.88,25.0,24.75,24.75,24.66,24.79,25.0,25.03,24.78,24.59,24.64,24.82
15.72,26.34,24.6,24.75,24.75,24.44,24.67,24.56,24.62,24.79,24.75,24.75,24.55,24.78,24.64,24.78,24.92,25.08,24.62,24.94,24.8,24.81,24.81,24.7,24.75,24.78,24.66,24.75,24.84,24.66,24.94,24.75,24.64,24.75,24.88,24.78,24.76,24.57,24.75,24.71,24.83,24.64,24.64,24.7,24.84,24.68,24.72,24.94,24.63,24.66,24.69,24.8,24.75,24.72,24.84,24.83,24.77,24.84,24.94,25.0,24.69,24.88,24.72,24.69,24.59,24.68,24.67,24.75,24.78,24.84,24.78,24.69,24.69,24.86,25.06,25.0,24.78,24.94,24.92,24.78,24.69,24.72,24.8,24.92,24.84,24.71,24.78,24.84,24.82,24.82,24.89,24.84,24.84,25.02,24.97,24.98,24.86,24.76,24.82,24.92,24.88,24.82,24.84,24.79,24.75,25.03,24.92,25.17,25.17,25.0,25.09,24.93,24.78,24.79,25.03,24.84,24.88,24.86,24.74,24.9,24.86,24.89,25.42,25.46,25.54,25.27,25.05,25.03,24.83,24.84,24.74,24.92,24.8,24.8,24.89,25.0,24.99,25.14,25.49,25.5,25.48,25.5,25.14,24.8,24.87,24.69,24.82,24.75,24.83,25.0,24.84,24.79,24.9,24.99,25.66,25.66,25.46,25.06,25.06,25.01,24.9,24.79,24.75,24.88,25.0,24.94,24.88,24.82,25.03,24.86,25.5,25.2,25.6,25.0,25.09,24.88,24.78,24.81,24.77,24.92,24.84,24.8,24.86,24.88,24.73,25.03,25.0,25.0,25.11,25.04,24.93,24.97,24.86,24.88,24.56,24.9,24.78,24.84,24.83,24.82,24.84,24.86,24.97,24.81,24.82,24.88,24.97,24.78,24.79,24.6,24.99,24.98,24.9,24.83,24.67,24.9,24.88,24.88,24.78,24.88,24.83,24.88,24.92,24.74,24.74,24.64,24.98,25.08,24.88,24.71,24.89,24.92,24.9,24.92,24.89,24.78,25.04,24.89,24.84,24.59,24.66,24.78,24.82,24.81,24.71,24.61,24.82,24.94,24.75,24.69,24.71,24.84,24.94,24.98,24.78,24.66,24.72,24.82
15.9,26.34,24.73,24.86,24.64,24.48,24.63,24.63,24.69,24.79,24.71,24.71,24.59,24.78,24.59,24.78,24.86,25.16,24.69,24.94,24.85,24.84,24.81,24.67,24.75,24.78,24.7,24.75,24.84,24.66,24.94,24.75,24.74,24.89,24.94,24.78,24.76,24.6,24.78,24.71,24.77,24.67,24.67,24.73,24.84,24.64,24.69,24.86,24.67,24.66,24.65,24.76,24.75,24.76,24.88,24.78,24.73,24.87,24.94,25.01,24.66,24.88,24.76,24.69,24.59,24.58,24.59,24.75,24.78,24.88,24.73,24.66,24.69,24.92,25.06,25.0,24.73,24.94,24.97,24.78,24.69,24.77,24.76,24.92,24.84,24.68,24.74,24.81,24.82,24.85,24.92,24.88,24.81,25.0,24.94,24.92,24.83,24.76,24.82,24.92,24.88,24.82,24.88,24.85,24.75,25.03,24.92,25.2,25.2,25.0,25.06,25.0,24.78,24.75,25.03,24.84,24.88,24.86,24.81,24.96,24.86,24.86,25.38,25.46,25.56,25.21,24.98,24.96,24.9,24.88,24.81,24.85,24.8,24.77,24.89,25.03,24.93,25.14,25.46,25.56,25.5,25.48,25.19,24.76,24.84,24.69,24.82,24.78,24.78,25.0,24.88,24.85,24.96,24.93,25.63,25.63,25.46,25.09,25.06,25.01,24.87,24.75,24.79,24.92,24.96,24.94,24.88,24.85,25.03,24.86,25.48,25.2,25.66,25.0,25.15,24.88,24.78,24.74,24.84,24.98,24.84,24.78,24.86,24.88,24.8,25.03,25.03,25.0,25.06,25.09,25.0,24.97,24.83,24.81,24.56,24.94,24.78,24.84,24.78,24.82,24.87,24.92,25.0,24.74,24.82,24.88,24.97,24.78,24.75,24.52,24.89,25.03,24.94,24.9,24.71,24.88,24.88,24.88,24.8,24.88,24.77,24.84,24.92,24.81,24.78,24.59,24.92,25.12,24.88,24.79,24.83,24.92,24.87,24.95,24.95,24.78,25.0,24.83,24.88,24.63,24.66,24.78,24.82,24.75,24.76,24.61,24.74,24.86,24.79,24.66,24.79,24.88,24.86,24.94,24.78,24.76,24.78,24.82
15.99,26.34,24.76,24.89,24.64,24.51,24.63,24.63,24.71,24.77,24.71,24.71,24.59,24.78,24.62,24.78,24.86,25.12,24.69,24.94,24.87,24.86,24.79,24.65,24.75,24.78,24.7,24.75,24.84,24.68,24.94,24.75,24.77,24.92,24.94,24.76,24.76,24.62,24.78,24.69,24.75,24.69,24.67,24.73,24.84,24.64,24.69,24.84,24.69,24.66,24.63,24.76,24.75,24.78,24.88,24.76,24.73,24.87,24.94,24.99,24.66,24.88,24.78,24.71,24.61,24.58,24.59,24.77,24.78,24.88,24.71,24.66,24.69,24.94,25.05,25.0,24.71,24.94,24.97,24.8,24.69,24.79,24.78,24.92,24.84,24.68,24.72,24.81,24.82,24.86,24.92,24.88,24.81,25.0,24.94,24.92,24.83,24.76,24.84,24.92,24.88,24.82,24.86,24.85,24.75,25.03,24.92,25.19,25.19,25.0,25.06,25.01,24.78,24.73,25.01,24.86,24.88,24.86,24.81,24.96,24.86,24.88,25.36,25.46,25.56,25.21,24.99,24.94,24.9,24.86,24.81,24.85,24.81,24.75,24.88,25.03,24.92,25.14,25.46,25.56,25.51,25.46,25.2,24.76,24.84,24.69,24.84,24.8,24.78,24.98,24.86,24.86,24.98,24.93,25.61,25.61,25.46,25.1,25.08,25.01,24.85,24.73,24.81,24.92,24.93,24.92,24.86,24.85,25.03,24.88,25.46,25.2,25.66,25.01,25.15,24.88,24.78,24.72,24.84,25.0,24.84,24.78,24.85,24.88,24.81,25.03,25.03,25.0,25.05,25.09,25.0,24.97,24.81,24.79,24.58,24.96,24.78,24.84,24.78,24.81,24.88,24.94,25.0,24.74,24.81,24.88,24.98,24.8,24.75,24.52,24.86,25.03,24.96,24.9,24.71,24.88,24.88,24.88,24.82,24.88,24.77,24.84,24.94,24.82,24.8,24.59,24.89,25.12,24.88,24.81,24.81,24.92,24.87,24.97,24.97,24.78,24.99,24.81,24.88,24.65,24.66,24.78,24.82,24.75,24.78,24.61,24.72,24.84,24.81,24.68,24.81,24.86,24.86,24.94,24.8,24.78,24.78,24.82
16.13,26.34,24.83,24.95,24.64,24.55,24.63,24.63,24.75,24.73,24.71,24.71,24.59,24.78,24.66,24.78,24.86,25.05,24.69,24.94,24.91,24.9,24.75,24.62,24.75,24.78,24.7,24.75,24.84,24.71,24.94,24.75,24.82,24.98,24.94,24.72,24.76,24.65,24.78,24.65,24.72,24.72,24.67,24.73,24.84,24.64,24.69,24.8,24.74,24.66,24.59,24.76,24.75,24.81,24.88,24.73,24.73,24.87,24.94,24.97,24.66,24.88,24.81,24.74,24.65,24.58,24.59,24.8,24.78,24.88,24.68,24.66,24.69,24.97,25.02,25.0,24.68,24.94,24.97,24.83,24.69,24.83,24.82,24.92,24.84,24.68,24.69,24.81,24.82,24.89,24.92,24.88,24.81,25.0,24.94,24.92,24.83,24.76,24.88,24.92,24.88,24.82,24.83,24.85,24.75,25.03,24.92,25.16,25.16,25.0,25.06,25.05,24.78,24.69,24.98,24.89,24.88,24.86,24.81,24.96,24.86,24.9,25.34,25.46,25.56,25.21,25.02,24.91,24.9,24.82,24.81,24.85,24.84,24.72,24.84,25.03,24.89,25.14,25.46,25.56,25.54,25.44,25.22,24.76,24.84,24.69,24.88,24.83,24.78,24.95,24.83,24.89,25.0,24.93,25.55,25.55,25.46,25.12,25.11,25.01,24.82,24.69,24.84,24.92,24.86,24.9,24.83,24.85,25.03,24.9,25.44,25.2,25.66,25.04,25.15,24.88,24.78,24.69,24.84,25.03,24.84,24.78,24.81,24.88,24.84,25.03,25.03,25.0,25.02,25.09,25.0,24.97,24.78,24.75,24.62,24.99,24.78,24.84,24.78,24.78,24.91,24.97,25.0,24.74,24.78,24.88,25.02,24.83,24.75,24.52,24.81,25.03,24.99,24.9,24.71,24.88,24.88,24.88,24.85,24.88,24.77,24.84,24.97,24.86,24.84,24.59,24.84,25.12,24.88,24.84,24.78,24.92,24.87,25.0,25.0,24.78,24.95,24.78,24.88,24.69,24.66,24.78,24.82,24.75,24.83,24.61,24.69,24.8,24.84,24.71,24.84,24.82,24.86,24.94,24.85,24.83,24.78,24.82
16.21,26.34,24.86,24.95,24.64,24.57,24.63,24.65,24.75,24.71,24.71,24.71,24.61,24.78,24.66,24.75,24.89,25.05,24.72,24.91,24.91,24.92,24.77,24.6,24.73,24.78,24.7,24.75,24.86,24.73,24.94,24.75,24.82,24.98,24.94,24.69,24.76,24.65,24.78,24.65,24.7,24.73,24.69,24.73,24.86,24.64,24.69,24.8,24.76,24.66,24.57,24.78,24.75,24.83,24.88,24.73,24.73,24.87,24.94,24.95,24.66,24.88,24.83,24.74,24.68,24.58,24.59,24.82,24.78,24.88,24.68,24.66,24.69,24.98,25.01,25.0,24.7,24.94,24.96,24.85,24.69,24.85,24.82,24.92,24.84,24.66,24.69,24.81,24.82,24.89,24.92,24.88,24.83,24.98,24.94,24.91,24.81,24.78,24.89,24.92,24.86,24.82,24.83,24.86,24.75,25.02,24.92,25.14,25.14,25.0,25.05,25.05,24.8,24.69,24.98,24.89,24.88,24.86,24.82,24.98,24.86,24.9,25.32,25.46,25.56,25.21,25.02,24.89,24.92,24.82,24.81,24.85,24.84,24.72,24.84,25.03,24.88,25.13,25.46,25.58,25.56,25.44,25.22,24.76,24.84,24.7,24.88,24.85,24.76,24.95,24.83,24.9,25.0,24.93,25.54,25.54,25.46,25.14,25.11,25.01,24.8,24.68,24.84,24.92,24.85,24.9,24.83,24.86,25.02,24.9,25.44,25.21,25.66,25.04,25.15,24.89,24.78,24.67,24.86,25.01,24.84,24.78,24.81,24.88,24.84,25.03,25.03,25.0,25.01,25.09,25.0,24.97,24.78,24.73,24.65,24.99,24.8,24.84,24.78,24.77,24.92,24.98,25.0,24.74,24.77,24.88,25.02,24.83,24.75,24.52,24.79,25.01,25.01,24.92,24.71,24.88,24.86,24.89,24.86,24.88,24.77,24.84,24.97,24.88,24.86,24.59,24.81,25.1,24.88,24.86,24.77,24.92,24.85,25.0,25.02,24.78,24.94,24.77,24.88,24.71,24.66,24.78,24.82,24.75,24.83,24.61,24.69,24.78,24.84,24.73,24.86,24.82,24.84,24.92,24.85,24.85,24.78,24.82
16.35,26.34,24.93,24.95,24.64,24.59,24.63,24.69,24.75,24.69,24.69,24.69,24.66,24.78,24.66,24.69,24.92,25.05,24.78,24.86,24.87,24.94,24.79,24.61,24.7,24.78,24.68,24.75,24.88,24.77,24.94,24.75,24.8,24.98,24.94,24.65,24.74,24.64,24.78,24.67,24.67,24.77,24.72,24.75,24.89,24.66,24.69,24.8,24.78,24.69,24.58,24.8,24.75,24.84,24.88,24.73,24.71,24.85,24.94,24.94,24.68,24.88,24.84,24.74,24.72,24.58,24.61,24.82,24.78,24.88,24.7,24.66,24.69,25.0,25.0,25.0,24.75,24.94,24.93,24.88,24.69,24.88,24.8,24.9,24.84,24.65,24.71,24.8,24.81,24.89,24.93,24.89,24.84,24.95,24.94,24.89,24.8,24.8,24.91,24.9,24.83,24.84,24.84,24.89,24.75,24.99,24.93,25.13,25.13,25.0,25.0,25.05,24.83,24.71,24.98,24.89,24.88,24.88,24.86,24.99,24.85,24.89,25.31,25.48,25.56,25.21,25.0,24.88,24.95,24.84,24.81,24.83,24.86,24.73,24.86,25.03,24.85,25.09,25.48,25.62,25.6,25.44,25.21,24.78,24.84,24.74,24.86,24.88,24.73,24.95,24.84,24.93,24.99,24.93,25.52,25.52,25.48,25.16,25.09,25.0,24.78,24.66,24.84,24.9,24.83,24.9,24.84,24.89,24.99,24.89,25.44,25.25,25.66,25.04,25.13,24.92,24.78,24.66,24.88,24.96,24.84,24.78,24.83,24.89,24.84,25.03,25.03,25.0,25.0,25.09,25.0,24.95,24.8,24.69,24.69,24.98,24.83,24.84,24.78,24.75,24.94,25.0,25.0,24.76,24.75,24.88,25.0,24.83,24.77,24.54,24.74,24.97,25.03,24.95,24.72,24.88,24.83,24.93,24.88,24.88,24.77,24.84,24.95,24.91,24.88,24.59,24.78,25.05,24.88,24.9,24.75,24.9,24.83,25.0,25.05,24.78,24.9,24.75,24.9,24.74,24.66,24.78,24.79,24.75,24.83,24.63,24.69,24.74,24.84,24.77,24.9,24.84,24.8,24.87,24.85,24.9,24.78,24.79
16.43,26.34,24.96,24.95,24.64,24.59,24.63,24.69,24.75,24.69,24.68,24.69,24.68,24.78,24.66,24.69,24.92,25.05,24.78,24.83,24.82,24.94,24.77,24.63,24.7,24.78,24.68,24.75,24.86,24.77,24.94,24.75,24.8,24.98,24.94,24.65,24.72,24.64,24.78,24.67,24.67,24.78,24.73,24.75,24.89,24.68,24.71,24.8,24.78,24.69,24.58,24.8,24.75,24.84,24.86,24.72,24.7,24.85,24.94,24.92,24.69,24.89,24.84,24.74,24.72,24.58,24.63,24.82,24.78,24.88,24.7,24.66,24.7,24.98,25.0,24.98,24.76,24.94,24.93,24.88,24.69,24.85,24.8,24.88,24.83,24.66,24.71,24.78,24.81,24.9,24.95,24.91,24.83,24.95,24.94,24.89,24.8,24.78,24.89,24.88,24.85,24.85,24.84,24.89,24.76,24.99,24.95,25.13,25.13,25.0,25.0,25.06,24.83,24.71,24.96,24.91,24.88,24.9,24.86,24.98,24.83,24.89,25.31,25.49,25.56,25.21,25.0,24.88,24.95,24.84,24.81,24.83,24.88,24.75,24.86,25.03,24.83,25.07,25.49,25.63,25.6,25.42,25.2,24.81,24.84,24.74,24.86,24.88,24.73,24.95,24.86,24.93,24.98,24.93,25.52,25.52,25.49,25.18,25.08,24.98,24.8,24.68,24.84,24.88,24.83,24.91,24.86,24.89,24.98,24.89,25.44,25.28,25.66,25.04,25.12,24.92,24.8,24.67,24.88,24.95,24.84,24.78,24.85,24.91,24.86,25.02,25.03,25.0,25.01,25.09,25.0,24.94,24.8,24.69,24.71,24.96,24.83,24.84,24.78,24.77,24.94,24.98,25.0,24.78,24.77,24.88,24.98,24.83,24.79,24.56,24.74,24.95,25.01,24.95,24.74,24.88,24.85,24.93,24.86,24.88,24.78,24.84,24.94,24.91,24.88,24.62,24.81,25.03,24.86,24.92,24.77,24.9,24.83,25.0,25.03,24.78,24.88,24.77,24.9,24.74,24.66,24.78,24.79,24.75,24.85,24.63,24.69,24.74,24.88,24.77,24.92,24.84,24.8,24.89,24.85,24.9,24.78,24.76
16.61,26.34,25.02,24.95,24.64,24.59,24.63,24.69,24.75,24.69,24.64,24.69,24.72,24.78,24.66,24.69,24.92,25.05,24.78,24.78,24.74,24.94,24.74,24.67,24.7,24.78,24.68,24.75,24.82,24.77,24.94,24.75,24.8,24.98,24.94,24.65,24.68,24.64,24.78,24.67,24.67,24.81,24.77,24.75,24.89,24.71,24.74,24.8,24.78,24.69,24.58,24.8,24.75,24.84,24.83,24.69,24.66,24.85,24.94,24.89,24.72,24.92,24.84,24.74,24.72,24.58,24.67,24.82,24.78,24.88,24.7,24.66,24.73,24.95,25.0,24.95,24.79,24.94,24.93,24.88,24.69,24.81,24.8,24.85,24.8,24.7,24.71,24.75,24.81,24.93,24.98,24.94,24.8,24.95,24.94,24.89,24.8,24.74,24.86,24.85,24.88,24.88,24.84,24.89,24.79,24.99,24.98,25.13,25.13,25.0,25.0,25.1,24.83,24.71,24.93,24.94,24.88,24.93,24.86,24.95,24.81,24.89,25.31,25.51,25.56,25.21,25.0,24.88,24.95,24.84,24.81,24.83,24.91,24.78,24.86,25.03,24.81,25.05,25.51,25.65,25.6,25.4,25.18,24.87,24.84,24.74,24.86,24.88,24.73,24.95,24.89,24.93,24.95,24.93,25.52,25.52,25.51,25.2,25.05,24.94,24.83,24.71,24.84,24.85,24.83,24.94,24.89,24.89,24.95,24.89,25.44,25.33,25.66,25.04,25.09,24.92,24.83,24.71,24.88,24.92,24.84,24.78,24.88,24.94,24.89,24.99,25.03,25.0,25.04,25.09,25.0,24.91,24.8,24.69,24.76,24.92,24.83,24.84,24.78,24.8,24.94,24.95,25.0,24.81,24.8,24.88,24.95,24.83,24.82,24.6,24.74,24.92,24.98,24.95,24.78,24.88,24.88,24.93,24.83,24.88,24.81,24.84,24.9,24.91,24.88,24.66,24.87,24.98,24.82,24.96,24.8,24.9,24.83,25.0,25.0,24.78,24.85,24.8,24.9,24.74,24.66,24.78,24.79,24.75,24.9,24.63,24.69,24.74,24.95,24.77,24.96,24.84,24.8,24.93,24.85,24.9,24.78,24.69
16.75,26.34,25.09,24.95,24.58,24.59,24.63,24.72,24.79,24.73,24.64,24.66,24.72,24.78,24.71,24.69,24.86,25.05,24.84,24.78,24.69,24.9,24.74,24.71,24.7,24.78,24.64,24.75,24.78,24.81,24.94,24.75,24.8,25.05,24.88,24.61,24.63,24.64,24.78,24.71,24.67,24.81,24.8,24.77,24.89,24.75,24.74,24.76,24.78,24.74,24.62,24.76,24.75,24.84,24.83,24.66,24.63,24.82,24.94,24.89,24.72,24.89,24.84,24.78,24.76,24.58,24.67,24.78,24.78,24.88,24.7,24.66,24.73,24.95,25.0,24.95,24.82,24.94,24.93,24.88,24.72,24.77,24.76,24.82,24.8,24.73,24.74,24.72,24.77,24.93,25.0,24.97,24.77,24.91,24.94,24.89,24.8,24.7,24.82,24.82,24.86,24.91,24.82,24.92,24.79,24.99,25.0,25.13,25.13,25.0,24.97,25.1,24.83,24.71,24.89,24.94,24.88,24.97,24.89,24.92,24.78,24.89,25.31,25.54,25.54,25.21,25.0,24.88,24.99,24.84,24.81,24.77,24.95,24.81,24.86,25.03,24.78,25.02,25.54,25.68,25.6,25.38,25.15,24.93,24.87,24.77,24.86,24.88,24.73,24.95,24.89,24.93,24.92,24.9,25.52,25.52,25.54,25.2,25.02,24.91,24.87,24.75,24.84,24.82,24.83,24.94,24.92,24.89,24.92,24.86,25.41,25.36,25.66,25.06,25.04,24.92,24.83,24.74,24.88,24.89,24.84,24.78,24.91,24.94,24.89,24.99,25.03,25.03,25.04,25.09,25.0,24.88,24.8,24.69,24.8,24.92,24.83,24.84,24.78,24.8,24.91,24.92,25.0,24.85,24.82,24.88,24.89,24.83,24.86,24.65,24.69,24.92,24.98,24.99,24.81,24.9,24.88,24.9,24.8,24.88,24.84,24.84,24.87,24.95,24.88,24.66,24.87,24.94,24.82,24.99,24.8,24.87,24.83,24.97,25.0,24.82,24.82,24.8,24.9,24.78,24.66,24.78,24.73,24.75,24.9,24.67,24.69,24.7,24.95,24.81,24.99,24.88,24.76,24.88,24.85,24.95,24.78,24.63
16.83,26.34,25.12,24.95,24.55,24.59,24.63,24.74,24.81,24.75,24.64,24.64,24.72,24.78,24.73,24.69,24.82,25.05,24.88,24.78,24.67,24.88,24.74,24.73,24.7,24.78,24.63,24.75,24.76,24.82,24.94,24.75,24.8,25.08,24.86,24.58,24.61,24.64,24.78,24.72,24.67,24.81,24.81,24.79,24.89,24.76,24.74,24.74,24.78,24.77,24.65,24.74,24.75,24.84,24.83,24.65,24.61,24.81,24.94,24.89,24.72,24.87,24.84,24.8,24.78,24.58,24.67,24.76,24.78,24.88,24.7,24.66,24.73,24.95,25.0,24.95,24.83,24.94,24.93,24.88,24.74,24.74,24.74,24.8,24.8,24.75,24.76,24.7,24.76,24.93,25.02,24.98,24.75,24.9,24.94,24.89,24.8,24.68,24.81,24.8,24.84,24.92,24.8,24.93,24.79,24.99,25.02,25.13,25.13,25.0,24.96,25.1,24.83,24.71,24.88,24.94,24.88,24.98,24.91,24.9,24.76,24.89,25.31,25.55,25.52,25.21,25.0,24.88,25.0,24.84,24.81,24.73,24.96,24.83,24.86,25.03,24.76,25.0,25.55,25.69,25.6,25.36,25.14,24.96,24.89,24.79,24.86,24.88,24.73,24.95,24.89,24.93,24.9,24.89,25.52,25.52,25.55,25.2,25.0,24.89,24.88,24.77,24.84,24.8,24.83,24.94,24.94,24.89,24.9,24.85,25.4,25.37,25.66,25.08,25.01,24.92,24.83,24.76,24.88,24.87,24.84,24.78,24.93,24.94,24.89,24.99,25.03,25.05,25.04,25.09,25.0,24.86,24.8,24.69,24.82,24.92,24.83,24.84,24.78,24.8,24.9,24.91,25.0,24.86,24.84,24.88,24.86,24.83,24.88,24.67,24.66,24.92,24.98,25.0,24.83,24.92,24.88,24.88,24.79,24.88,24.85,24.84,24.85,24.96,24.88,24.66,24.87,24.91,24.82,25.01,24.8,24.85,24.83,24.95,25.0,24.83,24.8,24.8,24.9,24.8,24.66,24.78,24.69,24.75,24.9,24.69,24.69,24.68,24.95,24.82,25.01,24.9,24.74,24.86,24.85,24.97,24.78,24.6
17.0,26.34,25.12,24.92,24.55,24.59,24.63,24.74,24.82,24.77,24.66,24.62,24.7,24.78,24.78,24.69,24.79,25.05,24.91,24.78,24.65,24.86,24.74,24.73,24.7,24.78,24.63,24.73,24.74,24.84,24.94,24.75,24.8,25.08,24.83,24.56,24.61,24.64,24.76,24.72,24.69,24.81,24.83,24.8,24.87,24.8,24.76,24.74,24.76,24.8,24.68,24.74,24.77,24.84,24.81,24.64,24.61,24.8,24.94,24.89,24.73,24.85,24.84,24.82,24.8,24.6,24.69,24.74,24.78,24.86,24.71,24.66,24.75,24.95,25.0,24.95,24.86,24.95,24.91,24.9,24.76,24.72,24.72,24.78,24.8,24.77,24.78,24.69,24.76,24.92,25.03,24.98,24.75,24.88,24.94,24.89,24.81,24.65,24.79,24.78,24.83,24.94,24.77,24.93,24.79,24.99,25.03,25.13,25.12,25.0,24.94,25.08,24.83,24.71,24.84,24.94,24.88,25.0,24.93,24.88,24.75,24.89,25.31,25.58,25.53,25.23,25.02,24.88,25.0,24.84,24.81,24.72,24.98,24.86,24.84,25.03,24.76,24.99,25.56,25.69,25.6,25.36,25.11,25.0,24.9,24.82,24.88,24.88,24.75,24.95,24.89,24.93,24.89,24.88,25.52,25.52,25.56,25.2,24.98,24.88,24.9,24.81,24.84,24.78,24.81,24.93,24.95,24.89,24.89,24.83,25.4,25.39,25.65,25.09,24.97,24.92,24.83,24.79,24.88,24.85,24.84,24.79,24.95,24.94,24.88,24.99,25.02,25.06,25.04,25.08,24.98,24.84,24.8,24.71,24.84,24.92,24.85,24.84,24.78,24.8,24.87,24.89,25.0,24.88,24.85,24.88,24.83,24.83,24.9,24.71,24.66,24.92,24.98,25.0,24.84,24.95,24.9,24.87,24.78,24.88,24.88,24.86,24.83,24.96,24.86,24.69,24.87,24.89,24.8,25.01,24.8,24.83,24.85,24.93,24.98,24.85,24.78,24.81,24.9,24.82,24.66,24.78,24.69,24.75,24.88,24.72,24.71,24.68,24.95,24.86,25.01,24.9,24.74,24.84,24.85,24.99,24.75,24.56
17.08,26.34,25.09,24.89,24.58,24.59,24.63,24.72,24.82,24.77,24.68,24.62,24.68,24.78,24.8,24.69,24.79,25.05,24.91,24.78,24.65,24.86,24.74,24.71,24.7,24.78,24.64,24.72,24.74,24.84,24.94,24.75,24.8,25.05,24.83,24.56,24.63,24.64,24.75,24.71,24.7,24.81,24.83,24.8,24.86,24.82,24.78,24.76,24.74,24.8,24.68,24.76,24.78,24.84,24.8,24.64,24.63,24.8,24.94,24.89,24.75,24.85,24.84,24.82,24.8,24.62,24.71,24.74,24.78,24.84,24.73,24.66,24.77,24.95,25.0,24.95,24.87,24.97,24.9,24.92,24.76,24.72,24.72,24.78,24.8,24.77,24.78,24.69,24.77,24.9,25.03,24.97,24.77,24.88,24.94,24.89,24.83,24.65,24.79,24.78,24.83,24.94,24.76,24.92,24.79,24.99,25.03,25.13,25.1,25.0,24.94,25.06,24.83,24.71,24.82,24.94,24.88,25.0,24.93,24.86,24.75,24.89,25.31,25.59,25.54,25.24,25.04,24.88,24.99,24.84,24.81,24.74,24.98,24.88,24.82,25.03,24.78,24.99,25.56,25.68,25.6,25.38,25.1,25.0,24.9,24.84,24.89,24.88,24.76,24.95,24.89,24.93,24.89,24.88,25.52,25.52,25.56,25.2,24.98,24.88,24.9,24.82,24.84,24.78,24.8,24.91,24.95,24.89,24.89,24.83,25.41,25.39,25.63,25.09,24.95,24.92,24.83,24.81,24.88,24.85,24.84,24.8,24.95,24.94,24.86,24.99,25.0,25.06,25.04,25.06,24.96,24.84,24.8,24.73,24.84,24.92,24.87,24.84,24.78,24.8,24.85,24.89,25.0,24.88,24.85,24.88,24.83,24.83,24.9,24.73,24.69,24.92,24.98,24.99,24.84,24.96,24.92,24.87,24.78,24.88,24.9,24.88,24.83,24.95,24.84,24.71,24.87,24.89,24.78,24.99,24.8,24.83,24.87,24.93,24.96,24.85,24.78,24.83,24.9,24.82,24.66,24.78,24.73,24.75,24.85,24.72,24.72,24.7,24.95,24.88,24.99,24.88,24.76,24.84,24.85,24.99,24.72,24.56
17.19,26.34,25.02,24.83,24.6,24.57,24.62,24.68,24.82,24.74,24.69,24.61,24.63,24.78,24.85,24.68,24.79,25.04,24.9,24.77,24.65,24.86,24.73,24.68,24.69,24.79,24.66,24.69,24.74,24.86,24.93,24.75,24.76,24.98,24.83,24.56,24.65,24.63,24.72,24.68,24.73,24.81,24.82,24.8,24.83,24.85,24.82,24.77,24.69,24.79,24.67,24.79,24.79,24.84,24.76,24.65,24.66,24.78,24.93,24.88,24.77,24.85,24.84,24.81,24.79,24.67,24.74,24.74,24.76,24.82,24.75,24.67,24.78,24.93,24.99,24.95,24.9,24.98,24.87,24.93,24.75,24.72,24.71,24.78,24.8,24.78,24.79,24.68,24.79,24.87,25.03,24.95,24.78,24.87,24.93,24.9,24.84,24.67,24.79,24.78,24.84,24.93,24.72,24.89,24.79,24.98,25.03,25.12,25.07,24.99,24.94,25.04,24.83,24.71,24.79,24.93,24.87,24.99,24.91,24.83,24.75,24.89,25.32,25.6,25.55,25.27,25.07,24.89,24.95,24.82,24.79,24.77,24.98,24.9,24.79,25.01,24.79,24.98,25.56,25.63,25.6,25.38,25.08,25.01,24.9,24.84,24.91,24.9,24.79,24.94,24.87,24.91,24.89,24.89,25.52,25.51,25.55,25.2,25.0,24.87,24.9,24.84,24.84,24.79,24.78,24.88,24.95,24.87,24.89,24.84,25.42,25.38,25.6,25.1,24.93,24.91,24.83,24.82,24.88,24.85,24.84,24.83,24.93,24.93,24.84,24.97,24.97,25.06,25.03,25.03,24.92,24.84,24.79,24.76,24.84,24.9,24.88,24.84,24.79,24.79,24.82,24.87,24.99,24.89,24.85,24.87,24.83,24.83,24.9,24.77,24.73,24.87,24.95,24.95,24.84,24.97,24.93,24.85,24.77,24.87,24.92,24.89,24.83,24.91,24.81,24.73,24.86,24.86,24.76,24.97,24.81,24.85,24.86,24.91,24.93,24.85,24.78,24.84,24.88,24.81,24.65,24.78,24.75,24.75,24.82,24.71,24.76,24.71,24.92,24.91,24.97,24.86,24.77,24.84,24.84,24.99,24.69,24.56
17.3,26.33,24.95,24.76,24.59,24.51,24.61,24.64,24.81,24.69,24.68,24.6,24.58,24.77,24.89,24.67,24.78,25.03,24.89,24.76,24.64,24.85,24.72,24.68,24.68,24.82,24.65,24.68,24.73,24.89,24.92,24.74,24.7,24.9,24.82,24.55,24.64,24.62,24.72,24.68,24.75,24.8,24.81,24.79,24.82,24.87,24.85,24.76,24.64,24.78,24.66,24.82,24.78,24.83,24.72,24.66,24.68,24.74,24.92,24.87,24.79,24.84,24.83,24.8,24.78,24.71,24.77,24.73,24.72,24.81,24.77,24.69,24.77,24.89,24.98,24.93,24.91,24.97,24.83,24.92,24.74,24.71,24.7,24.77,24.79,24.8,24.81,24.67,24.78,24.83,25.02,24.93,24.77,24.86,24.92,24.92,24.83,24.7,24.78,24.77,24.87,24.92,24.68,24.85,24.78,24.98,25.02,25.12,25.03,24.98,24.93,25.03,24.82,24.7,24.74,24.92,24.86,24.98,24.86,24.79,24.74,24.88,25.34,25.59,25.54,25.28,25.09,24.91,24.9,24.77,24.74,24.79,24.97,24.92,24.74,24.98,24.78,24.98,25.55,25.57,25.59,25.37,25.07,25.03,24.89,24.79,24.9,24.92,24.8,24.93,24.83,24.88,24.88,24.9,25.51,25.47,25.51,25.19,25.02,24.86,24.89,24.83,24.83,24.82,24.77,24.84,24.93,24.83,24.88,24.86,25.41,25.37,25.56,25.11,24.92,24.9,24.82,24.81,24.87,24.85,24.83,24.85,24.88,24.92,24.82,24.93,24.93,25.04,25.02,24.99,24.88,24.83,24.78,24.79,24.83,24.85,24.87,24.83,24.8,24.78,24.78,24.83,24.98,24.91,24.84,24.86,24.82,24.82,24.89,24.81,24.78,24.78,24.9,24.9,24.83,24.96,24.92,24.81,24.76,24.86,24.94,24.88,24.82,24.86,24.8,24.72,24.85,24.81,24.75,24.96,24.83,24.87,24.82,24.87,24.89,24.84,24.77,24.83,24.83,24.8,24.64,24.77,24.74,24.74,24.82,24.7,24.79,24.7,24.88,24.94,24.96,24.85,24.76,24.83,24.83,24.98,24.68,24.54
17.41,26.32,24.91,24.66,24.59,24.49,24.59,24.61,24.79,24.69,24.69,24.61,24.55,24.74,24.89,24.7,24.77,25.03,24.89,24.73,24.63,24.84,24.73,24.67,24.68,24.83,24.66,24.66,24.72,24.88,24.92,24.73,24.64,24.83,24.79,24.57,24.66,24.62,24.69,24.67,24.78,24.78,24.82,24.77,24.82,24.88,24.86,24.76,24.61,24.78,24.66,24.85,24.78,24.81,24.68,24.69,24.71,24.74,24.92,24.87,24.82,24.84,24.82,24.78,24.76,24.71,24.78,24.74,24.69,24.81,24.78,24.7,24.76,24.86,24.98,24.91,24.94,24.96,24.81,24.9,24.74,24.7,24.7,24.78,24.78,24.8,24.82,24.68,24.79,24.82,25.0,24.91,24.76,24.85,24.92,24.92,24.81,24.71,24.77,24.76,24.88,24.9,24.66,24.83,24.79,24.97,25.01,25.11,25.01,24.98,24.92,25.01,24.83,24.69,24.72,24.9,24.86,24.98,24.84,24.77,24.73,24.86,25.34,25.59,25.54,25.29,25.1,24.94,24.88,24.75,24.72,24.8,24.95,24.94,24.72,24.94,24.77,24.97,25.54,25.54,25.57,25.37,25.07,25.05,24.9,24.78,24.88,24.92,24.83,24.94,24.81,24.84,24.86,24.91,25.53,25.47,25.49,25.18,25.01,24.86,24.88,24.82,24.81,24.83,24.78,24.84,24.93,24.82,24.87,24.87,25.42,25.37,25.54,25.11,24.92,24.91,24.81,24.81,24.88,24.83,24.82,24.86,24.88,24.91,24.8,24.91,24.91,25.04,25.01,24.98,24.86,24.82,24.79,24.82,24.82,24.82,24.87,24.82,24.81,24.79,24.76,24.81,24.96,24.92,24.85,24.86,24.8,24.8,24.86,24.82,24.82,24.73,24.86,24.88,24.82,24.95,24.92,24.78,24.76,24.86,24.95,24.87,24.8,24.82,24.78,24.74,24.88,24.78,24.72,24.94,24.86,24.9,24.78,24.83,24.85,24.83,24.78,24.82,24.81,24.78,24.64,24.76,24.73,24.73,24.79,24.7,24.82,24.72,24.85,24.94,24.94,24.86,24.76,24.82,24.81,24.96,24.68,24.57
17.55,26.32,24.91,24.54,24.59,24.49,24.54,24.61,24.75,24.72,24.72,24.65,24.55,24.7,24.84,24.75,24.77,25.03,24.89,24.68,24.63,24.84,24.77,24.67,24.68,24.83,24.69,24.63,24.72,24.84,24.92,24.73,24.59,24.77,24.73,24.61,24.7,24.62,24.66,24.67,24.81,24.75,24.86,24.74,24.82,24.88,24.86,24.76,24.61,24.78,24.66,24.89,24.78,24.77,24.65,24.72,24.75,24.76,24.92,24.87,24.85,24.84,24.82,24.74,24.72,24.66,24.78,24.78,24.69,24.81,24.78,24.7,24.76,24.82,24.98,24.88,24.97,24.96,24.81,24.87,24.74,24.7,24.7,24.81,24.78,24.76,24.82,24.72,24.82,24.82,24.97,24.88,24.76,24.85,24.92,24.89,24.78,24.71,24.77,24.76,24.88,24.88,24.66,24.83,24.82,24.97,25.01,25.11,25.01,24.98,24.92,24.98,24.87,24.69,24.72,24.87,24.86,24.98,24.84,24.77,24.73,24.83,25.34,25.59,25.54,25.29,25.1,24.98,24.88,24.75,24.72,24.8,24.92,24.98,24.72,24.91,24.77,24.97,25.54,25.54,25.55,25.37,25.07,25.05,24.92,24.82,24.84,24.88,24.87,24.98,24.81,24.82,24.83,24.91,25.59,25.49,25.49,25.18,24.98,24.86,24.88,24.82,24.77,24.83,24.81,24.87,24.93,24.82,24.87,24.87,25.44,25.37,25.54,25.08,24.92,24.94,24.81,24.81,24.92,24.8,24.82,24.86,24.91,24.91,24.77,24.91,24.91,25.04,25.01,24.98,24.86,24.82,24.82,24.86,24.82,24.82,24.87,24.82,24.81,24.82,24.76,24.81,24.92,24.92,24.88,24.86,24.77,24.76,24.82,24.82,24.88,24.73,24.82,24.88,24.82,24.95,24.92,24.75,24.76,24.86,24.95,24.87,24.76,24.79,24.74,24.79,24.93,24.78,24.69,24.9,24.89,24.93,24.75,24.8,24.82,24.83,24.81,24.82,24.81,24.74,24.64,24.76,24.73,24.73,24.75,24.7,24.86,24.76,24.85,24.9,24.9,24.9,24.76,24.82,24.76,24.91,24.68,24.64
17.61,26.32,24.91,24.51,24.59,24.49,24.52,24.59,24.75,24.74,24.74,24.67,24.53,24.68,24.84,24.81,24.74,24.99,24.86,24.68,24.65,24.84,24.75,24.67,24.7,24.83,24.71,24.61,24.71,24.82,24.92,24.73,24.59,24.77,24.71,24.63,24.72,24.63,24.64,24.65,24.82,24.73,24.86,24.73,24.8,24.88,24.86,24.74,24.61,24.78,24.66,24.89,24.78,24.76,24.63,24.72,24.76,24.78,24.92,24.87,24.87,24.84,24.82,24.74,24.7,24.63,24.78,24.8,24.69,24.81,24.76,24.7,24.76,24.81,24.98,24.87,24.95,24.96,24.82,24.85,24.74,24.7,24.72,24.83,24.78,24.76,24.8,24.73,24.84,24.83,24.96,24.87,24.75,24.87,24.92,24.89,24.78,24.69,24.77,24.76,24.89,24.86,24.64,24.82,24.83,24.98,25.01,25.11,25.01,24.98,24.94,24.98,24.87,24.68,24.7,24.87,24.86,24.98,24.82,24.76,24.73,24.83,25.34,25.59,25.54,25.29,25.11,24.99,24.87,24.73,24.72,24.8,24.92,24.98,24.7,24.9,24.77,24.98,25.54,25.52,25.52,25.36,25.08,25.05,24.94,24.82,24.84,24.87,24.9,24.98,24.79,24.8,24.83,24.91,25.6,25.49,25.49,25.18,24.98,24.86,24.88,24.82,24.77,24.83,24.81,24.87,24.91,24.8,24.89,24.89,25.44,25.36,25.54,25.08,24.92,24.94,24.81,24.81,24.92,24.81,24.82,24.86,24.91,24.91,24.77,24.91,24.91,25.04,25.01,24.98,24.86,24.82,24.82,24.88,24.82,24.84,24.85,24.82,24.81,24.83,24.76,24.81,24.91,24.92,24.89,24.86,24.77,24.76,24.81,24.82,24.9,24.75,24.81,24.87,24.82,24.95,24.93,24.72,24.76,24.86,24.95,24.87,24.76,24.77,24.72,24.81,24.96,24.8,24.67,24.88,24.91,24.95,24.75,24.8,24.8,24.83,24.83,24.82,24.81,24.72,24.64,24.76,24.73,24.73,24.75,24.7,24.86,24.78,24.87,24.88,24.88,24.9,24.78,24.84,24.76,24.89,24.68,24.67
17.72,26.32,24.91,24.51,24.59,24.49,24.52,24.59,24.75,24.74,24.74,24.71,24.53,24.63,24.84,24.88,24.74,24.92,24.79,24.68,24.7,24.81,24.71,24.67,24.73,24.83,24.75,24.61,24.67,24.82,24.92,24.77,24.64,24.77,24.65,24.63,24.76,24.67,24.64,24.62,24.82,24.73,24.86,24.73,24.77,24.85,24.9,24.74,24.61,24.72,24.66,24.89,24.78,24.76,24.63,24.69,24.8,24.81,24.92,24.87,24.87,24.84,24.85,24.74,24.66,24.63,24.74,24.8,24.69,24.81,24.74,24.7,24.79,24.81,24.94,24.83,24.89,24.96,24.86,24.81,24.74,24.66,24.76,24.87,24.78,24.8,24.77,24.73,24.88,24.86,24.93,24.83,24.75,24.91,24.92,24.89,24.78,24.65,24.77,24.76,24.92,24.86,24.61,24.79,24.83,25.01,25.01,25.11,25.01,24.98,25.0,24.98,24.83,24.64,24.7,24.87,24.86,24.94,24.79,24.73,24.73,24.86,25.34,25.56,25.54,25.29,25.14,24.99,24.83,24.69,24.72,24.8,24.92,24.94,24.67,24.87,24.8,25.01,25.54,25.49,25.49,25.33,25.08,25.05,24.94,24.78,24.88,24.83,24.92,24.98,24.79,24.77,24.83,24.91,25.6,25.49,25.49,25.16,24.98,24.89,24.88,24.82,24.77,24.83,24.81,24.87,24.91,24.77,24.89,24.91,25.44,25.33,25.54,25.08,24.92,24.91,24.85,24.84,24.92,24.85,24.82,24.86,24.91,24.91,24.8,24.89,24.91,25.04,25.01,24.98,24.86,24.79,24.79,24.92,24.82,24.84,24.85,24.82,24.81,24.86,24.74,24.78,24.91,24.92,24.92,24.86,24.77,24.76,24.77,24.82,24.9,24.75,24.77,24.83,24.82,24.95,24.96,24.69,24.76,24.86,24.95,24.87,24.76,24.74,24.72,24.86,24.96,24.8,24.67,24.88,24.94,24.99,24.75,24.8,24.77,24.87,24.83,24.82,24.77,24.69,24.64,24.76,24.73,24.67,24.79,24.7,24.86,24.82,24.91,24.84,24.88,24.9,24.82,24.84,24.76,24.84,24.68,24.73
17.85,26.32,24.91,24.51,24.59,24.49,24.52,24.63,24.75,24.74,24.74,24.71,24.53,24.59,24.84,24.88,24.74,24.85,24.79,24.68,24.74,24.77,24.71,24.67,24.73,24.83,24.75,24.61,24.67,24.86,24.92,24.81,24.64,24.77,24.6,24.59,24.8,24.67,24.64,24.62,24.79,24.73,24.86,24.75,24.77,24.81,24.9,24.74,24.61,24.72,24.71,24.89,24.78,24.76,24.66,24.69,24.83,24.81,24.92,24.9,24.87,24.81,24.88,24.74,24.66,24.63,24.71,24.76,24.69,24.81,24.74,24.7,24.79,24.84,24.91,24.83,24.86,24.96,24.86,24.81,24.74,24.66,24.76,24.9,24.81,24.8,24.77,24.73,24.88,24.86,24.9,24.8,24.78,24.91,24.92,24.89,24.78,24.65,24.81,24.76,24.89,24.86,24.61,24.79,24.8,25.01,25.01,25.11,25.01,24.98,25.0,24.94,24.83,24.64,24.74,24.84,24.86,24.91,24.79,24.73,24.73,24.86,25.34,25.54,25.54,25.29,25.14,24.99,24.83,24.69,24.72,24.77,24.92,24.91,24.67,24.84,24.83,25.01,25.54,25.49,25.49,25.33,25.08,25.01,24.94,24.78,24.88,24.83,24.92,24.98,24.79,24.77,24.83,24.91,25.6,25.49,25.49,25.13,24.98,24.92,24.85,24.79,24.77,24.83,24.81,24.84,24.91,24.77,24.89,24.91,25.44,25.31,25.54,25.08,24.92,24.91,24.85,24.84,24.92,24.85,24.82,24.86,24.91,24.91,24.8,24.89,24.91,25.04,24.99,24.98,24.86,24.76,24.79,24.92,24.82,24.84,24.88,24.82,24.81,24.86,24.71,24.78,24.91,24.92,24.92,24.86,24.77,24.76,24.73,24.82,24.85,24.75,24.77,24.83,24.82,24.95,24.92,24.69,24.79,24.86,24.93,24.87,24.76,24.74,24.72,24.86,24.9,24.8,24.71,24.88,24.94,24.99,24.75,24.8,24.81,24.9,24.83,24.79,24.77,24.69,24.64,24.76,24.67,24.61,24.79,24.74,24.86,24.82,24.88,24.84,24.88,24.94,24.82,24.76,24.76,24.84,24.68,24.8
18.0,26.32,24.76,24.5,24.61,24.48,24.47,24.6,24.72,24.75,24.75,24.68,24.5,24.58,24.86,24.87,24.7,24.77,24.75,24.7,24.75,24.74,24.68,24.62,24.72,24.82,24.75,24.57,24.66,24.87,24.91,24.8,24.58,24.73,24.56,24.6,24.79,24.66,24.6,24.63,24.78,24.7,24.85,24.73,24.76,24.8,24.87,24.71,24.56,24.74,24.72,24.9,24.77,24.71,24.67,24.71,24.82,24.78,24.88,24.91,24.87,24.8,24.84,24.72,24.66,24.62,24.68,24.73,24.68,24.8,24.75,24.69,24.77,24.82,24.93,24.84,24.85,24.95,24.85,24.8,24.71,24.69,24.77,24.89,24.82,24.79,24.77,24.72,24.85,24.86,24.86,24.79,24.8,24.91,24.94,24.88,24.77,24.64,24.8,24.72,24.87,24.85,24.62,24.76,24.81,25.03,25.0,25.13,24.98,24.96,25.0,24.95,24.82,24.63,24.76,24.82,24.85,24.86,24.76,24.72,24.72,24.85,25.33,25.53,25.51,25.28,25.13,24.98,24.8,24.68,24.71,24.76,24.91,24.9,24.69,24.81,24.85,25.0,25.53,25.48,25.48,25.35,25.07,25.0,24.91,24.76,24.83,24.82,24.92,24.96,24.77,24.76,24.82,24.92,25.59,25.46,25.48,25.13,25.0,24.92,24.8,24.74,24.8,24.86,24.8,24.81,24.87,24.79,24.9,24.92,25.45,25.28,25.53,25.08,24.92,24.9,24.82,24.8,24.91,24.84,24.85,24.82,24.87,24.92,24.81,24.92,24.88,25.01,24.96,24.96,24.88,24.78,24.82,24.91,24.82,24.85,24.91,24.82,24.8,24.87,24.71,24.8,24.89,24.91,24.88,24.85,24.8,24.75,24.68,24.77,24.81,24.76,24.78,24.8,24.82,24.93,24.9,24.69,24.8,24.82,24.89,24.86,24.79,24.75,24.68,24.82,24.87,24.84,24.72,24.87,24.92,24.96,24.74,24.84,24.82,24.87,24.82,24.8,24.8,24.7,24.63,24.75,24.69,24.66,24.76,24.75,24.85,24.83,24.87,24.85,24.83,24.91,24.83,24.79,24.75,24.81,24.61,24.79
18.06,26.31,24.69,24.49,24.63,24.47,24.44,24.58,24.69,24.75,24.75,24.67,24.49,24.57,24.85,24.86,24.69,24.73,24.72,24.69,24.75,24.73,24.66,24.6,24.72,24.82,24.77,24.55,24.65,24.87,24.9,24.8,24.55,24.69,24.56,24.62,24.78,24.65,24.58,24.62,24.78,24.7,24.84,24.71,24.76,24.8,24.87,24.7,24.53,24.74,24.72,24.92,24.76,24.69,24.66,24.72,24.82,24.78,24.86,24.9,24.88,24.81,24.82,24.69,24.66,24.62,24.67,24.73,24.68,24.8,24.76,24.69,24.76,24.8,24.94,24.83,24.85,24.95,24.84,24.8,24.69,24.71,24.78,24.89,24.81,24.78,24.77,24.72,24.84,24.87,24.84,24.78,24.81,24.92,24.95,24.87,24.76,24.64,24.79,24.7,24.88,24.85,24.63,24.75,24.82,25.04,25.0,25.14,24.96,24.96,25.01,24.96,24.82,24.62,24.78,24.81,24.84,24.84,24.74,24.72,24.72,24.84,25.33,25.52,25.51,25.28,25.12,24.98,24.78,24.68,24.71,24.78,24.9,24.89,24.71,24.79,24.86,25.0,25.53,25.48,25.48,25.35,25.06,25.0,24.9,24.73,24.81,24.82,24.91,24.96,24.76,24.76,24.82,24.93,25.59,25.44,25.48,25.14,25.01,24.91,24.78,24.72,24.81,24.87,24.8,24.81,24.85,24.8,24.91,24.93,25.45,25.28,25.53,25.08,24.93,24.9,24.82,24.78,24.9,24.83,24.86,24.8,24.85,24.92,24.82,24.93,24.86,24.99,24.96,24.96,24.89,24.79,24.83,24.9,24.81,24.85,24.92,24.81,24.8,24.88,24.72,24.81,24.89,24.9,24.86,24.84,24.83,24.75,24.66,24.75,24.81,24.76,24.77,24.78,24.81,24.91,24.89,24.7,24.81,24.8,24.87,24.86,24.8,24.74,24.65,24.82,24.86,24.86,24.71,24.87,24.91,24.95,24.73,24.87,24.81,24.85,24.82,24.82,24.81,24.69,24.62,24.75,24.72,24.69,24.75,24.75,24.84,24.84,24.89,24.85,24.81,24.89,24.84,24.83,24.75,24.78,24.58,24.78
18.13,26.31,24.61,24.49,24.66,24.47,24.42,24.56,24.67,24.74,24.74,24.66,24.49,24.57,24.85,24.86,24.69,24.69,24.68,24.69,24.74,24.72,24.64,24.57,24.71,24.81,24.78,24.52,24.65,24.86,24.9,24.79,24.52,24.65,24.55,24.63,24.78,24.65,24.55,24.62,24.78,24.69,24.84,24.69,24.75,24.8,24.86,24.7,24.5,24.73,24.71,24.93,24.76,24.67,24.66,24.72,24.81,24.77,24.84,24.9,24.89,24.82,24.79,24.67,24.65,24.61,24.67,24.72,24.68,24.79,24.77,24.68,24.76,24.78,24.94,24.82,24.84,24.94,24.84,24.8,24.67,24.73,24.79,24.88,24.81,24.78,24.76,24.71,24.84,24.88,24.82,24.78,24.82,24.93,24.96,24.87,24.76,24.63,24.79,24.68,24.89,24.84,24.64,24.73,24.82,25.05,24.99,25.15,24.94,24.95,25.02,24.98,24.81,24.62,24.79,24.81,24.84,24.82,24.72,24.71,24.71,24.84,25.32,25.52,25.5,25.28,25.12,24.98,24.76,24.68,24.7,24.79,24.9,24.89,24.72,24.77,24.87,24.99,25.52,25.48,25.48,25.36,25.06,24.99,24.88,24.71,24.79,24.81,24.91,24.95,24.76,24.75,24.81,24.94,25.58,25.42,25.48,25.15,25.02,24.91,24.76,24.69,24.82,24.88,24.79,24.8,24.83,24.81,24.92,24.94,25.46,25.28,25.52,25.08,24.94,24.89,24.81,24.76,24.9,24.83,24.87,24.78,24.82,24.93,24.82,24.94,24.84,24.97,24.95,24.95,24.91,24.8,24.84,24.9,24.81,24.84,24.93,24.81,24.8,24.89,24.73,24.82,24.88,24.9,24.84,24.84,24.85,24.74,24.64,24.72,24.8,24.75,24.77,24.76,24.81,24.89,24.89,24.71,24.82,24.78,24.85,24.85,24.81,24.74,24.63,24.81,24.86,24.88,24.71,24.86,24.91,24.95,24.73,24.9,24.81,24.83,24.81,24.83,24.82,24.69,24.62,24.74,24.75,24.71,24.75,24.74,24.84,24.85,24.9,24.84,24.79,24.86,24.85,24.87,24.74,24.75,24.55,24.78
18.28,26.29,24.67,24.56,24.58,24.45,24.45,24.52,24.59,24.67,24.67,24.7,24.54,24.55,24.77,24.84,24.67,24.67,24.64,24.59,24.73,24.67,24.6,24.6,24.7,24.8,24.8,24.54,24.64,24.83,24.89,24.78,24.5,24.6,24.49,24.58,24.72,24.64,24.63,24.64,24.71,24.64,24.82,24.67,24.78,24.75,24.81,24.7,24.53,24.64,24.7,24.93,24.77,24.65,24.68,24.71,24.77,24.77,24.83,24.89,24.85,24.77,24.78,24.64,24.62,24.6,24.62,24.71,24.66,24.81,24.73,24.67,24.76,24.76,24.92,24.76,24.83,24.9,24.87,24.75,24.64,24.67,24.78,24.92,24.79,24.8,24.73,24.7,24.79,24.91,24.77,24.75,24.81,24.93,24.98,24.85,24.71,24.62,24.77,24.71,24.89,24.83,24.64,24.7,24.81,25.04,24.94,25.11,24.92,24.93,25.01,24.96,24.8,24.6,24.82,24.84,24.82,24.75,24.65,24.7,24.7,24.85,25.31,25.48,25.44,25.26,25.13,25.01,24.73,24.62,24.65,24.79,24.89,24.87,24.7,24.71,24.87,24.98,25.55,25.46,25.46,25.36,25.08,24.96,24.85,24.65,24.77,24.85,24.89,24.93,24.71,24.71,24.81,24.97,25.57,25.41,25.46,25.15,25.06,24.94,24.68,24.62,24.77,24.87,24.81,24.77,24.81,24.81,24.92,24.97,25.42,25.26,25.51,25.09,24.94,24.88,24.75,24.69,24.89,24.83,24.9,24.72,24.76,24.93,24.85,24.88,24.85,24.93,24.93,24.93,24.85,24.73,24.83,24.89,24.79,24.77,24.94,24.79,24.81,24.89,24.76,24.77,24.86,24.91,24.83,24.82,24.81,24.73,24.6,24.7,24.82,24.7,24.7,24.73,24.84,24.88,24.84,24.71,24.78,24.77,24.82,24.81,24.8,24.7,24.65,24.75,24.93,24.89,24.73,24.89,24.89,24.94,24.68,24.87,24.79,24.8,24.85,24.78,24.77,24.62,24.6,24.73,24.77,24.7,24.74,24.66,24.82,24.86,24.9,24.77,24.75,24.89,24.86,24.87,24.73,24.74,24.59,24.76
18.38,26.29,24.73,24.62,24.55,24.47,24.48,24.52,24.55,24.64,24.64,24.74,24.58,24.55,24.71,24.84,24.67,24.67,24.63,24.54,24.72,24.62,24.6,24.61,24.69,24.78,24.81,24.56,24.63,24.81,24.88,24.78,24.53,24.6,24.43,24.53,24.7,24.63,24.67,24.65,24.67,24.6,24.82,24.67,24.79,24.71,24.77,24.71,24.57,24.58,24.69,24.92,24.78,24.65,24.7,24.69,24.73,24.78,24.82,24.88,24.82,24.73,24.78,24.63,24.61,24.59,24.58,24.71,24.67,24.82,24.7,24.65,24.76,24.76,24.92,24.73,24.82,24.88,24.89,24.72,24.63,24.62,24.78,24.95,24.79,24.81,24.71,24.69,24.77,24.93,24.74,24.73,24.82,24.92,25.01,24.83,24.69,24.59,24.77,24.74,24.87,24.82,24.63,24.69,24.81,25.03,24.9,25.07,24.92,24.92,25.01,24.94,24.79,24.6,24.85,24.87,24.82,24.72,24.63,24.69,24.69,24.88,25.29,25.46,25.39,25.26,25.15,25.02,24.72,24.6,24.63,24.79,24.88,24.86,24.7,24.69,24.88,24.98,25.58,25.47,25.46,25.37,25.09,24.94,24.84,24.64,24.79,24.86,24.89,24.92,24.69,24.69,24.81,24.98,25.56,25.42,25.47,25.14,25.07,24.97,24.64,24.6,24.73,24.85,24.82,24.77,24.81,24.82,24.92,24.98,25.41,25.26,25.51,25.09,24.92,24.88,24.71,24.67,24.88,24.83,24.93,24.69,24.74,24.92,24.86,24.86,24.88,24.92,24.92,24.92,24.82,24.7,24.82,24.88,24.79,24.75,24.95,24.79,24.82,24.88,24.78,24.75,24.86,24.92,24.82,24.82,24.77,24.72,24.6,24.7,24.81,24.69,24.68,24.72,24.87,24.89,24.82,24.72,24.75,24.76,24.82,24.79,24.79,24.7,24.67,24.72,24.98,24.9,24.74,24.9,24.87,24.91,24.67,24.85,24.79,24.79,24.88,24.76,24.75,24.58,24.6,24.72,24.8,24.69,24.71,24.62,24.82,24.87,24.92,24.73,24.73,24.9,24.87,24.87,24.72,24.74,24.61,24.75
18.5,26.3,24.74,24.69,24.62,24.48,24.49,24.57,24.56,24.66,24.66,24.75,24.63,24.56,24.72,24.78,24.68,24.68,24.64,24.55,24.69,24.6,24.61,24.65,24.73,24.75,24.82,24.57,24.64,24.82,24.89,24.74,24.59,24.68,24.44,24.54,24.71,24.64,24.68,24.66,24.68,24.58,24.83,24.68,24.8,24.68,24.74,24.72,24.62,24.59,24.7,24.9,24.79,24.66,24.75,24.67,24.7,24.79,24.83,24.89,24.83,24.74,24.78,24.64,24.66,24.6,24.58,24.72,24.72,24.83,24.71,24.62,24.77,24.77,24.93,24.74,24.83,24.89,24.9,24.73,24.64,24.63,24.78,24.96,24.8,24.82,24.69,24.7,24.78,24.97,24.75,24.74,24.83,24.94,25.02,24.84,24.73,24.61,24.78,24.75,24.85,24.83,24.64,24.7,24.84,25.04,24.91,25.05,24.93,24.91,25.02,24.91,24.8,24.61,24.86,24.88,24.83,24.73,24.64,24.7,24.7,24.91,25.3,25.47,25.4,25.24,25.16,25.03,24.73,24.61,24.64,24.8,24.89,24.88,24.71,24.7,24.89,24.98,25.61,25.5,25.47,25.4,25.07,24.95,24.85,24.69,24.83,24.84,24.9,24.94,24.73,24.7,24.82,24.98,25.57,25.45,25.48,25.15,25.05,25.02,24.65,24.65,24.7,24.82,24.83,24.81,24.82,24.83,24.9,24.96,25.44,25.27,25.52,25.08,24.9,24.88,24.75,24.68,24.85,24.81,24.94,24.7,24.78,24.94,24.84,24.9,24.91,24.94,24.94,24.94,24.83,24.74,24.83,24.89,24.8,24.8,24.96,24.8,24.86,24.89,24.82,24.79,24.87,24.94,24.83,24.83,24.78,24.73,24.61,24.71,24.82,24.73,24.72,24.73,24.88,24.9,24.83,24.76,24.76,24.77,24.83,24.8,24.8,24.74,24.64,24.73,24.99,24.96,24.75,24.87,24.85,24.89,24.72,24.86,24.8,24.8,24.89,24.77,24.8,24.58,24.61,24.68,24.88,24.7,24.67,24.62,24.83,24.92,24.97,24.74,24.7,24.87,24.92,24.88,24.73,24.7,24.57,24.76
18.61,26.3,24.71,24.78,24.65,24.46,24.5,24.61,24.58,24.64,24.64,24.74,24.68,24.59,24.75,24.7,24.68,24.72,24.65,24.58,24.65,24.56,24.61,24.69,24.77,24.74,24.82,24.59,24.65,24.84,24.9,24.7,24.65,24.75,24.47,24.54,24.69,24.65,24.7,24.68,24.68,24.57,24.83,24.7,24.8,24.67,24.72,24.73,24.65,24.59,24.71,24.86,24.79,24.68,24.79,24.65,24.67,24.78,24.84,24.9,24.81,24.75,24.79,24.65,24.71,24.63,24.59,24.7,24.74,24.83,24.73,24.61,24.78,24.78,24.94,24.76,24.84,24.9,24.9,24.74,24.65,24.64,24.77,24.95,24.8,24.84,24.68,24.69,24.77,24.99,24.76,24.76,24.83,24.94,25.02,24.86,24.77,24.63,24.77,24.76,24.83,24.85,24.65,24.71,24.86,25.05,24.92,25.05,24.93,24.88,25.02,24.9,24.79,24.61,24.87,24.88,24.83,24.73,24.65,24.71,24.71,24.95,25.32,25.47,25.41,25.21,25.16,25.04,24.74,24.61,24.65,24.8,24.9,24.88,24.71,24.71,24.89,24.99,25.65,25.52,25.48,25.43,25.05,24.97,24.84,24.7,24.87,24.82,24.88,24.94,24.77,24.71,24.83,24.99,25.56,25.47,25.47,25.16,25.04,25.06,24.65,24.69,24.69,24.81,24.83,24.82,24.84,24.83,24.88,24.93,25.46,25.27,25.52,25.07,24.9,24.88,24.79,24.68,24.82,24.79,24.94,24.71,24.8,24.94,24.83,24.92,24.93,24.94,24.94,24.94,24.83,24.77,24.82,24.9,24.8,24.82,24.96,24.8,24.9,24.9,24.84,24.81,24.89,24.94,24.84,24.83,24.79,24.74,24.61,24.71,24.82,24.76,24.76,24.74,24.88,24.9,24.83,24.79,24.76,24.78,24.83,24.8,24.81,24.78,24.63,24.72,24.96,24.99,24.78,24.86,24.82,24.86,24.74,24.86,24.8,24.81,24.88,24.78,24.82,24.61,24.61,24.63,24.95,24.71,24.65,24.63,24.83,24.94,24.99,24.76,24.69,24.84,24.94,24.88,24.74,24.68,24.51,24.74
18.7,26.3,24.64,24.85,24.65,24.46,24.5,24.65,24.62,24.61,24.61,24.7,24.68,24.63,24.75,24.64,24.68,24.72,24.71,24.63,24.65,24.52,24.61,24.69,24.77,24.74,24.82,24.62,24.65,24.88,24.9,24.7,24.65,24.75,24.52,24.54,24.65,24.65,24.74,24.75,24.68,24.6,24.83,24.72,24.8,24.67,24.72,24.73,24.65,24.59,24.71,24.86,24.79,24.72,24.82,24.65,24.67,24.75,24.84,24.9,24.78,24.75,24.79,24.65,24.71,24.68,24.59,24.66,24.7,24.83,24.75,24.65,24.78,24.81,24.94,24.8,24.81,24.86,24.9,24.77,24.68,24.64,24.73,24.91,24.8,24.88,24.68,24.69,24.73,24.99,24.79,24.8,24.83,24.94,25.05,24.86,24.77,24.63,24.73,24.76,24.83,24.88,24.65,24.71,24.83,25.02,24.92,25.05,24.93,24.88,25.05,24.94,24.76,24.61,24.87,24.88,24.83,24.73,24.65,24.71,24.74,24.98,25.32,25.47,25.38,25.21,25.16,25.04,24.74,24.61,24.65,24.8,24.9,24.88,24.71,24.71,24.92,24.99,25.65,25.52,25.51,25.46,25.05,24.97,24.82,24.66,24.9,24.82,24.85,24.94,24.8,24.71,24.86,24.99,25.51,25.47,25.45,25.16,25.07,25.06,24.65,24.69,24.73,24.84,24.87,24.82,24.84,24.86,24.88,24.93,25.46,25.24,25.52,25.07,24.92,24.88,24.79,24.68,24.78,24.82,24.97,24.71,24.77,24.91,24.87,24.92,24.93,24.94,24.94,24.94,24.83,24.8,24.79,24.86,24.8,24.82,25.0,24.8,24.9,24.9,24.84,24.81,24.93,24.94,24.84,24.83,24.79,24.77,24.61,24.71,24.82,24.76,24.76,24.7,24.88,24.9,24.83,24.82,24.76,24.78,24.83,24.8,24.81,24.78,24.63,24.67,24.96,24.99,24.78,24.86,24.79,24.86,24.77,24.86,24.77,24.81,24.88,24.81,24.82,24.65,24.61,24.63,25.01,24.71,24.65,24.63,24.83,24.94,24.99,24.76,24.69,24.84,24.94,24.88,24.7,24.68,24.51,24.74
18.81,26.3,24.58,24.88,24.65,24.46,24.48,24.66,24.66,24.59,24.59,24.66,24.66,24.67,24.75,24.61,24.65,24.72,24.77,24.68,24.65,24.51,24.61,24.69,24.77,24.74,24.82,24.64,24.65,24.9,24.9,24.68,24.62,24.75,24.58,24.56,24.61,24.65,24.76,24.81,24.7,24.62,24.83,24.74,24.8,24.69,24.7,24.71,24.65,24.62,24.71,24.86,24.79,24.73,24.83,24.66,24.67,24.73,24.84,24.9,24.76,24.75,24.78,24.65,24.71,24.71,24.61,24.65,24.67,24.83,24.78,24.68,24.76,24.82,24.95,24.83,24.8,24.83,24.9,24.81,24.71,24.66,24.69,24.88,24.8,24.9,24.68,24.71,24.7,24.99,24.82,24.83,24.82,24.94,25.08,24.86,24.77,24.63,24.7,24.76,24.83,24.9,24.65,24.71,24.82,24.99,24.92,25.05,24.93,24.88,25.07,24.97,24.74,24.61,24.85,24.88,24.83,24.75,24.65,24.71,24.76,24.99,25.32,25.48,25.36,25.21,25.16,25.06,24.74,24.61,24.65,24.8,24.9,24.9,24.71,24.71,24.93,24.99,25.65,25.52,25.52,25.48,25.06,24.97,24.8,24.65,24.92,24.82,24.83,24.94,24.82,24.71,24.89,24.99,25.47,25.47,25.42,25.17,25.1,25.04,24.65,24.69,24.76,24.88,24.9,24.82,24.82,24.89,24.89,24.93,25.46,25.21,25.52,25.07,24.95,24.89,24.77,24.67,24.75,24.86,25.0,24.71,24.73,24.88,24.88,24.93,24.93,24.94,24.94,24.94,24.83,24.85,24.78,24.82,24.8,24.84,25.01,24.8,24.9,24.9,24.85,24.83,24.94,24.94,24.84,24.83,24.79,24.81,24.61,24.71,24.85,24.78,24.76,24.66,24.88,24.9,24.83,24.83,24.76,24.78,24.83,24.8,24.81,24.78,24.61,24.62,24.99,25.01,24.76,24.84,24.75,24.86,24.81,24.86,24.73,24.79,24.89,24.84,24.84,24.68,24.61,24.63,25.08,24.74,24.62,24.63,24.83,24.94,24.99,24.76,24.67,24.84,24.94,24.9,24.66,24.68,24.51,24.74
18.97,26.3,24.48,24.88,24.71,24.46,24.41,24.63,24.68,24.59,24.59,24.61,24.59,24.74,24.79,24.61,24.55,24.79,24.8,24.76,24.65,24.51,24.61,24.69,24.77,24.74,24.82,24.64,24.65,24.9,24.9,24.62,24.54,24.75,24.66,24.63,24.55,24.65,24.76,24.88,24.75,24.58,24.83,24.74,24.8,24.77,24.68,24.65,24.65,24.7,24.75,24.82,24.79,24.7,24.8,24.71,24.67,24.68,24.81,24.9,24.8,24.78,24.73,24.65,24.75,24.75,24.66,24.65,24.62,24.8,24.8,24.7,24.72,24.79,24.97,24.87,24.82,24.81,24.9,24.82,24.73,24.72,24.67,24.82,24.8,24.86,24.71,24.75,24.65,24.96,24.83,24.87,24.8,24.94,25.09,24.86,24.77,24.67,24.65,24.76,24.8,24.87,24.68,24.71,24.82,24.95,24.92,25.07,24.96,24.88,25.04,24.99,24.74,24.65,24.83,24.88,24.83,24.8,24.68,24.74,24.78,24.96,25.32,25.5,25.35,25.21,25.13,25.07,24.74,24.65,24.68,24.8,24.86,24.94,24.71,24.74,24.9,24.96,25.65,25.52,25.52,25.52,25.08,24.97,24.77,24.68,24.92,24.82,24.83,24.91,24.79,24.74,24.93,24.99,25.43,25.47,25.41,25.21,25.15,24.99,24.69,24.69,24.82,24.93,24.92,24.8,24.78,24.93,24.9,24.93,25.46,25.2,25.52,25.07,24.97,24.9,24.72,24.61,24.73,24.9,25.02,24.71,24.72,24.87,24.85,24.98,24.93,24.94,24.94,24.94,24.83,24.92,24.78,24.76,24.8,24.86,24.98,24.8,24.9,24.9,24.9,24.87,24.94,24.94,24.81,24.83,24.82,24.86,24.65,24.67,24.87,24.83,24.76,24.65,24.88,24.9,24.83,24.87,24.8,24.78,24.83,24.8,24.81,24.82,24.59,24.55,25.02,25.04,24.74,24.82,24.71,24.82,24.82,24.86,24.72,24.74,24.91,24.85,24.9,24.74,24.61,24.63,25.11,24.83,24.6,24.63,24.83,24.9,24.99,24.8,24.65,24.8,24.9,24.97,24.69,24.72,24.51,24.67
19.05,26.31,24.52,24.89,24.74,24.47,24.42,24.63,24.68,24.57,24.57,24.61,24.6,24.74,24.8,24.62,24.56,24.83,24.81,24.77,24.66,24.51,24.62,24.71,24.78,24.74,24.83,24.66,24.65,24.9,24.9,24.62,24.55,24.75,24.69,24.63,24.56,24.65,24.78,24.88,24.75,24.59,24.84,24.76,24.81,24.8,24.71,24.65,24.68,24.7,24.77,24.81,24.8,24.7,24.79,24.71,24.69,24.69,24.82,24.9,24.82,24.79,24.75,24.65,24.75,24.77,24.69,24.65,24.61,24.79,24.79,24.7,24.72,24.8,24.95,24.88,24.83,24.81,24.91,24.83,24.74,24.73,24.67,24.83,24.81,24.85,24.72,24.78,24.65,24.95,24.84,24.88,24.81,24.95,25.08,24.87,24.78,24.7,24.65,24.78,24.8,24.86,24.7,24.71,24.81,24.92,24.92,25.08,24.99,24.89,25.02,24.98,24.74,24.68,24.84,24.88,24.84,24.82,24.7,24.75,24.78,24.95,25.32,25.49,25.36,25.22,25.12,25.08,24.74,24.68,24.7,24.81,24.85,24.95,24.7,24.75,24.9,24.95,25.65,25.52,25.52,25.52,25.08,24.96,24.75,24.7,24.94,24.83,24.84,24.9,24.79,24.75,24.95,24.99,25.42,25.49,25.41,25.21,25.15,24.99,24.71,24.69,24.82,24.93,24.92,24.79,24.78,24.94,24.9,24.94,25.46,25.2,25.52,25.06,24.97,24.91,24.73,24.62,24.73,24.92,25.01,24.72,24.74,24.87,24.84,24.97,24.95,24.95,24.95,24.95,24.82,24.91,24.76,24.75,24.81,24.84,24.97,24.81,24.91,24.9,24.9,24.88,24.95,24.95,24.82,24.84,24.82,24.88,24.68,24.68,24.88,24.84,24.75,24.65,24.88,24.91,24.84,24.89,24.82,24.8,24.84,24.81,24.8,24.82,24.61,24.56,25.02,25.02,24.74,24.82,24.71,24.83,24.83,24.85,24.72,24.74,24.92,24.84,24.9,24.74,24.62,24.63,25.08,24.8,24.63,24.63,24.84,24.89,24.99,24.81,24.68,24.81,24.89,24.96,24.72,24.75,24.55,24.68
19.19,26.32,24.6,24.9,24.77,24.48,24.42,24.64,24.69,24.55,24.56,24.63,24.61,24.75,24.78,24.63,24.57,24.91,24.82,24.75,24.64,24.54,24.63,24.76,24.78,24.75,24.84,24.7,24.66,24.91,24.91,24.63,24.55,24.73,24.75,24.64,24.59,24.66,24.82,24.89,24.76,24.62,24.83,24.8,24.8,24.82,24.73,24.66,24.71,24.71,24.8,24.8,24.81,24.73,24.77,24.72,24.74,24.7,24.84,24.91,24.85,24.82,24.8,24.66,24.75,24.82,24.73,24.66,24.6,24.77,24.78,24.73,24.75,24.81,24.91,24.89,24.84,24.82,24.92,24.84,24.75,24.76,24.69,24.84,24.8,24.84,24.73,24.82,24.66,24.93,24.85,24.89,24.82,24.96,25.06,24.88,24.78,24.75,24.68,24.82,24.78,24.84,24.72,24.74,24.79,24.88,24.92,25.09,25.05,24.9,25.0,24.95,24.75,24.7,24.83,24.89,24.85,24.87,24.75,24.79,24.79,24.93,25.32,25.47,25.4,25.23,25.11,25.09,24.75,24.72,24.73,24.82,24.84,24.95,24.69,24.79,24.88,24.93,25.66,25.53,25.53,25.53,25.1,24.93,24.75,24.73,24.99,24.84,24.85,24.89,24.82,24.79,24.99,24.99,25.41,25.54,25.42,25.22,25.14,25.0,24.74,24.72,24.83,24.92,24.93,24.78,24.81,24.95,24.89,24.93,25.47,25.23,25.53,25.06,24.98,24.92,24.74,24.63,24.74,24.96,24.99,24.75,24.78,24.88,24.84,24.95,24.99,24.96,24.98,24.98,24.79,24.89,24.74,24.74,24.82,24.82,24.94,24.82,24.92,24.91,24.91,24.88,24.96,24.96,24.84,24.85,24.82,24.91,24.7,24.71,24.92,24.83,24.72,24.66,24.91,24.92,24.85,24.92,24.85,24.85,24.85,24.82,24.77,24.83,24.66,24.57,25.0,24.98,24.75,24.83,24.74,24.84,24.84,24.83,24.73,24.75,24.92,24.82,24.91,24.73,24.63,24.61,25.03,24.75,24.66,24.64,24.83,24.86,25.0,24.82,24.72,24.82,24.86,24.93,24.77,24.78,24.61,24.69
19.23,26.32,24.64,24.9,24.78,24.48,24.43,24.65,24.7,24.53,24.57,24.63,24.61,24.76,24.76,24.63,24.57,24.95,24.82,24.73,24.63,24.57,24.63,24.79,24.79,24.76,24.84,24.73,24.66,24.91,24.91,24.64,24.56,24.7,24.78,24.65,24.61,24.66,24.84,24.9,24.77,24.64,24.82,24.82,24.79,24.83,24.74,24.66,24.71,24.72,24.81,24.81,24.81,24.75,24.76,24.72,24.76,24.7,24.86,24.91,24.85,24.82,24.82,24.66,24.73,24.85,24.76,24.66,24.6,24.76,24.79,24.75,24.77,24.81,24.91,24.9,24.84,24.83,24.92,24.84,24.75,24.78,24.69,24.84,24.79,24.85,24.74,24.84,24.66,24.92,24.85,24.9,24.83,24.97,25.05,24.88,24.79,24.77,24.7,24.84,24.77,24.83,24.73,24.75,24.78,24.85,24.91,25.09,25.06,24.91,24.99,24.94,24.76,24.71,24.82,24.9,24.85,24.89,24.77,24.81,24.8,24.92,25.31,25.46,25.41,25.23,25.1,25.09,24.76,24.75,24.73,24.82,24.85,24.94,24.7,24.81,24.87,24.92,25.67,25.54,25.54,25.54,25.1,24.92,24.75,24.73,25.01,24.84,24.85,24.9,24.84,24.81,25.01,24.98,25.4,25.57,25.43,25.23,25.13,25.01,24.74,24.75,24.84,24.91,24.94,24.79,24.83,24.95,24.9,24.92,25.48,25.24,25.54,25.06,24.98,24.92,24.74,24.63,24.75,24.98,24.98,24.75,24.8,24.89,24.84,24.94,25.01,24.97,24.99,24.99,24.78,24.88,24.73,24.75,24.82,24.8,24.93,24.82,24.92,24.91,24.91,24.87,24.97,24.97,24.86,24.85,24.8,24.91,24.71,24.73,24.95,24.81,24.71,24.66,24.93,24.92,24.85,24.92,24.85,24.89,24.85,24.82,24.76,24.84,24.68,24.57,24.98,24.96,24.76,24.84,24.76,24.84,24.84,24.82,24.73,24.76,24.93,24.8,24.91,24.72,24.63,24.59,25.0,24.73,24.66,24.65,24.81,24.85,25.01,24.82,24.75,24.82,24.85,24.91,24.8,24.79,24.65,24.7
19.39,26.33,24.56,24.82,24.88,24.5,24.38,24.66,24.72,24.55,24.64,24.59,24.56,24.77,24.77,24.65,24.58,24.97,24.83,24.74,24.58,24.64,24.65,24.8,24.8,24.77,24.81,24.74,24.68,24.98,24.93,24.65,24.49,24.61,24.88,24.73,24.69,24.68,24.81,24.91,24.83,24.71,24.79,24.83,24.75,24.84,24.75,24.62,24.66,24.81,24.82,24.82,24.78,24.77,24.72,24.78,24.82,24.68,24.87,24.93,24.91,24.89,24.83,24.68,24.75,24.92,24.83,24.68,24.62,24.72,24.84,24.82,24.78,24.78,24.92,24.96,24.86,24.84,24.89,24.86,24.76,24.92,24.77,24.81,24.76,24.86,24.8,24.9,24.68,24.9,24.87,24.96,24.85,24.99,25.03,24.9,24.8,24.85,24.76,24.81,24.74,24.8,24.74,24.81,24.8,24.82,24.92,25.15,25.08,24.92,25.01,24.95,24.77,24.72,24.78,24.87,24.87,24.96,24.83,24.87,24.81,24.9,25.28,25.44,25.47,25.25,25.08,25.05,24.77,24.82,24.75,24.83,24.86,24.91,24.76,24.87,24.84,24.9,25.64,25.55,25.55,25.55,25.08,24.93,24.77,24.75,25.02,24.81,24.87,24.92,24.9,24.87,25.02,24.95,25.38,25.62,25.44,25.24,25.1,24.97,24.81,24.82,24.91,24.93,24.95,24.84,24.85,24.97,24.91,24.9,25.53,25.3,25.55,25.08,25.0,24.94,24.81,24.65,24.76,24.99,24.94,24.77,24.87,24.91,24.86,24.99,25.02,24.99,25.05,25.05,24.84,24.94,24.74,24.76,24.83,24.82,24.89,24.83,24.93,24.93,24.93,24.88,24.99,24.99,24.87,24.87,24.87,24.93,24.72,24.75,24.96,24.77,24.72,24.68,24.94,24.89,24.87,24.93,24.91,24.95,24.87,24.83,24.77,24.9,24.7,24.58,24.81,24.9,24.77,24.85,24.82,24.86,24.86,24.83,24.75,24.77,24.89,24.82,24.98,24.73,24.65,24.52,24.91,24.74,24.68,24.73,24.77,24.8,25.02,24.89,24.82,24.78,24.8,24.93,24.88,24.73,24.66,24.71
19.48,26.33,24.49,24.77,24.94,24.5,24.38,24.66,24.72,24.55,24.64,24.55,24.56,24.77,24.77,24.65,24.65,24.97,24.83,24.74,24.58,24.68,24.65,24.8,24.77,24.77,24.81,24.74,24.68,24.98,24.93,24.65,24.49,24.55,24.88,24.77,24.72,24.68,24.77,24.91,24.87,24.74,24.79,24.8,24.75,24.84,24.79,24.58,24.62,24.81,24.82,24.82,24.74,24.73,24.69,24.81,24.86,24.68,24.87,24.93,24.93,24.92,24.86,24.68,24.75,24.92,24.87,24.72,24.62,24.69,24.84,24.85,24.76,24.78,24.9,24.99,24.86,24.87,24.87,24.86,24.76,24.96,24.8,24.77,24.76,24.82,24.83,24.92,24.68,24.9,24.9,24.99,24.85,24.99,25.0,24.9,24.84,24.89,24.76,24.77,24.74,24.8,24.77,24.84,24.8,24.8,24.92,25.15,25.08,24.92,25.01,24.95,24.81,24.72,24.75,24.83,24.84,24.99,24.87,24.87,24.81,24.87,25.28,25.44,25.47,25.22,25.05,25.02,24.81,24.85,24.75,24.83,24.86,24.88,24.8,24.87,24.81,24.9,25.64,25.55,25.55,25.53,25.08,24.97,24.77,24.78,24.99,24.74,24.87,24.92,24.9,24.87,24.99,24.95,25.38,25.65,25.42,25.21,25.07,24.93,24.88,24.82,24.91,24.93,24.95,24.9,24.82,24.97,24.88,24.87,25.55,25.32,25.58,25.05,25.0,24.94,24.88,24.68,24.76,24.96,24.91,24.8,24.9,24.88,24.86,25.02,25.05,24.99,25.05,25.02,24.87,24.98,24.78,24.72,24.79,24.82,24.89,24.83,24.97,24.93,24.93,24.91,24.99,24.99,24.87,24.87,24.87,24.93,24.76,24.75,24.9,24.73,24.76,24.74,24.91,24.87,24.87,24.93,24.93,24.99,24.87,24.83,24.77,24.94,24.7,24.63,24.69,24.86,24.77,24.85,24.85,24.86,24.86,24.87,24.75,24.81,24.86,24.82,24.98,24.77,24.65,24.52,24.85,24.74,24.68,24.77,24.77,24.8,24.98,24.93,24.85,24.78,24.77,24.88,24.88,24.73,24.72,24.71
19.58,26.32,24.48,24.7,24.93,24.53,24.41,24.61,24.67,24.54,24.63,24.54,24.55,24.76,24.72,24.7,24.71,24.96,24.82,24.68,24.61,24.71,24.64,24.76,24.69,24.76,24.83,24.73,24.67,24.94,24.92,24.69,24.48,24.41,24.81,24.76,24.75,24.67,24.76,24.9,24.86,24.76,24.78,24.76,24.74,24.83,24.82,24.58,24.57,24.75,24.81,24.85,24.73,24.69,24.65,24.83,24.88,24.69,24.86,24.92,24.92,24.91,24.88,24.67,24.7,24.91,24.86,24.75,24.61,24.65,24.81,24.87,24.75,24.8,24.86,24.98,24.85,24.89,24.86,24.85,24.75,24.95,24.83,24.76,24.75,24.78,24.85,24.94,24.67,24.89,24.89,24.98,24.87,24.98,24.99,24.86,24.83,24.87,24.75,24.76,24.73,24.79,24.79,24.86,24.76,24.76,24.89,25.14,25.07,24.94,25.0,24.94,24.83,24.71,24.74,24.82,24.8,24.98,24.89,24.86,24.8,24.83,25.25,25.43,25.43,25.21,25.04,24.98,24.83,24.88,24.74,24.82,24.85,24.84,24.82,24.86,24.8,24.89,25.63,25.54,25.54,25.49,25.09,24.96,24.76,24.81,24.94,24.69,24.86,24.91,24.86,24.86,24.96,24.94,25.37,25.67,25.41,25.18,25.06,24.89,24.9,24.77,24.9,24.92,24.94,24.92,24.78,24.98,24.87,24.86,25.54,25.34,25.6,25.04,24.99,24.93,24.87,24.7,24.79,24.95,24.9,24.79,24.89,24.84,24.88,25.01,25.07,24.98,25.04,24.98,24.86,24.93,24.8,24.67,24.74,24.77,24.92,24.82,24.96,24.92,24.92,24.9,24.98,24.98,24.86,24.86,24.82,24.92,24.79,24.74,24.84,24.69,24.75,24.8,24.9,24.86,24.86,24.92,24.92,25.01,24.86,24.82,24.76,24.93,24.72,24.68,24.62,24.8,24.76,24.88,24.88,24.85,24.85,24.89,24.74,24.83,24.85,24.81,24.94,24.76,24.64,24.57,24.77,24.73,24.67,24.76,24.76,24.79,24.94,24.92,24.88,24.81,24.72,24.83,24.87,24.77,24.82,24.7
19.69,26.32,24.48,24.63,24.93,24.57,24.43,24.57,24.64,24.55,24.64,24.53,24.52,24.76,24.66,24.76,24.73,24.92,24.82,24.65,24.65,24.73,24.63,24.74,24.66,24.74,24.83,24.71,24.66,24.9,24.9,24.7,24.48,24.3,24.78,24.76,24.77,24.65,24.76,24.9,24.85,24.79,24.77,24.74,24.73,24.83,24.84,24.57,24.52,24.72,24.83,24.87,24.71,24.67,24.62,24.85,24.9,24.7,24.86,24.91,24.92,24.91,24.89,24.66,24.67,24.93,24.85,24.77,24.6,24.62,24.77,24.88,24.74,24.83,24.84,24.97,24.84,24.9,24.85,24.84,24.77,24.92,24.85,24.76,24.75,24.76,24.88,24.95,24.66,24.88,24.87,24.97,24.89,24.97,24.98,24.82,24.81,24.85,24.77,24.76,24.72,24.79,24.8,24.87,24.74,24.74,24.87,25.13,25.06,24.97,24.99,24.95,24.84,24.71,24.73,24.82,24.78,24.97,24.9,24.85,24.8,24.81,25.22,25.43,25.4,25.2,25.03,24.94,24.84,24.9,24.73,24.82,24.85,24.82,24.84,24.85,24.8,24.87,25.61,25.55,25.54,25.46,25.11,24.94,24.77,24.84,24.9,24.67,24.85,24.9,24.84,24.85,24.92,24.94,25.36,25.68,25.41,25.16,25.05,24.87,24.91,24.75,24.91,24.91,24.92,24.94,24.76,24.99,24.87,24.85,25.54,25.34,25.6,25.04,24.97,24.92,24.84,24.73,24.82,24.95,24.91,24.78,24.88,24.82,24.91,24.99,25.06,24.97,25.04,24.95,24.85,24.9,24.81,24.64,24.71,24.75,24.93,24.82,24.94,24.91,24.9,24.88,24.97,24.97,24.87,24.85,24.8,24.91,24.8,24.73,24.78,24.65,24.73,24.83,24.9,24.87,24.87,24.92,24.91,25.02,24.85,24.84,24.78,24.92,24.76,24.7,24.59,24.77,24.76,24.9,24.89,24.84,24.84,24.9,24.73,24.84,24.84,24.82,24.91,24.74,24.61,24.62,24.73,24.76,24.69,24.76,24.74,24.77,24.91,24.91,24.91,24.82,24.67,24.8,24.86,24.81,24.9,24.7
19.81,26.32,24.48,24.63,24.93,24.57,24.43,24.51,24.64,24.61,24.7,24.53,24.52,24.76,24.66,24.76,24.73,24.92,24.73,24.65,24.65,24.73,24.63,24.79,24.7,24.69,24.78,24.66,24.66,24.84,24.84,24.64,24.56,24.3,24.78,24.76,24.77,24.6,24.76,24.85,24.85,24.79,24.77,24.74,24.73,24.83,24.84,24.57,24.45,24.72,24.89,24.81,24.65,24.67,24.62,24.85,24.85,24.7,24.86,24.91,24.92,24.91,24.89,24.66,24.73,24.99,24.85,24.77,24.65,24.62,24.73,24.83,24.74,24.83,24.84,24.97,24.89,24.95,24.85,24.79,24.77,24.86,24.85,24.76,24.75,24.76,24.93,24.91,24.66,24.88,24.82,24.97,24.94,24.97,24.94,24.82,24.81,24.85,24.82,24.76,24.72,24.79,24.8,24.87,24.78,24.78,24.87,25.13,25.06,24.97,24.95,24.95,24.84,24.71,24.73,24.82,24.78,24.97,24.9,24.85,24.75,24.81,25.22,25.43,25.4,25.16,24.99,24.89,24.84,24.9,24.73,24.82,24.85,24.82,24.84,24.85,24.75,24.82,25.61,25.6,25.54,25.43,25.11,24.94,24.81,24.89,24.85,24.67,24.85,24.9,24.84,24.85,24.88,24.94,25.4,25.68,25.45,25.16,25.01,24.92,24.91,24.8,24.91,24.86,24.82,24.94,24.8,24.95,24.82,24.81,25.54,25.39,25.56,25.08,24.89,24.88,24.84,24.78,24.88,24.9,24.91,24.78,24.93,24.87,24.91,24.95,25.02,24.97,25.08,24.95,24.85,24.85,24.81,24.7,24.71,24.75,24.88,24.82,24.94,24.91,24.86,24.83,24.97,24.97,24.92,24.85,24.8,24.86,24.8,24.73,24.71,24.59,24.73,24.88,24.9,24.91,24.92,24.92,24.86,25.02,24.85,24.88,24.83,24.97,24.81,24.7,24.5,24.77,24.81,24.9,24.89,24.79,24.79,24.9,24.79,24.84,24.79,24.82,24.91,24.68,24.55,24.62,24.73,24.85,24.76,24.76,24.68,24.7,24.91,24.97,24.97,24.76,24.61,24.8,24.92,24.88,24.9,24.6
19.9,26.32,24.48,24.63,24.93,24.57,24.43,24.5,24.62,24.62,24.74,24.55,24.52,24.74,24.66,24.76,24.73,24.95,24.66,24.62,24.65,24.75,24.63,24.78,24.72,24.67,24.78,24.64,24.66,24.8,24.82,24.62,24.61,24.3,24.75,24.74,24.77,24.58,24.76,24.82,24.84,24.79,24.77,24.74,24.73,24.81,24.84,24.59,24.43,24.69,24.91,24.77,24.62,24.67,24.61,24.84,24.81,24.72,24.86,24.91,24.92,24.91,24.89,24.68,24.75,24.99,24.83,24.78,24.69,24.62,24.7,24.8,24.74,24.83,24.84,24.97,24.91,24.98,24.85,24.78,24.75,24.84,24.85,24.76,24.75,24.74,24.95,24.88,24.68,24.88,24.8,24.95,24.95,24.97,24.93,24.82,24.81,24.85,24.84,24.76,24.72,24.79,24.8,24.87,24.8,24.81,24.87,25.13,25.06,24.97,24.93,24.94,24.84,24.71,24.73,24.82,24.78,24.97,24.9,24.85,24.74,24.81,25.22,25.4,25.39,25.13,24.97,24.85,24.84,24.9,24.75,24.82,24.85,24.82,24.84,24.85,24.73,24.81,25.6,25.61,25.54,25.4,25.1,24.94,24.84,24.92,24.82,24.67,24.85,24.9,24.84,24.85,24.85,24.94,25.43,25.69,25.49,25.17,24.98,24.94,24.91,24.84,24.9,24.83,24.77,24.94,24.84,24.92,24.8,24.8,25.55,25.44,25.55,25.11,24.84,24.85,24.84,24.81,24.91,24.87,24.9,24.78,24.98,24.88,24.91,24.92,25.01,24.98,25.12,24.97,24.85,24.82,24.83,24.74,24.71,24.73,24.84,24.82,24.94,24.91,24.84,24.81,24.97,24.97,24.97,24.87,24.79,24.84,24.82,24.73,24.68,24.57,24.73,24.94,24.9,24.92,24.94,24.92,24.85,25.04,24.85,24.9,24.84,25.01,24.85,24.72,24.45,24.75,24.85,24.91,24.91,24.78,24.76,24.9,24.82,24.84,24.76,24.8,24.9,24.66,24.55,24.62,24.73,24.88,24.78,24.76,24.69,24.68,24.91,24.99,24.99,24.75,24.59,24.8,24.95,24.91,24.9,24.56
20.03,26.32,24.48,24.63,24.87,24.57,24.43,24.53,24.62,24.62,24.78,24.59,24.52,24.69,24.62,24.76,24.73,24.95,24.66,24.57,24.65,24.78,24.63,24.74,24.72,24.67,24.81,24.64,24.66,24.76,24.82,24.62,24.67,24.3,24.7,24.69,24.77,24.58,24.76,24.82,24.8,24.82,24.77,24.74,24.73,24.74,24.8,24.63,24.43,24.64,24.87,24.77,24.62,24.7,24.61,24.81,24.78,24.75,24.89,24.91,24.89,24.88,24.89,24.72,24.71,24.9,24.8,24.82,24.72,24.66,24.7,24.8,24.74,24.86,24.87,24.97,24.91,24.98,24.85,24.81,24.75,24.84,24.81,24.76,24.75,24.74,24.92,24.84,24.72,24.91,24.8,24.92,24.92,24.97,24.96,24.82,24.81,24.81,24.84,24.76,24.75,24.82,24.77,24.87,24.8,24.84,24.87,25.11,25.04,24.97,24.96,24.94,24.84,24.67,24.7,24.82,24.78,24.97,24.87,24.82,24.77,24.84,25.22,25.37,25.33,25.11,24.97,24.85,24.84,24.86,24.75,24.82,24.88,24.82,24.84,24.82,24.73,24.84,25.57,25.61,25.54,25.38,25.1,24.94,24.9,24.92,24.78,24.67,24.85,24.93,24.87,24.82,24.82,24.94,25.45,25.72,25.52,25.2,24.95,24.94,24.88,24.88,24.86,24.79,24.77,24.96,24.87,24.9,24.8,24.8,25.58,25.49,25.55,25.13,24.84,24.85,24.84,24.85,24.91,24.84,24.9,24.78,25.01,24.85,24.94,24.9,25.01,25.02,25.17,24.99,24.85,24.82,24.86,24.78,24.71,24.73,24.84,24.82,24.94,24.91,24.84,24.81,24.97,24.97,25.05,24.9,24.73,24.84,24.82,24.78,24.73,24.57,24.73,24.97,24.9,24.92,24.94,24.89,24.82,25.08,24.85,24.9,24.84,25.01,24.85,24.77,24.45,24.75,24.85,24.91,24.94,24.81,24.76,24.9,24.82,24.84,24.76,24.8,24.86,24.66,24.59,24.62,24.79,24.88,24.73,24.76,24.73,24.72,24.91,24.95,24.95,24.78,24.63,24.8,24.91,24.86,24.9,24.63
20.09,26.32,24.48,24.63,24.85,24.57,24.43,24.55,24.62,24.62,24.79,24.61,24.52,24.67,24.59,24.76,24.73,24.95,24.66,24.54,24.65,24.8,24.63,24.72,24.72,24.67,24.83,24.64,24.66,24.75,24.82,24.62,24.69,24.3,24.68,24.67,24.77,24.58,24.76,24.82,24.79,24.84,24.77,24.74,24.73,24.71,24.78,24.65,24.43,24.61,24.85,24.77,24.62,24.72,24.61,24.8,24.76,24.76,24.9,24.91,24.87,24.87,24.89,24.74,24.69,24.85,24.78,24.84,24.74,24.67,24.7,24.8,24.74,24.88,24.88,24.97,24.91,24.98,24.85,24.83,24.75,24.84,24.79,24.76,24.75,24.74,24.9,24.83,24.73,24.92,24.8,24.91,24.91,24.97,24.97,24.82,24.81,24.79,24.84,24.76,24.77,24.83,24.75,24.87,24.8,24.85,24.87,25.09,25.02,24.97,24.98,24.94,24.84,24.65,24.68,24.82,24.78,24.97,24.85,24.81,24.78,24.85,25.22,25.36,25.31,25.09,24.97,24.85,24.84,24.84,24.75,24.82,24.9,24.82,24.84,24.81,24.73,24.85,25.56,25.61,25.54,25.36,25.1,24.94,24.93,24.92,24.77,24.67,24.85,24.95,24.88,24.81,24.81,24.94,25.46,25.74,25.53,25.22,24.93,24.94,24.86,24.9,24.84,24.78,24.77,24.98,24.88,24.88,24.8,24.8,25.6,25.52,25.55,25.14,24.84,24.85,24.84,24.87,24.91,24.82,24.9,24.78,25.02,24.84,24.95,24.88,25.01,25.03,25.2,25.0,24.85,24.82,24.88,24.79,24.71,24.73,24.84,24.82,24.94,24.91,24.84,24.81,24.97,24.97,25.1,24.92,24.7,24.84,24.82,24.8,24.76,24.57,24.73,24.99,24.9,24.92,24.94,24.87,24.8,25.09,24.85,24.9,24.84,25.01,24.85,24.79,24.45,24.75,24.85,24.91,24.95,24.83,24.76,24.9,24.82,24.84,24.76,24.8,24.84,24.66,24.62,24.62,24.83,24.88,24.71,24.76,24.75,24.75,24.91,24.93,24.93,24.8,24.65,24.8,24.89,24.84,24.9,24.66
20.23,26.32,24.58,24.63,24.82,24.57,24.43,24.61,24.62,24.62,24.76,24.66,24.59,24.6,24.57,24.76,24.83,24.95,24.66,24.52,24.69,24.76,24.63,24.66,24.67,24.67,24.83,24.64,24.66,24.69,24.82,24.68,24.77,24.37,24.68,24.67,24.79,24.58,24.71,24.77,24.74,24.85,24.8,24.7,24.72,24.69,24.77,24.71,24.47,24.61,24.89,24.72,24.62,24.73,24.61,24.8,24.76,24.8,24.91,24.91,24.85,24.85,24.89,24.74,24.67,24.79,24.72,24.84,24.76,24.67,24.72,24.81,24.71,24.88,24.85,24.97,24.91,24.98,24.85,24.83,24.75,24.8,24.79,24.7,24.78,24.71,24.9,24.83,24.78,24.92,24.8,24.86,24.91,24.97,24.97,24.82,24.81,24.79,24.85,24.76,24.81,24.83,24.78,24.88,24.8,24.81,24.85,25.05,25.01,25.01,24.98,24.94,24.84,24.69,24.72,24.82,24.78,24.92,24.8,24.77,24.78,24.9,25.16,25.36,25.27,25.05,24.97,24.85,24.84,24.78,24.78,24.87,24.91,24.8,24.85,24.81,24.77,24.85,25.48,25.61,25.54,25.33,25.14,24.94,24.9,24.9,24.77,24.67,24.85,24.92,24.9,24.81,24.81,24.97,25.42,25.71,25.58,25.22,24.96,24.94,24.84,24.91,24.84,24.81,24.77,24.99,24.85,24.88,24.81,24.87,25.6,25.53,25.59,25.25,24.89,24.85,24.84,24.92,24.91,24.82,24.95,24.81,24.97,24.84,24.97,24.88,25.09,25.12,25.25,25.06,24.9,24.82,24.88,24.81,24.71,24.78,24.9,24.82,24.94,24.91,24.84,24.84,25.01,25.01,25.2,24.97,24.69,24.88,24.8,24.82,24.78,24.61,24.73,24.99,24.87,24.92,24.94,24.9,24.83,25.06,24.89,24.95,24.9,25.01,24.85,24.79,24.51,24.82,24.85,24.86,24.97,24.83,24.76,24.9,24.82,24.84,24.76,24.85,24.84,24.7,24.62,24.67,24.92,24.88,24.76,24.76,24.73,24.81,24.91,24.93,24.93,24.86,24.65,24.8,24.82,24.81,24.9,24.66
20.34,26.32,24.64,24.63,24.82,24.57,24.43,24.65,24.62,24.62,24.72,24.7,24.63,24.56,24.57,24.76,24.9,24.95,24.66,24.52,24.74,24.73,24.63,24.62,24.63,24.67,24.83,24.64,24.66,24.65,24.82,24.72,24.82,24.44,24.68,24.67,24.79,24.58,24.67,24.73,24.71,24.85,24.84,24.67,24.72,24.69,24.77,24.75,24.52,24.61,24.93,24.68,24.62,24.73,24.61,24.8,24.76,24.83,24.91,24.91,24.85,24.85,24.89,24.74,24.67,24.75,24.68,24.84,24.76,24.67,24.72,24.81,24.68,24.88,24.82,24.97,24.91,24.98,24.85,24.83,24.75,24.76,24.79,24.66,24.81,24.67,24.9,24.83,24.82,24.92,24.8,24.83,24.91,24.97,24.97,24.82,24.81,24.79,24.85,24.76,24.84,24.83,24.81,24.88,24.8,24.78,24.85,25.02,25.01,25.03,24.98,24.94,24.84,24.73,24.75,24.82,24.78,24.88,24.77,24.74,24.78,24.92,25.13,25.36,25.25,25.02,24.97,24.85,24.84,24.75,24.82,24.9,24.91,24.8,24.85,24.81,24.8,24.85,25.43,25.61,25.54,25.3,25.16,24.94,24.86,24.9,24.77,24.67,24.85,24.88,24.9,24.81,24.81,24.99,25.39,25.68,25.6,25.22,24.99,24.94,24.84,24.91,24.84,24.84,24.77,24.99,24.82,24.88,24.81,24.92,25.6,25.53,25.62,25.3,24.91,24.85,24.84,24.95,24.91,24.82,24.98,24.84,24.93,24.84,24.97,24.88,25.14,25.17,25.28,25.09,24.94,24.82,24.88,24.81,24.71,24.82,24.93,24.82,24.94,24.91,24.84,24.88,25.03,25.03,25.26,25.01,24.69,24.91,24.8,24.82,24.78,24.65,24.73,24.99,24.84,24.92,24.94,24.94,24.87,25.02,24.92,24.98,24.93,25.01,24.85,24.79,24.57,24.87,24.85,24.82,24.97,24.83,24.76,24.9,24.82,24.84,24.76,24.88,24.84,24.74,24.62,24.73,24.99,24.88,24.8,24.76,24.73,24.85,24.91,24.93,24.93,24.9,24.65,24.8,24.78,24.81,24.9,24.66
20.44,26.32,24.65,24.64,24.82,24.58,24.41,24.65,24.63,24.67,24.74,24.71,24.62,24.57,24.62,24.76,24.94,24.89,24.61,24.57,24.76,24.69,24.64,24.63,24.62,24.68,24.81,24.65,24.63,24.68,24.82,24.72,24.8,24.51,24.71,24.68,24.79,24.58,24.68,24.7,24.72,24.82,24.86,24.69,24.74,24.69,24.79,24.76,24.57,24.64,24.93,24.65,24.66,24.72,24.58,24.77,24.76,24.85,24.92,24.88,24.86,24.86,24.88,24.74,24.68,24.73,24.69,24.86,24.76,24.68,24.71,24.79,24.7,24.9,24.81,24.94,24.92,24.98,24.86,24.83,24.75,24.75,24.79,24.67,24.82,24.66,24.91,24.83,24.86,24.91,24.82,24.83,24.91,25.0,24.98,24.86,24.77,24.79,24.84,24.76,24.86,24.82,24.8,24.86,24.8,24.81,24.86,24.98,24.98,25.04,24.98,24.98,24.8,24.73,24.79,24.82,24.8,24.85,24.74,24.76,24.82,24.96,25.1,25.32,25.21,25.01,25.0,24.86,24.83,24.71,24.86,24.93,24.92,24.84,24.82,24.83,24.83,24.87,25.36,25.61,25.52,25.29,25.18,24.92,24.87,24.89,24.75,24.69,24.86,24.89,24.89,24.8,24.83,25.01,25.39,25.66,25.62,25.24,25.03,24.98,24.83,24.9,24.82,24.88,24.78,24.98,24.84,24.86,24.8,24.96,25.6,25.54,25.61,25.35,24.95,24.88,24.83,24.94,24.92,24.81,24.98,24.89,24.94,24.82,24.94,24.89,25.18,25.26,25.36,25.17,25.0,24.86,24.89,24.84,24.74,24.86,24.92,24.86,24.92,24.92,24.85,24.9,25.09,25.12,25.32,25.05,24.74,24.95,24.82,24.82,24.81,24.69,24.71,25.0,24.86,24.93,24.91,24.94,24.87,25.05,24.99,25.07,24.97,25.01,24.86,24.82,24.69,24.87,24.86,24.82,24.97,24.83,24.8,24.89,24.82,24.87,24.86,24.95,24.82,24.76,24.62,24.76,25.06,24.88,24.81,24.76,24.8,24.91,24.94,24.9,24.9,24.92,24.73,24.83,24.76,24.79,24.88,24.73
20.56,26.33,24.65,24.65,24.83,24.58,24.38,24.66,24.64,24.72,24.79,24.72,24.58,24.58,24.68,24.77,24.95,24.82,24.55,24.64,24.77,24.67,24.65,24.64,24.63,24.69,24.79,24.65,24.61,24.72,24.83,24.73,24.76,24.58,24.77,24.68,24.8,24.59,24.69,24.68,24.72,24.8,24.87,24.73,24.75,24.7,24.79,24.77,24.62,24.71,24.94,24.62,24.7,24.73,24.56,24.75,24.77,24.86,24.93,24.86,24.87,24.87,24.86,24.75,24.69,24.74,24.7,24.87,24.77,24.69,24.72,24.76,24.74,24.91,24.82,24.92,24.93,24.96,24.87,24.84,24.76,24.76,24.8,24.68,24.83,24.67,24.92,24.85,24.9,24.9,24.82,24.85,24.92,25.04,24.98,24.9,24.71,24.8,24.85,24.77,24.87,24.8,24.78,24.84,24.81,24.85,24.87,24.97,24.97,25.05,24.99,25.02,24.74,24.74,24.83,24.83,24.84,24.83,24.71,24.8,24.85,24.99,25.05,25.28,25.19,25.02,25.04,24.87,24.81,24.68,24.9,24.98,24.93,24.88,24.8,24.87,24.87,24.88,25.29,25.62,25.5,25.3,25.19,24.9,24.88,24.87,24.76,24.74,24.87,24.9,24.9,24.81,24.87,25.02,25.37,25.64,25.65,25.28,25.07,25.02,24.81,24.91,24.83,24.93,24.79,24.96,24.88,24.84,24.81,24.99,25.61,25.55,25.59,25.42,24.98,24.92,24.81,24.92,24.93,24.82,24.99,24.93,24.95,24.83,24.92,24.9,25.22,25.36,25.46,25.3,25.07,24.9,24.9,24.89,24.79,24.91,24.89,24.9,24.9,24.93,24.86,24.91,25.16,25.21,25.39,25.09,24.81,25.0,24.83,24.83,24.88,24.73,24.68,24.98,24.9,24.94,24.9,24.95,24.88,25.09,25.05,25.17,25.01,25.02,24.87,24.82,24.82,24.88,24.87,24.83,24.98,24.84,24.84,24.87,24.83,24.88,24.97,25.02,24.83,24.77,24.63,24.77,25.14,24.89,24.82,24.77,24.85,24.95,24.98,24.87,24.87,24.93,24.82,24.88,24.77,24.75,24.83,24.81
20.68,26.34,24.7,24.66,24.84,24.57,24.37,24.69,24.66,24.75,24.82,24.75,24.57,24.58,24.73,24.75,24.95,24.8,24.5,24.7,24.76,24.64,24.66,24.63,24.62,24.7,24.78,24.68,24.58,24.79,24.84,24.76,24.72,24.69,24.83,24.69,24.82,24.62,24.7,24.65,24.73,24.78,24.88,24.77,24.77,24.71,24.8,24.78,24.69,24.77,24.93,24.59,24.76,24.74,24.54,24.72,24.78,24.87,24.94,24.83,24.88,24.88,24.84,24.76,24.7,24.73,24.71,24.88,24.76,24.7,24.74,24.74,24.78,24.91,24.83,24.91,24.94,24.94,24.88,24.85,24.76,24.79,24.82,24.69,24.83,24.68,24.93,24.88,24.95,24.86,24.85,24.84,24.94,25.08,24.99,24.94,24.66,24.84,24.84,24.78,24.86,24.78,24.78,24.83,24.81,24.87,24.86,24.96,24.95,25.06,25.0,25.05,24.68,24.75,24.89,24.84,24.86,24.81,24.69,24.83,24.9,25.02,24.98,25.21,25.17,25.03,25.08,24.86,24.78,24.66,24.95,25.03,24.92,24.91,24.79,24.92,24.92,24.89,25.19,25.62,25.48,25.31,25.19,24.88,24.87,24.82,24.79,24.8,24.88,24.9,24.89,24.83,24.92,25.02,25.33,25.62,25.69,25.31,25.11,25.05,24.78,24.9,24.84,24.99,24.81,24.94,24.92,24.83,24.83,25.05,25.59,25.57,25.6,25.5,25.07,24.97,24.78,24.88,24.94,24.84,24.98,24.98,24.96,24.84,24.91,24.93,25.28,25.48,25.58,25.46,25.18,24.95,24.91,24.94,24.86,24.96,24.87,24.94,24.88,24.94,24.88,24.94,25.25,25.34,25.49,25.17,24.91,25.04,24.84,24.84,24.96,24.8,24.66,24.95,24.94,24.93,24.86,24.96,24.9,25.14,25.15,25.32,25.07,25.03,24.86,24.85,24.98,24.89,24.88,24.84,25.0,24.87,24.9,24.84,24.84,24.88,25.1,25.11,24.86,24.78,24.66,24.78,25.22,24.87,24.8,24.78,24.92,25.04,25.03,24.82,24.82,24.96,24.92,24.96,24.78,24.71,24.78,24.89
20.78,26.34,24.76,24.66,24.84,24.53,24.41,24.72,24.66,24.71,24.79,24.79,24.61,24.58,24.73,24.69,24.95,24.87,24.5,24.7,24.72,24.64,24.66,24.6,24.59,24.7,24.82,24.72,24.58,24.82,24.84,24.81,24.72,24.75,24.83,24.69,24.82,24.65,24.7,24.65,24.73,24.78,24.88,24.77,24.8,24.71,24.8,24.78,24.74,24.77,24.89,24.59,24.8,24.74,24.54,24.69,24.78,24.87,24.94,24.83,24.88,24.88,24.84,24.76,24.7,24.69,24.71,24.88,24.73,24.7,24.77,24.74,24.78,24.88,24.83,24.91,24.94,24.94,24.88,24.85,24.72,24.83,24.82,24.69,24.8,24.68,24.93,24.91,24.95,24.83,24.88,24.81,24.94,25.08,24.99,24.94,24.69,24.88,24.81,24.78,24.83,24.78,24.81,24.86,24.78,24.84,24.83,24.99,24.95,25.06,25.0,25.01,24.68,24.75,24.93,24.84,24.83,24.81,24.69,24.83,24.93,24.99,24.92,25.15,25.17,25.03,25.08,24.83,24.78,24.66,24.95,25.06,24.89,24.88,24.82,24.95,24.95,24.89,25.14,25.59,25.45,25.31,25.16,24.88,24.84,24.79,24.82,24.83,24.88,24.86,24.86,24.86,24.95,24.99,25.28,25.62,25.69,25.31,25.11,25.01,24.78,24.86,24.84,25.02,24.84,24.94,24.92,24.86,24.86,25.07,25.54,25.59,25.65,25.52,25.15,25.0,24.78,24.85,24.94,24.88,24.95,24.98,24.96,24.84,24.91,24.99,25.34,25.54,25.64,25.53,25.28,24.98,24.91,24.94,24.9,24.96,24.87,24.94,24.88,24.94,24.91,24.97,25.3,25.41,25.54,25.23,24.98,25.04,24.84,24.84,25.01,24.84,24.66,24.95,24.94,24.9,24.82,24.96,24.93,25.17,25.21,25.41,25.1,25.03,24.82,24.9,25.03,24.89,24.88,24.84,25.03,24.9,24.94,24.84,24.84,24.88,25.17,25.14,24.89,24.78,24.71,24.78,25.22,24.81,24.76,24.78,24.96,25.11,25.03,24.79,24.79,24.99,24.96,24.99,24.78,24.71,24.78,24.89
20.89,26.34,24.83,24.66,24.84,24.48,24.45,24.74,24.66,24.69,24.73,24.81,24.66,24.61,24.76,24.62,24.99,24.9,24.5,24.7,24.67,24.64,24.66,24.59,24.56,24.7,24.83,24.75,24.58,24.86,24.84,24.85,24.72,24.82,24.86,24.72,24.82,24.69,24.7,24.65,24.76,24.77,24.86,24.76,24.84,24.75,24.82,24.76,24.78,24.8,24.85,24.61,24.86,24.74,24.55,24.68,24.8,24.87,24.94,24.83,24.88,24.89,24.84,24.74,24.7,24.68,24.72,24.86,24.7,24.69,24.8,24.76,24.8,24.84,24.83,24.91,24.94,24.94,24.88,24.83,24.69,24.88,24.84,24.69,24.76,24.68,24.93,24.94,24.93,24.79,24.9,24.78,24.95,25.08,24.98,24.94,24.72,24.94,24.79,24.8,24.8,24.77,24.84,24.89,24.76,24.81,24.79,25.02,24.95,25.06,25.0,24.98,24.68,24.75,24.98,24.84,24.8,24.79,24.69,24.83,24.95,24.96,24.85,25.1,25.17,25.03,25.09,24.8,24.76,24.66,24.95,25.09,24.85,24.83,24.88,24.99,24.99,24.89,25.07,25.55,25.41,25.3,25.15,24.88,24.8,24.74,24.88,24.88,24.88,24.81,24.81,24.9,24.99,24.96,25.2,25.59,25.66,25.3,25.12,25.0,24.78,24.81,24.88,25.07,24.88,24.94,24.91,24.9,24.9,25.1,25.45,25.6,25.7,25.57,25.25,25.03,24.78,24.79,24.94,24.92,24.92,24.98,24.95,24.86,24.91,25.07,25.42,25.61,25.72,25.64,25.41,25.03,24.91,24.94,24.95,24.98,24.87,24.94,24.88,24.92,24.94,25.01,25.38,25.53,25.59,25.3,25.08,25.04,24.84,24.84,25.04,24.9,24.68,24.95,24.94,24.86,24.79,24.98,24.96,25.22,25.3,25.53,25.17,25.03,24.78,24.92,25.06,24.89,24.9,24.84,25.06,24.92,24.97,24.86,24.86,24.9,25.27,25.2,24.94,24.78,24.75,24.81,25.19,24.75,24.73,24.78,25.0,25.17,25.01,24.77,24.77,25.03,25.0,25.05,24.78,24.71,24.78,24.89
20.98,26.34,24.83,24.66,24.84,24.48,24.45,24.71,24.66,24.73,24.69,24.77,24.66,24.65,24.8,24.62,25.05,24.83,24.5,24.7,24.67,24.64,24.66,24.63,24.56,24.7,24.8,24.75,24.58,24.86,24.84,24.85,24.72,24.82,24.91,24.76,24.82,24.69,24.7,24.65,24.82,24.73,24.83,24.73,24.84,24.82,24.86,24.72,24.78,24.85,24.85,24.65,24.89,24.74,24.58,24.71,24.83,24.87,24.94,24.83,24.88,24.92,24.84,24.71,24.7,24.72,24.76,24.82,24.7,24.66,24.8,24.79,24.83,24.84,24.83,24.91,24.94,24.94,24.88,24.8,24.69,24.88,24.88,24.69,24.73,24.68,24.93,24.94,24.89,24.76,24.9,24.78,24.98,25.08,24.95,24.94,24.72,24.98,24.82,24.83,24.8,24.74,24.84,24.89,24.79,24.81,24.76,25.02,24.95,25.06,25.0,24.98,24.68,24.75,25.01,24.84,24.8,24.76,24.69,24.83,24.92,24.96,24.82,25.1,25.17,25.03,25.11,24.8,24.73,24.66,24.95,25.09,24.85,24.8,24.91,25.02,25.02,24.89,25.05,25.52,25.39,25.27,25.18,24.88,24.77,24.7,24.91,24.92,24.88,24.78,24.78,24.93,25.02,24.96,25.14,25.54,25.61,25.27,25.16,25.03,24.78,24.77,24.95,25.11,24.88,24.94,24.88,24.93,24.93,25.1,25.36,25.58,25.7,25.6,25.28,25.03,24.78,24.76,24.94,24.95,24.92,24.98,24.93,24.89,24.91,25.13,25.47,25.63,25.75,25.69,25.5,25.06,24.91,24.94,24.95,25.01,24.87,24.94,24.88,24.9,24.94,25.04,25.43,25.61,25.59,25.3,25.17,25.04,24.84,24.84,24.99,24.94,24.71,24.95,24.94,24.83,24.79,25.01,24.96,25.25,25.36,25.59,25.23,25.03,24.78,24.88,25.0,24.89,24.94,24.84,25.06,24.88,24.97,24.89,24.89,24.94,25.33,25.27,24.98,24.78,24.75,24.87,25.12,24.75,24.78,24.78,25.0,25.13,24.98,24.81,24.81,25.03,25.0,25.09,24.78,24.71,24.78,24.89
21.11,26.34,24.76,24.66,24.84,24.48,24.45,24.65,24.66,24.79,24.68,24.71,24.61,24.72,24.88,24.62,25.09,24.72,24.5,24.7,24.67,24.68,24.66,24.69,24.6,24.7,24.78,24.75,24.58,24.86,24.84,24.81,24.72,24.82,24.94,24.78,24.78,24.69,24.73,24.69,24.91,24.69,24.78,24.72,24.87,24.88,24.91,24.65,24.78,24.88,24.81,24.72,24.94,24.74,24.63,24.72,24.85,24.87,24.94,24.83,24.88,24.96,24.84,24.69,24.7,24.75,24.82,24.8,24.7,24.64,24.77,24.81,24.88,24.88,24.86,24.91,24.94,24.94,24.88,24.78,24.69,24.88,24.9,24.72,24.69,24.68,24.9,24.91,24.84,24.75,24.9,24.78,25.0,25.08,24.94,24.94,24.72,25.0,24.84,24.88,24.8,24.73,24.81,24.86,24.83,24.87,24.75,25.02,24.95,25.04,25.03,24.98,24.68,24.71,25.03,24.84,24.8,24.74,24.69,24.83,24.9,24.96,24.83,25.07,25.14,25.03,25.15,24.8,24.68,24.66,24.95,25.06,24.85,24.78,24.93,25.03,25.03,24.92,25.03,25.49,25.35,25.22,25.19,24.88,24.79,24.69,24.93,24.97,24.88,24.76,24.73,24.95,25.03,24.96,25.12,25.49,25.53,25.25,25.17,25.08,24.78,24.71,25.01,25.12,24.88,24.94,24.86,24.95,24.95,25.07,25.27,25.56,25.68,25.58,25.3,25.03,24.78,24.71,24.94,24.97,24.89,24.98,24.95,24.91,24.91,25.19,25.5,25.65,25.8,25.74,25.6,25.11,24.94,24.94,24.95,25.03,24.83,24.94,24.88,24.85,24.94,25.08,25.49,25.7,25.59,25.3,25.28,25.04,24.88,24.84,24.91,25.01,24.77,24.99,24.94,24.78,24.79,25.03,24.93,25.32,25.42,25.65,25.3,25.03,24.78,24.85,24.9,24.84,25.01,24.88,25.06,24.87,24.97,24.94,24.94,24.99,25.43,25.33,25.0,24.78,24.8,24.95,25.02,24.75,24.8,24.78,25.08,25.07,24.92,24.82,24.82,25.03,25.04,25.14,24.78,24.71,24.78,24.96
21.2,26.34,24.76,24.59,24.84,24.48,24.5,24.61,24.66,24.79,24.71,24.71,24.57,24.72,24.92,24.62,25.02,24.65,24.5,24.75,24.67,24.71,24.66,24.73,24.63,24.7,24.78,24.75,24.55,24.86,24.84,24.77,24.72,24.89,24.94,24.78,24.78,24.69,24.73,24.69,24.94,24.69,24.78,24.72,24.87,24.88,24.95,24.65,24.78,24.82,24.77,24.72,24.94,24.74,24.63,24.69,24.82,24.87,24.94,24.83,24.88,24.96,24.84,24.69,24.7,24.7,24.86,24.84,24.7,24.67,24.74,24.81,24.91,24.91,24.89,24.91,24.91,24.94,24.88,24.82,24.69,24.83,24.86,24.76,24.69,24.71,24.86,24.88,24.81,24.78,24.93,24.78,25.0,25.04,24.94,24.97,24.72,24.96,24.81,24.88,24.8,24.73,24.78,24.83,24.83,24.93,24.78,25.02,24.95,24.98,25.03,24.98,24.68,24.68,25.0,24.88,24.8,24.78,24.69,24.83,24.9,24.93,24.86,25.07,25.12,25.03,25.18,24.84,24.71,24.66,24.91,25.03,24.85,24.81,24.89,25.03,25.0,24.95,25.06,25.49,25.32,25.19,25.16,24.88,24.85,24.72,24.89,24.97,24.88,24.79,24.73,24.92,25.03,24.93,25.14,25.49,25.5,25.22,25.14,25.08,24.78,24.71,24.98,25.09,24.88,24.91,24.89,24.95,24.95,25.02,25.22,25.56,25.65,25.55,25.3,25.03,24.82,24.71,24.94,24.97,24.86,24.95,24.98,24.91,24.91,25.19,25.5,25.65,25.83,25.77,25.66,25.14,24.94,24.94,24.95,25.03,24.83,24.94,24.88,24.85,24.94,25.08,25.52,25.75,25.59,25.33,25.34,25.07,24.92,24.84,24.86,25.01,24.81,24.99,24.94,24.78,24.79,25.03,24.93,25.35,25.42,25.69,25.33,25.03,24.78,24.9,24.84,24.84,25.05,24.92,25.06,24.87,24.97,24.97,24.97,25.02,25.5,25.36,25.03,24.78,24.8,24.95,25.02,24.75,24.8,24.82,25.12,25.03,24.92,24.79,24.82,25.03,25.12,25.14,24.78,24.76,24.78,25.02
21.31,26.34,24.83,24.49,24.84,24.48,24.56,24.59,24.66,24.75,24.73,24.75,24.55,24.67,24.95,24.62,24.92,24.62,24.56,24.78,24.67,24.77,24.66,24.75,24.68,24.7,24.78,24.75,24.53,24.82,24.84,24.75,24.77,24.98,24.94,24.78,24.78,24.69,24.7,24.69,24.96,24.72,24.78,24.69,24.84,24.88,24.97,24.7,24.78,24.74,24.75,24.72,24.91,24.78,24.67,24.68,24.77,24.87,24.94,24.87,24.88,24.96,24.84,24.69,24.7,24.62,24.88,24.86,24.7,24.72,24.73,24.85,24.92,24.92,24.94,24.94,24.87,24.94,24.88,24.87,24.69,24.77,24.8,24.78,24.69,24.77,24.81,24.83,24.76,24.82,24.95,24.75,25.0,24.96,24.94,24.98,24.76,24.9,24.79,24.88,24.8,24.73,24.77,24.82,24.83,24.96,24.82,25.05,24.98,24.92,25.03,24.94,24.71,24.66,24.95,24.92,24.8,24.83,24.69,24.81,24.88,24.89,24.9,25.1,25.1,25.03,25.19,24.89,24.76,24.66,24.86,24.98,24.85,24.83,24.88,25.03,24.96,24.96,25.1,25.49,25.31,25.14,25.12,24.88,24.91,24.77,24.88,24.97,24.88,24.81,24.77,24.9,25.03,24.89,25.16,25.49,25.49,25.19,25.09,25.05,24.78,24.75,24.96,25.04,24.88,24.87,24.91,24.98,24.98,24.96,25.14,25.56,25.63,25.53,25.3,25.0,24.87,24.74,24.94,25.0,24.84,24.87,25.0,24.94,24.94,25.19,25.5,25.62,25.84,25.78,25.72,25.16,24.91,24.94,24.95,25.03,24.87,24.91,24.88,24.85,24.94,25.08,25.53,25.78,25.59,25.38,25.41,25.12,24.94,24.84,24.79,25.01,24.86,24.95,24.91,24.78,24.82,25.06,24.96,25.34,25.39,25.67,25.38,25.03,24.78,24.92,24.69,24.89,25.12,24.94,25.06,24.87,24.94,25.02,25.02,25.04,25.5,25.38,25.11,24.78,24.8,24.95,25.02,24.75,24.85,24.89,25.09,24.93,24.92,24.77,24.86,25.03,25.15,25.14,24.78,24.83,24.78,25.05
21.4,26.34,24.86,24.46,24.84,24.48,24.61,24.59,24.66,24.73,24.73,24.79,24.55,24.63,24.92,24.62,24.86,24.65,24.62,24.75,24.67,24.81,24.66,24.75,24.72,24.7,24.78,24.75,24.55,24.79,24.84,24.77,24.82,25.05,24.91,24.78,24.78,24.71,24.68,24.69,24.94,24.75,24.8,24.68,24.82,24.88,24.95,24.74,24.78,24.72,24.72,24.74,24.88,24.81,24.72,24.69,24.73,24.85,24.95,24.9,24.88,24.96,24.84,24.69,24.72,24.62,24.88,24.84,24.7,24.75,24.73,24.88,24.91,24.91,24.97,24.97,24.85,24.94,24.88,24.88,24.7,24.74,24.76,24.78,24.69,24.8,24.78,24.8,24.72,24.83,24.95,24.72,25.0,24.9,24.94,24.97,24.81,24.86,24.79,24.88,24.8,24.74,24.78,24.82,24.83,24.95,24.85,25.07,25.0,24.89,25.03,24.93,24.76,24.66,24.91,24.94,24.8,24.86,24.69,24.78,24.85,24.86,24.93,25.13,25.1,25.03,25.18,24.91,24.78,24.66,24.82,24.95,24.85,24.83,24.89,25.02,24.93,24.95,25.13,25.48,25.31,25.11,25.1,24.88,24.94,24.79,24.89,24.97,24.88,24.79,24.8,24.92,25.02,24.88,25.14,25.49,25.49,25.18,25.06,25.01,24.78,24.79,24.98,25.02,24.88,24.85,24.89,25.0,25.0,24.95,25.08,25.55,25.65,25.53,25.3,24.97,24.88,24.76,24.94,25.03,24.84,24.81,25.0,24.97,24.95,25.2,25.49,25.59,25.83,25.78,25.75,25.16,24.88,24.94,24.97,25.03,24.9,24.88,24.88,24.85,24.94,25.09,25.53,25.78,25.59,25.42,25.44,25.13,24.94,24.82,24.74,25.03,24.9,24.92,24.88,24.78,24.85,25.1,25.0,25.32,25.36,25.65,25.41,25.03,24.78,24.9,24.6,24.91,25.14,24.94,25.06,24.87,24.9,25.05,25.05,25.04,25.45,25.39,25.18,24.8,24.82,24.95,25.02,24.78,24.9,24.91,25.05,24.86,24.9,24.79,24.9,25.03,25.14,25.14,24.78,24.88,24.78,25.02
21.54,26.34,24.83,24.46,24.84,24.51,24.65,24.58,24.64,24.75,24.75,24.82,24.52,24.56,24.88,24.66,24.79,24.72,24.69,24.67,24.69,24.86,24.66,24.75,24.75,24.71,24.78,24.75,24.58,24.73,24.86,24.83,24.88,25.12,24.83,24.78,24.8,24.76,24.68,24.67,24.9,24.78,24.84,24.68,24.8,24.88,24.91,24.8,24.78,24.72,24.65,24.8,24.84,24.84,24.78,24.73,24.7,24.82,25.0,24.94,24.88,24.96,24.84,24.69,24.76,24.68,24.88,24.8,24.71,24.78,24.71,24.93,24.88,24.88,25.0,25.0,24.85,24.94,24.88,24.88,24.76,24.74,24.72,24.78,24.7,24.83,24.72,24.75,24.69,24.83,24.95,24.69,25.0,24.83,24.94,24.94,24.88,24.8,24.79,24.88,24.82,24.77,24.81,24.81,24.83,24.92,24.89,25.09,25.03,24.84,25.03,24.94,24.85,24.66,24.86,24.94,24.82,24.9,24.69,24.75,24.81,24.83,24.98,25.17,25.09,25.03,25.15,24.92,24.78,24.66,24.79,24.91,24.87,24.84,24.93,24.98,24.89,24.92,25.17,25.44,25.31,25.06,25.08,24.88,24.98,24.79,24.93,24.95,24.88,24.76,24.84,24.95,24.98,24.89,25.12,25.49,25.49,25.18,25.03,24.98,24.78,24.84,25.01,25.02,24.88,24.85,24.84,25.03,25.03,24.95,25.03,25.51,25.68,25.53,25.28,24.93,24.88,24.76,24.94,25.06,24.84,24.73,25.0,25.0,24.94,25.23,25.46,25.56,25.78,25.78,25.78,25.16,24.84,24.94,25.01,25.03,24.95,24.84,24.88,24.85,24.94,25.12,25.53,25.78,25.58,25.49,25.47,25.15,24.96,24.76,24.66,25.09,24.96,24.88,24.84,24.78,24.88,25.15,25.05,25.29,25.31,25.59,25.44,25.03,24.8,24.83,24.52,24.89,25.14,24.96,25.06,24.85,24.85,25.09,25.09,25.06,25.38,25.45,25.25,24.89,24.89,24.95,25.02,24.87,24.97,24.91,25.01,24.74,24.84,24.84,24.96,25.03,25.1,25.12,24.78,24.92,24.78,24.96
21.62,26.34,24.76,24.46,24.84,24.55,24.65,24.54,24.6,24.79,24.79,24.82,24.48,24.52,24.88,24.72,24.79,24.72,24.69,24.62,24.74,24.9,24.66,24.75,24.75,24.75,24.78,24.75,24.58,24.69,24.9,24.87,24.88,25.12,24.78,24.78,24.84,24.8,24.68,24.64,24.87,24.78,24.87,24.68,24.77,24.88,24.91,24.84,24.78,24.72,24.6,24.84,24.84,24.84,24.78,24.76,24.7,24.82,25.03,24.94,24.88,24.96,24.84,24.69,24.76,24.72,24.88,24.8,24.75,24.78,24.68,24.97,24.88,24.88,25.0,25.0,24.85,24.94,24.88,24.88,24.79,24.74,24.72,24.78,24.73,24.83,24.69,24.72,24.69,24.83,24.95,24.69,25.0,24.79,24.94,24.94,24.88,24.76,24.79,24.88,24.85,24.77,24.81,24.78,24.83,24.92,24.92,25.06,25.03,24.81,25.03,24.98,24.88,24.66,24.82,24.94,24.85,24.9,24.69,24.75,24.78,24.83,25.0,25.2,25.06,25.03,25.15,24.95,24.78,24.66,24.79,24.88,24.9,24.88,24.93,24.95,24.86,24.92,25.2,25.41,25.31,25.03,25.08,24.88,25.01,24.79,24.93,24.92,24.88,24.76,24.88,24.95,24.95,24.92,25.12,25.49,25.49,25.18,25.03,24.98,24.78,24.88,25.01,25.02,24.88,24.85,24.81,25.03,25.03,24.95,25.03,25.49,25.68,25.53,25.25,24.9,24.88,24.76,24.94,25.06,24.84,24.71,25.0,25.0,24.91,25.23,25.46,25.56,25.75,25.78,25.78,25.16,24.84,24.94,25.01,25.03,24.99,24.84,24.88,24.85,24.94,25.15,25.53,25.78,25.56,25.51,25.47,25.18,24.99,24.71,24.61,25.14,24.99,24.88,24.84,24.78,24.88,25.18,25.08,25.29,25.28,25.53,25.44,25.03,24.84,24.78,24.46,24.84,25.14,24.99,25.06,24.82,24.82,25.12,25.12,25.09,25.34,25.49,25.25,24.97,24.94,24.95,25.02,24.93,25.02,24.91,25.01,24.67,24.81,24.88,24.99,25.03,25.1,25.09,24.78,24.92,24.78,24.96
21.75,26.34,24.8,24.46,24.84,24.59,24.67,24.56,24.56,24.77,24.84,24.84,24.5,24.52,24.85,24.78,24.86,24.76,24.69,24.57,24.78,24.94,24.71,24.75,24.75,24.73,24.78,24.75,24.58,24.66,24.88,24.87,24.88,25.05,24.7,24.72,24.84,24.86,24.68,24.64,24.8,24.8,24.83,24.69,24.69,24.87,24.95,24.9,24.78,24.72,24.6,24.82,24.83,24.84,24.78,24.75,24.73,24.85,25.03,24.94,24.88,24.95,24.84,24.74,24.78,24.72,24.88,24.86,24.78,24.8,24.66,24.95,24.86,24.91,25.0,25.0,24.85,24.89,24.88,24.94,24.84,24.74,24.76,24.78,24.77,24.85,24.66,24.73,24.69,24.83,24.96,24.73,24.95,24.74,24.94,24.94,24.84,24.7,24.77,24.87,24.88,24.78,24.78,24.75,24.82,24.99,24.96,25.03,25.03,24.81,25.02,24.98,24.88,24.66,24.77,24.94,24.88,24.91,24.69,24.75,24.75,24.82,25.07,25.2,25.03,25.03,25.14,24.98,24.8,24.66,24.77,24.84,24.94,24.92,24.88,24.95,24.82,24.9,25.24,25.42,25.31,25.0,25.06,24.93,25.01,24.79,24.88,24.92,24.88,24.81,24.88,24.9,24.9,24.95,25.2,25.5,25.5,25.14,25.02,24.96,24.83,24.88,24.94,24.97,24.88,24.85,24.83,25.03,24.99,24.9,25.07,25.49,25.65,25.49,25.18,24.92,24.88,24.76,24.94,25.02,24.84,24.71,25.0,25.0,24.91,25.19,25.45,25.6,25.75,25.78,25.78,25.11,24.88,24.94,24.97,24.98,24.99,24.84,24.88,24.82,24.9,25.14,25.58,25.78,25.57,25.53,25.47,25.22,25.03,24.71,24.56,25.12,25.03,24.92,24.84,24.8,24.83,25.17,25.13,25.28,25.28,25.47,25.44,25.03,24.88,24.8,24.44,24.8,25.12,25.03,25.06,24.78,24.78,25.11,25.16,25.12,25.34,25.49,25.27,25.01,24.91,24.92,25.05,24.93,25.06,24.98,24.98,24.65,24.82,24.92,25.03,25.03,25.1,25.03,24.78,24.95,24.78,25.02
21.86,26.34,24.89,24.46,24.84,24.59,24.74,24.61,24.56,24.71,24.9,24.9,24.57,24.52,24.78,24.78,24.86,24.87,24.69,24.57,24.78,24.94,24.77,24.75,24.75,24.68,24.78,24.75,24.58,24.66,24.82,24.87,24.88,25.05,24.62,24.65,24.84,24.91,24.68,24.64,24.72,24.84,24.83,24.73,24.64,24.82,24.95,24.96,24.78,24.72,24.6,24.76,24.78,24.84,24.78,24.71,24.73,24.85,25.03,24.94,24.88,24.9,24.84,24.8,24.84,24.72,24.88,24.91,24.78,24.84,24.66,24.9,24.81,24.91,25.0,25.0,24.85,24.83,24.88,24.99,24.89,24.74,24.76,24.78,24.82,24.9,24.66,24.78,24.69,24.83,25.0,24.78,24.91,24.69,24.94,24.94,24.84,24.63,24.72,24.82,24.88,24.82,24.78,24.75,24.78,25.03,25.0,25.03,25.03,24.81,24.97,24.98,24.88,24.66,24.72,24.94,24.88,24.97,24.69,24.75,24.75,24.78,25.12,25.2,25.03,25.03,25.1,24.98,24.85,24.66,24.72,24.84,24.94,24.97,24.82,24.95,24.78,24.86,25.28,25.46,25.31,25.0,25.02,24.98,25.01,24.79,24.82,24.92,24.88,24.86,24.88,24.86,24.86,24.95,25.28,25.54,25.54,25.1,24.97,24.91,24.88,24.88,24.84,24.92,24.88,24.85,24.88,25.03,24.95,24.86,25.12,25.49,25.65,25.45,25.13,24.96,24.88,24.76,24.94,24.97,24.84,24.71,25.0,25.0,24.91,25.14,25.41,25.65,25.75,25.78,25.78,25.06,24.88,24.94,24.97,24.92,24.99,24.84,24.88,24.82,24.85,25.1,25.62,25.78,25.61,25.58,25.47,25.22,25.03,24.71,24.56,25.05,25.03,24.92,24.84,24.84,24.79,25.12,25.18,25.24,25.28,25.47,25.44,25.03,24.88,24.88,24.53,24.8,25.05,25.03,25.06,24.78,24.78,25.06,25.16,25.12,25.34,25.49,25.31,25.01,24.84,24.84,25.15,24.93,25.06,25.04,24.92,24.72,24.88,24.92,25.03,25.03,25.1,24.98,24.78,25.02,24.78,25.02
21.98,26.34,24.96,24.49,24.84,24.59,24.78,24.67,24.56,24.68,24.88,24.94,24.57,24.48,24.71,24.78,24.89,24.98,24.69,24.54,24.72,24.94,24.77,24.75,24.75,24.68,24.83,24.75,24.6,24.66,24.77,24.87,24.88,25.02,24.54,24.65,24.82,24.91,24.7,24.65,24.64,24.88,24.87,24.73,24.6,24.78,24.95,25.0,24.78,24.66,24.52,24.78,24.8,24.84,24.75,24.68,24.75,24.85,25.03,24.94,24.88,24.92,24.84,24.8,24.84,24.75,24.88,24.95,24.78,24.83,24.66,24.85,24.81,24.91,24.95,25.0,24.87,24.88,24.92,24.97,24.89,24.7,24.78,24.78,24.84,24.89,24.66,24.78,24.74,24.82,24.99,24.78,24.86,24.75,24.94,24.92,24.84,24.65,24.69,24.78,24.83,24.82,24.78,24.79,24.79,24.99,24.99,25.03,25.03,24.83,24.98,24.98,24.88,24.66,24.74,24.92,24.88,24.95,24.69,24.79,24.79,24.75,25.12,25.19,25.03,25.03,25.06,24.96,24.87,24.71,24.74,24.84,24.94,25.0,24.84,24.95,24.79,24.82,25.27,25.45,25.31,25.0,25.04,24.98,25.0,24.82,24.84,24.88,24.88,24.9,24.86,24.88,24.82,24.96,25.26,25.52,25.52,25.11,24.94,24.88,24.88,24.86,24.82,24.94,24.88,24.87,24.91,25.03,24.95,24.83,25.12,25.49,25.65,25.4,25.13,24.96,24.87,24.79,24.94,24.92,24.84,24.68,25.0,25.0,24.91,25.12,25.38,25.65,25.75,25.78,25.78,25.06,24.84,24.94,24.97,24.97,24.97,24.84,24.88,24.81,24.85,25.08,25.62,25.78,25.64,25.64,25.52,25.2,24.98,24.71,24.64,25.01,25.03,24.88,24.84,24.88,24.79,25.12,25.22,25.22,25.3,25.47,25.44,25.03,24.88,24.92,24.53,24.84,24.98,25.03,25.02,24.83,24.78,25.02,25.11,25.12,25.34,25.54,25.34,25.01,24.8,24.78,25.22,24.84,24.99,25.02,24.88,24.78,24.86,24.88,25.03,25.08,25.09,24.94,24.78,24.99,24.87,25.02
22.14,26.34,24.96,24.59,24.84,24.59,24.78,24.72,24.56,24.68,24.82,24.94,24.57,24.48,24.64,24.78,24.99,25.08,24.69,24.46,24.65,24.94,24.77,24.75,24.75,24.68,24.88,24.75,24.65,24.66,24.71,24.87,24.88,24.92,24.46,24.65,24.76,24.91,24.75,24.71,24.59,24.88,24.87,24.73,24.6,24.78,24.95,25.0,24.78,24.66,24.45,24.84,24.84,24.84,24.75,24.68,24.8,24.85,25.03,24.94,24.88,24.96,24.84,24.8,24.84,24.82,24.88,24.95,24.78,24.78,24.66,24.79,24.81,24.91,24.91,25.0,24.91,24.92,24.96,24.92,24.89,24.7,24.84,24.78,24.84,24.83,24.66,24.78,24.79,24.78,24.95,24.78,24.81,24.83,24.94,24.88,24.84,24.72,24.69,24.78,24.79,24.82,24.78,24.83,24.83,24.95,24.95,25.03,25.03,24.88,25.03,24.98,24.88,24.66,24.79,24.88,24.88,24.9,24.69,24.83,24.83,24.75,25.12,25.14,25.03,25.03,25.02,24.91,24.82,24.77,24.79,24.84,24.94,25.0,24.89,24.95,24.83,24.78,25.23,25.41,25.31,25.0,25.08,24.98,24.96,24.82,24.89,24.88,24.88,24.9,24.81,24.92,24.78,25.0,25.22,25.49,25.49,25.15,24.94,24.88,24.88,24.81,24.88,24.99,24.88,24.91,24.91,25.03,24.95,24.83,25.12,25.49,25.65,25.36,25.13,24.96,24.82,24.79,24.94,24.88,24.84,24.68,25.0,25.0,24.91,25.12,25.34,25.65,25.75,25.78,25.78,25.06,24.84,24.94,24.97,25.01,24.92,24.84,24.88,24.77,24.85,25.08,25.62,25.78,25.68,25.68,25.56,25.16,24.92,24.71,24.71,25.01,25.03,24.88,24.84,24.88,24.79,25.12,25.22,25.22,25.34,25.47,25.44,25.03,24.88,24.92,24.53,24.84,24.92,25.03,24.97,24.88,24.78,24.97,25.06,25.12,25.34,25.6,25.34,25.01,24.8,24.78,25.22,24.75,24.92,24.96,24.88,24.84,24.81,24.88,25.03,25.12,25.03,24.94,24.78,24.92,24.95,25.02
22.23,26.34,24.96,24.62,24.81,24.59,24.78,24.74,24.56,24.68,24.81,24.92,24.57,24.5,24.62,24.78,24.99,25.12,24.69,24.43,24.63,24.92,24.79,24.75,24.75,24.66,24.88,24.75,24.69,24.68,24.69,24.85,24.88,24.92,24.46,24.65,24.74,24.91,24.76,24.72,24.59,24.86,24.87,24.75,24.62,24.78,24.93,25.0,24.78,24.69,24.45,24.84,24.84,24.84,24.75,24.68,24.8,24.84,25.03,24.94,24.88,24.96,24.84,24.8,24.86,24.85,24.88,24.93,24.78,24.78,24.66,24.78,24.8,24.91,24.91,25.0,24.91,24.9,24.96,24.92,24.89,24.72,24.84,24.78,24.84,24.83,24.67,24.78,24.79,24.76,24.95,24.8,24.81,24.83,24.94,24.86,24.86,24.74,24.7,24.78,24.79,24.84,24.8,24.83,24.83,24.93,24.95,25.03,25.03,24.89,25.03,24.98,24.88,24.68,24.79,24.86,24.86,24.88,24.7,24.85,24.83,24.75,25.1,25.14,25.03,25.05,25.01,24.89,24.8,24.79,24.81,24.84,24.92,24.98,24.91,24.93,24.85,24.76,25.21,25.4,25.31,25.02,25.08,24.98,24.92,24.81,24.91,24.88,24.86,24.9,24.81,24.93,24.78,25.0,25.2,25.48,25.48,25.15,24.95,24.88,24.88,24.79,24.9,24.99,24.88,24.91,24.89,25.02,24.95,24.85,25.13,25.49,25.65,25.35,25.13,24.97,24.8,24.78,24.94,24.86,24.86,24.69,25.0,24.98,24.89,25.12,25.34,25.66,25.75,25.77,25.77,25.06,24.86,24.94,24.97,24.99,24.9,24.86,24.89,24.77,24.84,25.08,25.64,25.8,25.69,25.68,25.56,25.14,24.92,24.71,24.74,25.01,25.03,24.88,24.86,24.89,24.79,25.1,25.22,25.22,25.36,25.47,25.42,25.03,24.86,24.92,24.59,24.84,24.9,25.01,24.95,24.9,24.78,24.95,25.05,25.11,25.34,25.62,25.34,25.01,24.8,24.78,25.22,24.75,24.92,24.91,24.88,24.86,24.81,24.9,25.03,25.11,25.03,24.96,24.8,24.9,24.95,24.99
22.31,26.34,24.96,24.66,24.78,24.59,24.78,24.76,24.56,24.68,24.79,24.9,24.57,24.52,24.59,24.78,24.99,25.16,24.69,24.41,24.61,24.9,24.81,24.75,24.75,24.64,24.88,24.75,24.72,24.69,24.68,24.83,24.88,24.92,24.46,24.65,24.72,24.91,24.78,24.74,24.59,24.84,24.87,24.76,24.64,24.78,24.91,25.0,24.78,24.72,24.45,24.84,24.84,24.84,24.75,24.68,24.8,24.82,25.03,24.94,24.88,24.96,24.84,24.8,24.88,24.87,24.88,24.91,24.78,24.78,24.66,24.76,24.78,24.91,24.91,25.0,24.91,24.88,24.96,24.92,24.89,24.74,24.84,24.78,24.84,24.83,24.69,24.78,24.79,24.75,24.95,24.81,24.81,24.83,24.94,24.84,24.88,24.76,24.72,24.78,24.79,24.85,24.81,24.83,24.83,24.92,24.95,25.03,25.03,24.91,25.03,24.98,24.88,24.69,24.79,24.84,24.85,24.86,24.72,24.86,24.83,24.75,25.09,25.14,25.03,25.06,25.0,24.88,24.78,24.81,24.82,24.84,24.9,24.97,24.93,24.92,24.86,24.75,25.2,25.39,25.31,25.03,25.08,24.98,24.89,24.79,24.93,24.88,24.85,24.9,24.81,24.95,24.78,25.0,25.19,25.46,25.46,25.15,24.97,24.88,24.88,24.77,24.92,24.99,24.88,24.91,24.88,25.0,24.95,24.86,25.14,25.49,25.65,25.33,25.13,24.99,24.78,24.76,24.94,24.84,24.88,24.71,25.0,24.97,24.88,25.12,25.34,25.68,25.75,25.76,25.75,25.06,24.88,24.94,24.97,24.98,24.88,24.88,24.91,24.77,24.82,25.08,25.66,25.82,25.71,25.68,25.56,25.12,24.92,24.71,24.76,25.01,25.03,24.88,24.88,24.9,24.79,25.08,25.22,25.22,25.38,25.47,25.41,25.03,24.84,24.92,24.65,24.84,24.88,24.99,24.94,24.92,24.78,24.94,25.03,25.09,25.34,25.64,25.34,25.01,24.8,24.78,25.22,24.75,24.92,24.87,24.88,24.88,24.81,24.92,25.03,25.09,25.03,24.98,24.82,24.88,24.95,24.96
22.5,26.34,24.99,24.66,24.75,24.59,24.76,24.78,24.56,24.66,24.75,24.86,24.57,24.58,24.59,24.75,24.99,25.12,24.69,24.43,24.58,24.86,24.82,24.75,24.75,24.63,24.87,24.75,24.74,24.73,24.66,24.74,24.85,24.89,24.51,24.65,24.68,24.88,24.78,24.78,24.62,24.81,24.82,24.76,24.64,24.78,24.91,24.98,24.78,24.72,24.5,24.8,24.84,24.84,24.73,24.66,24.8,24.82,24.99,24.94,24.88,24.96,24.84,24.8,24.88,24.85,24.86,24.9,24.78,24.78,24.67,24.72,24.78,24.92,24.91,25.0,24.9,24.87,24.96,24.94,24.88,24.72,24.84,24.76,24.84,24.83,24.72,24.78,24.79,24.75,24.95,24.83,24.81,24.83,24.94,24.84,24.88,24.8,24.74,24.78,24.78,24.85,24.81,24.83,24.83,24.92,24.93,25.03,25.03,24.94,25.03,24.94,24.85,24.71,24.79,24.84,24.83,24.83,24.76,24.89,24.83,24.75,25.07,25.14,25.05,25.07,24.98,24.88,24.78,24.82,24.86,24.83,24.89,24.95,24.91,24.93,24.88,24.75,25.17,25.39,25.31,25.06,25.08,24.98,24.85,24.79,24.93,24.88,24.83,24.91,24.8,24.95,24.81,24.99,25.19,25.44,25.44,25.14,25.0,24.89,24.87,24.73,24.92,24.97,24.88,24.9,24.89,24.98,24.95,24.86,25.17,25.51,25.62,25.31,25.13,25.02,24.78,24.76,24.92,24.81,24.91,24.73,24.98,24.94,24.89,25.09,25.36,25.69,25.78,25.73,25.73,25.05,24.89,24.92,24.9,24.96,24.87,24.89,24.93,24.75,24.81,25.06,25.67,25.83,25.73,25.66,25.56,25.12,24.92,24.76,24.79,24.94,25.03,24.88,24.89,24.92,24.79,25.05,25.22,25.22,25.39,25.47,25.39,25.05,24.82,24.97,24.65,24.87,24.88,24.98,24.92,24.94,24.78,24.91,25.02,25.07,25.38,25.62,25.34,24.96,24.75,24.78,25.19,24.69,24.9,24.85,24.88,24.92,24.82,24.9,25.03,25.07,25.05,24.99,24.87,24.83,24.98,24.99
22.6,26.34,24.99,24.66,24.75,24.59,24.74,24.78,24.56,24.66,24.73,24.84,24.57,24.63,24.59,24.72,24.99,25.08,24.69,24.46,24.58,24.84,24.82,24.75,24.75,24.63,24.85,24.75,24.74,24.75,24.66,24.7,24.82,24.85,24.54,24.65,24.65,24.86,24.78,24.79,24.64,24.8,24.79,24.76,24.64,24.78,24.91,24.96,24.78,24.72,24.52,24.78,24.84,24.84,24.73,24.66,24.8,24.82,24.96,24.94,24.88,24.96,24.84,24.8,24.88,24.85,24.84,24.88,24.78,24.78,24.68,24.71,24.78,24.92,24.91,25.0,24.9,24.87,24.96,24.94,24.88,24.7,24.84,24.74,24.84,24.83,24.74,24.78,24.79,24.75,24.95,24.83,24.81,24.83,24.94,24.84,24.88,24.82,24.74,24.78,24.76,24.85,24.81,24.83,24.83,24.92,24.92,25.03,25.03,24.95,25.03,24.93,24.83,24.71,24.79,24.84,24.83,24.81,24.77,24.9,24.83,24.75,25.07,25.14,25.06,25.07,24.97,24.88,24.78,24.82,24.88,24.81,24.89,24.95,24.89,24.95,24.88,24.75,25.16,25.39,25.31,25.08,25.08,24.98,24.83,24.79,24.93,24.88,24.83,24.91,24.78,24.95,24.82,24.99,25.19,25.42,25.42,25.14,25.02,24.91,24.85,24.71,24.92,24.97,24.88,24.9,24.91,24.96,24.95,24.86,25.19,25.52,25.6,25.29,25.13,25.03,24.78,24.76,24.9,24.8,24.92,24.75,24.97,24.92,24.91,25.07,25.38,25.69,25.8,25.72,25.73,25.03,24.89,24.9,24.86,24.96,24.87,24.89,24.93,24.74,24.81,25.06,25.67,25.83,25.74,25.64,25.56,25.12,24.92,24.78,24.79,24.9,25.03,24.88,24.89,24.92,24.79,25.03,25.22,25.22,25.39,25.47,25.39,25.07,24.82,24.99,24.62,24.87,24.88,24.98,24.92,24.94,24.78,24.89,25.02,25.07,25.39,25.6,25.34,24.94,24.73,24.78,25.15,24.66,24.88,24.85,24.88,24.94,24.82,24.88,25.03,25.07,25.05,24.99,24.89,24.8,25.01,25.02
22.76,26.34,25.06,24.66,24.75,24.59,24.74,24.82,24.56,24.62,24.69,24.81,24.61,24.67,24.59,24.72,24.99,25.08,24.69,24.46,24.58,24.81,24.82,24.75,24.75,24.63,24.82,24.75,24.71,24.75,24.62,24.7,24.82,24.85,24.54,24.65,24.61,24.82,24.78,24.83,24.64,24.77,24.76,24.76,24.64,24.78,24.91,24.92,24.78,24.72,24.58,24.74,24.88,24.88,24.7,24.64,24.8,24.85,24.92,24.94,24.88,24.96,24.87,24.8,24.84,24.81,24.84,24.92,24.78,24.78,24.68,24.67,24.78,24.95,24.91,24.97,24.87,24.9,24.99,24.94,24.84,24.66,24.88,24.78,24.84,24.8,24.74,24.78,24.82,24.78,24.95,24.83,24.81,24.87,24.97,24.84,24.84,24.82,24.74,24.82,24.76,24.82,24.81,24.86,24.83,24.92,24.92,25.0,25.0,24.98,25.03,24.89,24.8,24.71,24.79,24.88,24.83,24.78,24.77,24.9,24.83,24.78,25.05,25.12,25.06,25.07,24.99,24.88,24.78,24.82,24.88,24.84,24.89,24.92,24.86,24.98,24.9,24.78,25.13,25.39,25.31,25.11,25.08,24.98,24.81,24.79,24.93,24.88,24.83,24.91,24.75,24.95,24.85,24.99,25.19,25.4,25.37,25.14,25.05,24.91,24.85,24.71,24.92,24.94,24.91,24.9,24.91,24.96,24.92,24.86,25.19,25.55,25.58,25.29,25.13,25.03,24.78,24.76,24.9,24.8,24.92,24.78,24.97,24.92,24.94,25.05,25.38,25.69,25.83,25.72,25.73,25.0,24.89,24.86,24.82,24.96,24.83,24.86,24.93,24.74,24.81,25.04,25.67,25.83,25.77,25.64,25.56,25.09,24.88,24.82,24.84,24.86,24.99,24.88,24.89,24.92,24.79,25.0,25.18,25.22,25.42,25.47,25.39,25.07,24.82,25.04,24.62,24.91,24.88,24.94,24.92,24.97,24.78,24.86,24.98,25.04,25.42,25.6,25.34,24.86,24.68,24.78,25.15,24.6,24.88,24.85,24.88,24.98,24.86,24.88,24.99,25.07,25.05,25.03,24.89,24.8,25.01,25.09
22.88,26.34,25.09,24.66,24.75,24.59,24.74,24.84,24.56,24.6,24.66,24.77,24.63,24.69,24.59,24.72,24.95,25.08,24.69,24.46,24.58,24.77,24.81,24.75,24.75,24.64,24.78,24.75,24.68,24.75,24.6,24.72,24.82,24.89,24.54,24.67,24.59,24.78,24.78,24.84,24.64,24.73,24.77,24.76,24.65,24.78,24.89,24.88,24.78,24.72,24.6,24.72,24.91,24.91,24.67,24.62,24.78,24.87,24.91,24.94,24.88,24.96,24.9,24.78,24.8,24.79,24.84,24.93,24.78,24.78,24.68,24.66,24.78,24.97,24.91,24.94,24.84,24.94,25.02,24.92,24.81,24.61,24.9,24.81,24.84,24.77,24.74,24.77,24.86,24.81,24.95,24.81,24.83,24.9,24.99,24.84,24.83,24.82,24.74,24.85,24.76,24.8,24.83,24.89,24.83,24.89,24.92,24.98,24.98,25.0,25.03,24.88,24.78,24.71,24.79,24.91,24.83,24.74,24.77,24.9,24.83,24.81,25.0,25.1,25.06,25.07,25.02,24.88,24.78,24.82,24.88,24.87,24.89,24.89,24.84,24.99,24.93,24.81,25.1,25.38,25.31,25.14,25.08,24.96,24.79,24.79,24.95,24.87,24.83,24.9,24.73,24.96,24.88,24.99,25.16,25.38,25.32,25.15,25.08,24.91,24.83,24.73,24.94,24.92,24.94,24.9,24.89,24.96,24.9,24.88,25.17,25.56,25.56,25.31,25.15,25.02,24.78,24.76,24.9,24.81,24.92,24.79,24.97,24.92,24.95,25.03,25.38,25.68,25.84,25.72,25.73,24.98,24.88,24.82,24.8,24.98,24.82,24.83,24.93,24.75,24.82,25.02,25.66,25.83,25.78,25.66,25.56,25.06,24.84,24.84,24.89,24.84,24.96,24.87,24.89,24.92,24.8,24.98,25.15,25.22,25.44,25.47,25.39,25.07,24.82,25.06,24.62,24.96,24.88,24.9,24.92,25.0,24.78,24.84,24.95,25.0,25.44,25.62,25.34,24.8,24.66,24.78,25.15,24.57,24.88,24.82,24.88,25.0,24.88,24.88,24.96,25.07,25.05,25.07,24.89,24.8,25.01,25.12
22.95,26.34,25.06,24.69,24.72,24.57,24.72,24.84,24.58,24.6,24.64,24.75,24.63,24.69,24.59,24.72,24.92,25.08,24.72,24.49,24.58,24.75,24.79,24.77,24.75,24.66,24.78,24.75,24.69,24.75,24.6,24.72,24.8,24.92,24.57,24.69,24.61,24.76,24.78,24.84,24.64,24.72,24.77,24.76,24.67,24.78,24.88,24.86,24.78,24.72,24.6,24.72,24.91,24.91,24.67,24.64,24.77,24.85,24.91,24.94,24.88,24.96,24.9,24.76,24.8,24.79,24.82,24.92,24.78,24.78,24.7,24.67,24.78,24.95,24.91,24.94,24.84,24.96,25.02,24.9,24.81,24.61,24.9,24.81,24.84,24.77,24.76,24.75,24.85,24.81,24.95,24.8,24.84,24.92,24.99,24.84,24.83,24.84,24.74,24.85,24.75,24.8,24.84,24.9,24.83,24.85,24.92,24.98,24.98,24.98,25.03,24.88,24.78,24.71,24.79,24.91,24.83,24.74,24.79,24.9,24.83,24.81,24.99,25.1,25.06,25.07,25.02,24.88,24.78,24.84,24.88,24.85,24.87,24.89,24.86,24.99,24.93,24.81,25.09,25.38,25.3,25.14,25.08,24.94,24.79,24.81,24.96,24.85,24.83,24.9,24.75,24.98,24.89,24.99,25.14,25.38,25.32,25.16,25.08,24.91,24.82,24.75,24.96,24.94,24.93,24.9,24.89,24.96,24.92,24.89,25.16,25.56,25.56,25.32,25.16,25.0,24.78,24.78,24.9,24.83,24.92,24.78,24.95,24.92,24.95,25.03,25.38,25.66,25.84,25.72,25.75,25.0,24.86,24.81,24.8,24.99,24.83,24.83,24.91,24.77,24.84,25.02,25.64,25.82,25.78,25.67,25.58,25.06,24.82,24.84,24.91,24.84,24.94,24.85,24.89,24.93,24.82,24.98,25.13,25.22,25.44,25.47,25.41,25.05,24.8,25.06,24.62,24.98,24.88,24.9,24.91,25.0,24.78,24.86,24.95,24.99,25.42,25.62,25.36,24.82,24.66,24.78,25.15,24.57,24.88,24.8,24.88,24.98,24.88,24.88,24.96,25.05,25.05,25.09,24.91,24.8,25.01,25.09
23.1,26.34,24.99,24.75,24.67,24.53,24.67,24.84,24.62,24.6,24.6,24.71,24.63,24.69,24.59,24.72,24.86,25.08,24.78,24.54,24.58,24.71,24.75,24.8,24.75,24.7,24.78,24.75,24.73,24.75,24.6,24.72,24.74,24.98,24.62,24.74,24.65,24.72,24.78,24.84,24.64,24.69,24.77,24.76,24.71,24.78,24.84,24.82,24.78,24.72,24.6,24.72,24.91,24.91,24.67,24.66,24.73,24.82,24.91,24.94,24.88,24.96,24.9,24.72,24.8,24.79,24.78,24.88,24.78,24.78,24.73,24.71,24.78,24.92,24.91,24.94,24.84,24.99,25.02,24.87,24.81,24.61,24.9,24.81,24.84,24.77,24.79,24.72,24.82,24.81,24.95,24.77,24.88,24.95,24.99,24.84,24.83,24.88,24.74,24.85,24.72,24.8,24.88,24.93,24.83,24.76,24.92,24.98,24.98,24.95,25.03,24.88,24.78,24.71,24.79,24.91,24.83,24.74,24.82,24.9,24.83,24.81,24.96,25.1,25.06,25.07,25.02,24.88,24.78,24.88,24.88,24.82,24.83,24.89,24.89,24.99,24.93,24.81,25.06,25.38,25.27,25.14,25.08,24.91,24.79,24.84,25.0,24.82,24.83,24.9,24.78,25.0,24.92,24.99,25.08,25.38,25.32,25.19,25.08,24.91,24.78,24.79,24.99,24.97,24.9,24.9,24.89,24.96,24.95,24.92,25.13,25.56,25.56,25.35,25.19,24.97,24.78,24.81,24.9,24.86,24.92,24.75,24.91,24.92,24.95,25.03,25.38,25.63,25.84,25.72,25.79,25.03,24.83,24.77,24.8,25.03,24.87,24.83,24.88,24.8,24.87,25.02,25.61,25.8,25.78,25.69,25.61,25.06,24.79,24.84,24.96,24.84,24.9,24.82,24.89,24.96,24.85,24.98,25.1,25.22,25.44,25.47,25.44,25.01,24.76,25.06,24.62,25.03,24.88,24.9,24.88,25.0,24.78,24.89,24.95,24.95,25.39,25.62,25.4,24.87,24.66,24.78,25.15,24.57,24.88,24.76,24.88,24.94,24.88,24.88,24.96,25.01,25.05,25.12,24.96,24.8,25.01,25.02
23.17,26.34,24.96,24.75,24.67,24.51,24.65,24.82,24.62,24.6,24.58,24.69,24.61,24.69,24.59,24.72,24.82,25.05,24.78,24.57,24.58,24.69,24.73,24.8,24.75,24.71,24.78,24.75,24.73,24.77,24.62,24.72,24.72,24.98,24.65,24.76,24.65,24.71,24.78,24.84,24.66,24.67,24.77,24.76,24.72,24.78,24.82,24.8,24.78,24.72,24.6,24.74,24.91,24.91,24.67,24.66,24.71,24.81,24.91,24.94,24.88,24.96,24.9,24.71,24.78,24.79,24.78,24.86,24.76,24.77,24.74,24.71,24.78,24.91,24.91,24.94,24.82,25.02,25.02,24.85,24.79,24.61,24.88,24.81,24.84,24.77,24.79,24.7,24.82,24.82,24.95,24.77,24.88,24.97,24.99,24.86,24.83,24.88,24.74,24.85,24.72,24.8,24.89,24.93,24.83,24.73,24.92,24.98,24.98,24.95,25.03,24.88,24.78,24.71,24.79,24.91,24.85,24.74,24.82,24.9,24.83,24.81,24.95,25.1,25.05,25.07,25.03,24.88,24.78,24.88,24.89,24.84,24.83,24.89,24.89,24.98,24.95,24.81,25.05,25.36,25.27,25.14,25.09,24.89,24.79,24.84,25.01,24.82,24.83,24.88,24.78,25.0,24.93,24.99,25.07,25.36,25.31,25.2,25.09,24.91,24.76,24.79,25.01,24.99,24.9,24.88,24.88,24.95,24.96,24.93,25.13,25.56,25.56,25.35,25.2,24.97,24.78,24.81,24.88,24.86,24.94,24.75,24.91,24.91,24.94,25.05,25.38,25.63,25.84,25.72,25.77,25.05,24.83,24.75,24.8,25.05,24.87,24.85,24.88,24.81,24.88,25.04,25.59,25.8,25.78,25.69,25.61,25.06,24.79,24.84,24.99,24.82,24.9,24.82,24.91,24.96,24.86,24.98,25.1,25.23,25.44,25.47,25.42,25.01,24.78,25.06,24.62,25.03,24.88,24.9,24.88,25.0,24.78,24.89,24.95,24.95,25.39,25.62,25.4,24.87,24.68,24.81,25.12,24.57,24.85,24.74,24.88,24.94,24.86,24.86,24.96,25.01,25.05,25.12,24.96,24.78,25.03,24.99
23.34,26.34,24.86,24.75,24.67,24.44,24.58,24.76,24.62,24.6,24.56,24.64,24.59,24.74,24.59,24.72,24.72,24.94,24.78,24.65,24.63,24.64,24.71,24.8,24.75,24.73,24.75,24.75,24.73,24.82,24.68,24.72,24.64,24.98,24.72,24.78,24.65,24.69,24.78,24.84,24.7,24.62,24.73,24.79,24.78,24.78,24.76,24.74,24.78,24.77,24.65,24.76,24.88,24.91,24.7,24.66,24.66,24.77,24.91,24.94,24.88,24.93,24.9,24.69,24.76,24.79,24.78,24.8,24.71,24.75,24.78,24.71,24.75,24.86,24.94,24.94,24.78,25.05,24.99,24.83,24.77,24.66,24.82,24.81,24.84,24.8,24.79,24.69,24.78,24.86,24.98,24.8,24.88,24.96,24.99,24.91,24.83,24.84,24.74,24.85,24.75,24.82,24.94,24.9,24.81,24.7,24.95,24.98,24.98,24.95,25.0,24.88,24.78,24.71,24.76,24.91,24.9,24.78,24.82,24.88,24.81,24.81,24.93,25.1,25.0,25.07,25.07,24.88,24.78,24.84,24.91,24.88,24.83,24.89,24.86,24.93,24.96,24.81,25.03,25.35,25.27,25.14,25.1,24.88,24.79,24.81,25.03,24.85,24.83,24.83,24.78,24.98,24.98,24.99,25.09,25.35,25.29,25.21,25.14,24.91,24.75,24.79,25.03,25.0,24.9,24.84,24.83,24.9,24.98,24.98,25.16,25.56,25.56,25.35,25.22,25.0,24.78,24.78,24.82,24.86,24.98,24.78,24.91,24.86,24.89,25.09,25.38,25.66,25.84,25.72,25.72,25.06,24.86,24.69,24.8,25.04,24.87,24.9,24.88,24.85,24.9,25.08,25.58,25.8,25.78,25.67,25.58,25.06,24.82,24.84,25.01,24.76,24.9,24.85,24.95,24.96,24.88,24.94,25.1,25.27,25.44,25.47,25.38,25.01,24.85,25.06,24.68,24.98,24.88,24.9,24.91,24.97,24.78,24.89,24.98,24.95,25.39,25.58,25.4,24.87,24.75,24.89,25.02,24.63,24.83,24.72,24.88,24.94,24.84,24.84,24.96,24.98,25.05,25.12,24.96,24.76,25.06,24.89
23.4,26.34,24.83,24.75,24.67,24.42,24.56,24.74,24.62,24.6,24.56,24.62,24.59,24.76,24.59,24.72,24.69,24.9,24.78,24.67,24.65,24.62,24.71,24.8,24.75,24.73,24.73,24.75,24.73,24.84,24.69,24.72,24.61,24.98,24.75,24.78,24.65,24.69,24.78,24.84,24.72,24.61,24.72,24.8,24.79,24.78,24.74,24.72,24.78,24.8,24.68,24.76,24.86,24.91,24.72,24.66,24.65,24.75,24.91,24.94,24.88,24.92,24.9,24.69,24.76,24.79,24.78,24.78,24.7,24.75,24.8,24.71,24.73,24.84,24.95,24.94,24.77,25.05,24.97,24.83,24.77,24.68,24.8,24.81,24.84,24.82,24.79,24.69,24.77,24.88,24.99,24.81,24.88,24.95,24.99,24.92,24.83,24.82,24.74,24.85,24.76,24.84,24.95,24.89,24.79,24.7,24.96,24.98,24.98,24.95,24.98,24.88,24.78,24.71,24.74,24.91,24.92,24.79,24.82,24.86,24.79,24.81,24.93,25.1,24.99,25.07,25.08,24.88,24.78,24.82,24.91,24.9,24.83,24.89,24.84,24.92,24.96,24.81,25.03,25.35,25.27,25.14,25.1,24.88,24.79,24.79,25.03,24.87,24.83,24.81,24.78,24.96,24.99,24.99,25.1,25.35,25.29,25.21,25.16,24.91,24.75,24.79,25.03,25.0,24.9,24.82,24.81,24.89,24.98,24.99,25.17,25.56,25.56,25.35,25.22,25.02,24.78,24.76,24.81,24.86,25.0,24.79,24.91,24.84,24.88,25.1,25.38,25.68,25.84,25.72,25.71,25.06,24.88,24.68,24.8,25.02,24.87,24.91,24.88,24.87,24.9,25.09,25.58,25.8,25.78,25.66,25.56,25.06,24.84,24.84,25.01,24.74,24.9,24.87,24.97,24.96,24.88,24.93,25.1,25.28,25.44,25.47,25.36,25.01,24.87,25.06,24.71,24.96,24.88,24.9,24.92,24.95,24.78,24.89,25.0,24.95,25.39,25.56,25.4,24.87,24.77,24.92,24.99,24.66,24.83,24.72,24.88,24.94,24.84,24.84,24.96,24.97,25.05,25.12,24.96,24.76,25.06,24.86
23.52,26.34,24.76,24.75,24.67,24.42,24.52,24.71,24.62,24.64,24.6,24.58,24.59,24.76,24.64,24.78,24.63,24.9,24.78,24.72,24.69,24.58,24.71,24.8,24.75,24.76,24.7,24.72,24.73,24.88,24.73,24.72,24.61,25.05,24.8,24.78,24.65,24.69,24.78,24.84,24.75,24.58,24.72,24.8,24.86,24.78,24.71,24.68,24.78,24.9,24.72,24.76,24.83,24.87,24.72,24.69,24.65,24.73,24.91,24.94,24.88,24.92,24.9,24.69,24.8,24.79,24.78,24.78,24.7,24.75,24.8,24.71,24.73,24.81,24.95,24.91,24.77,25.03,24.91,24.83,24.77,24.72,24.8,24.85,24.82,24.82,24.83,24.72,24.73,24.88,24.99,24.81,24.91,24.93,24.99,24.92,24.83,24.78,24.77,24.85,24.79,24.84,24.95,24.89,24.79,24.7,24.96,24.98,24.98,24.95,24.95,24.88,24.78,24.71,24.74,24.91,24.92,24.79,24.82,24.83,24.76,24.81,24.93,25.1,24.99,25.07,25.1,24.88,24.75,24.79,24.88,24.9,24.83,24.86,24.81,24.92,24.96,24.81,25.03,25.35,25.27,25.17,25.1,24.88,24.76,24.79,25.03,24.87,24.83,24.81,24.78,24.96,24.99,24.99,25.1,25.38,25.29,25.21,25.19,24.94,24.75,24.79,25.03,25.0,24.9,24.8,24.78,24.89,24.98,25.02,25.17,25.56,25.56,25.38,25.22,25.02,24.82,24.72,24.81,24.89,25.0,24.79,24.88,24.81,24.88,25.1,25.38,25.68,25.81,25.72,25.71,25.06,24.88,24.68,24.8,24.99,24.87,24.91,24.88,24.9,24.9,25.09,25.58,25.8,25.78,25.63,25.56,25.06,24.84,24.84,24.96,24.79,24.9,24.9,24.97,24.96,24.88,24.89,25.1,25.31,25.41,25.47,25.36,25.05,24.87,25.02,24.77,24.96,24.88,24.9,24.92,24.95,24.78,24.89,25.0,24.95,25.39,25.52,25.4,24.87,24.77,24.92,24.92,24.72,24.88,24.72,24.88,24.94,24.84,24.88,24.96,24.93,25.09,25.16,24.96,24.76,25.01,24.86
23.62,26.34,24.73,24.75,24.67,24.42,24.5,24.69,24.62,24.66,24.62,24.56,24.59,24.76,24.66,24.8,24.59,24.9,24.78,24.75,24.72,24.56,24.71,24.8,24.75,24.78,24.68,24.7,24.73,24.9,24.75,24.72,24.61,25.08,24.83,24.78,24.65,24.69,24.78,24.84,24.77,24.56,24.72,24.8,24.89,24.78,24.69,24.65,24.78,24.96,24.75,24.76,24.81,24.85,24.72,24.71,24.65,24.71,24.91,24.94,24.88,24.92,24.9,24.69,24.82,24.79,24.78,24.78,24.7,24.75,24.8,24.71,24.73,24.8,24.95,24.89,24.77,25.01,24.88,24.83,24.77,24.74,24.8,24.86,24.8,24.82,24.85,24.73,24.71,24.88,24.99,24.81,24.92,24.91,24.99,24.92,24.83,24.76,24.79,24.85,24.8,24.84,24.95,24.89,24.79,24.7,24.96,24.98,24.98,24.95,24.94,24.88,24.78,24.71,24.74,24.91,24.92,24.79,24.82,24.82,24.75,24.81,24.93,25.1,24.99,25.07,25.12,24.88,24.73,24.77,24.86,24.9,24.83,24.84,24.79,24.92,24.96,24.81,25.03,25.35,25.27,25.19,25.1,24.88,24.74,24.79,25.03,24.87,24.83,24.81,24.78,24.96,24.99,24.99,25.1,25.39,25.29,25.21,25.2,24.96,24.75,24.79,25.03,25.0,24.9,24.78,24.77,24.89,24.98,25.03,25.17,25.56,25.56,25.39,25.22,25.02,24.83,24.71,24.81,24.91,25.0,24.79,24.86,24.8,24.88,25.1,25.38,25.68,25.8,25.72,25.71,25.06,24.88,24.68,24.8,24.98,24.87,24.91,24.88,24.91,24.9,25.09,25.58,25.8,25.78,25.62,25.56,25.06,24.84,24.84,24.94,24.81,24.9,24.92,24.97,24.96,24.88,24.88,25.1,25.32,25.39,25.47,25.36,25.07,24.87,24.99,24.8,24.96,24.88,24.9,24.92,24.95,24.78,24.89,25.0,24.95,25.39,25.51,25.4,24.87,24.77,24.92,24.89,24.75,24.9,24.72,24.88,24.94,24.84,24.9,24.96,24.92,25.1,25.18,24.96,24.76,24.98,24.86
23.76,26.34,24.73,24.75,24.67,24.42,24.45,24.65,24.66,24.69,24.66,24.56,24.59,24.76,24.71,24.8,24.59,24.83,24.78,24.8,24.72,24.56,24.68,24.8,24.75,24.85,24.68,24.7,24.69,24.86,24.79,24.72,24.56,25.02,24.83,24.78,24.65,24.65,24.78,24.84,24.77,24.56,24.69,24.77,24.92,24.78,24.69,24.61,24.78,24.96,24.75,24.76,24.77,24.85,24.75,24.73,24.65,24.71,24.91,24.94,24.88,24.92,24.9,24.69,24.82,24.79,24.74,24.78,24.7,24.75,24.82,24.71,24.73,24.8,24.95,24.89,24.8,25.05,24.88,24.8,24.81,24.74,24.8,24.86,24.8,24.82,24.85,24.73,24.71,24.88,24.96,24.81,24.89,24.95,24.99,24.95,24.83,24.76,24.76,24.85,24.8,24.84,24.95,24.89,24.79,24.7,24.96,24.98,24.98,24.95,24.94,24.88,24.78,24.71,24.74,24.91,24.92,24.83,24.82,24.79,24.75,24.81,24.96,25.1,25.02,25.05,25.08,24.88,24.73,24.77,24.82,24.9,24.87,24.84,24.79,24.95,24.93,24.81,25.03,25.38,25.27,25.16,25.1,24.88,24.78,24.79,25.03,24.87,24.86,24.81,24.78,24.96,24.96,24.99,25.1,25.41,25.32,25.21,25.17,24.96,24.78,24.79,25.03,25.0,24.9,24.81,24.8,24.92,24.95,25.0,25.17,25.59,25.59,25.39,25.19,24.99,24.83,24.74,24.81,24.91,24.97,24.79,24.86,24.83,24.88,25.1,25.35,25.65,25.8,25.78,25.71,25.06,24.88,24.68,24.8,25.01,24.87,24.88,24.85,24.91,24.92,25.09,25.55,25.76,25.82,25.64,25.56,25.06,24.81,24.84,24.94,24.81,24.86,24.92,24.94,24.93,24.88,24.85,25.06,25.34,25.39,25.47,25.39,25.07,24.91,24.99,24.75,24.91,24.88,24.94,24.92,24.95,24.82,24.89,25.0,24.99,25.39,25.51,25.44,24.87,24.77,24.92,24.89,24.75,24.9,24.72,24.88,24.94,24.84,24.86,24.96,24.96,25.1,25.18,24.91,24.8,24.98,24.92
23.82,26.34,24.73,24.75,24.67,24.42,24.43,24.63,24.68,24.71,24.68,24.56,24.59,24.76,24.73,24.8,24.59,24.8,24.78,24.83,24.72,24.56,24.66,24.8,24.75,24.88,24.68,24.7,24.68,24.84,24.81,24.72,24.53,24.98,24.83,24.78,24.65,24.64,24.78,24.84,24.77,24.56,24.67,24.76,24.94,24.78,24.69,24.59,24.78,24.96,24.75,24.76,24.75,24.85,24.77,24.75,24.65,24.71,24.91,24.94,24.88,24.92,24.9,24.69,24.82,24.79,24.72,24.78,24.7,24.75,24.84,24.71,24.73,24.8,24.95,24.89,24.81,25.06,24.88,24.78,24.82,24.74,24.8,24.86,24.8,24.82,24.85,24.73,24.71,24.88,24.95,24.81,24.88,24.97,24.99,24.97,24.83,24.76,24.74,24.85,24.8,24.84,24.95,24.89,24.79,24.7,24.96,24.98,24.98,24.95,24.94,24.88,24.78,24.71,24.74,24.91,24.92,24.85,24.82,24.78,24.75,24.81,24.98,25.1,25.03,25.03,25.06,24.88,24.73,24.77,24.81,24.9,24.89,24.84,24.79,24.96,24.92,24.81,25.03,25.39,25.27,25.14,25.1,24.88,24.79,24.79,25.03,24.87,24.88,24.81,24.78,24.96,24.95,24.99,25.1,25.42,25.33,25.21,25.16,24.96,24.8,24.79,25.03,25.0,24.9,24.82,24.81,24.93,24.93,24.99,25.17,25.6,25.6,25.39,25.18,24.97,24.83,24.76,24.81,24.91,24.95,24.79,24.86,24.84,24.88,25.1,25.34,25.63,25.8,25.81,25.71,25.06,24.88,24.68,24.8,25.03,24.87,24.87,24.83,24.91,24.94,25.09,25.53,25.74,25.83,25.66,25.56,25.06,24.79,24.84,24.94,24.81,24.84,24.92,24.92,24.92,24.88,24.83,25.05,25.36,25.39,25.47,25.41,25.07,24.93,24.99,24.72,24.89,24.88,24.96,24.92,24.95,24.83,24.89,25.0,25.0,25.39,25.51,25.46,24.87,24.77,24.92,24.89,24.75,24.9,24.72,24.88,24.94,24.84,24.84,24.96,24.98,25.1,25.18,24.89,24.83,24.98,24.96
23.93,26.34,24.76,24.75,24.61,24.42,24.43,24.63,24.69,24.71,24.71,24.58,24.59,24.72,24.76,24.87,24.59,24.8,24.78,24.83,24.69,24.58,24.66,24.78,24.75,24.9,24.71,24.7,24.68,24.82,24.81,24.74,24.53,24.98,24.8,24.78,24.65,24.62,24.76,24.84,24.75,24.58,24.67,24.73,24.95,24.8,24.71,24.61,24.78,24.96,24.75,24.78,24.75,24.84,24.75,24.73,24.66,24.73,24.94,24.94,24.88,24.93,24.9,24.69,24.8,24.75,24.74,24.82,24.68,24.75,24.84,24.72,24.75,24.81,24.94,24.89,24.81,25.06,24.88,24.78,24.81,24.79,24.82,24.9,24.79,24.82,24.83,24.75,24.71,24.88,24.92,24.83,24.86,25.0,24.99,24.98,24.81,24.76,24.76,24.85,24.83,24.84,24.95,24.89,24.81,24.7,24.98,24.98,24.98,24.95,24.94,24.88,24.78,24.73,24.76,24.91,24.89,24.86,24.82,24.76,24.76,24.81,24.98,25.1,25.02,25.03,25.08,24.88,24.73,24.81,24.79,24.95,24.87,24.83,24.82,24.96,24.93,24.81,25.03,25.4,25.27,25.11,25.11,24.88,24.79,24.79,25.03,24.87,24.88,24.83,24.81,24.95,24.93,24.98,25.1,25.45,25.34,25.2,25.14,24.94,24.85,24.79,25.01,24.97,24.9,24.82,24.8,24.95,24.92,24.98,25.16,25.62,25.62,25.4,25.16,24.96,24.85,24.78,24.84,24.92,24.92,24.79,24.9,24.86,24.86,25.1,25.32,25.65,25.8,25.84,25.69,25.09,24.91,24.69,24.82,25.03,24.83,24.87,24.83,24.94,24.94,25.06,25.55,25.74,25.85,25.67,25.56,25.06,24.77,24.84,24.96,24.85,24.82,24.94,24.92,24.92,24.88,24.82,25.03,25.37,25.42,25.45,25.41,25.03,24.93,24.99,24.78,24.89,24.88,24.96,24.89,24.97,24.85,24.91,24.97,25.0,25.39,25.52,25.48,24.89,24.77,24.92,24.92,24.75,24.95,24.69,24.88,24.94,24.86,24.86,24.96,24.98,25.12,25.22,24.85,24.88,24.92,24.96
24.07,26.34,24.7,24.75,24.55,24.42,24.39,24.59,24.69,24.75,24.75,24.62,24.55,24.72,24.76,24.87,24.59,24.72,24.78,24.88,24.69,24.62,24.66,24.74,24.75,24.9,24.75,24.7,24.71,24.86,24.84,24.7,24.48,24.92,24.8,24.78,24.65,24.62,24.73,24.84,24.75,24.61,24.64,24.7,24.95,24.83,24.74,24.65,24.78,24.96,24.75,24.82,24.75,24.77,24.75,24.73,24.7,24.73,24.94,24.94,24.88,24.96,24.87,24.69,24.8,24.75,24.74,24.78,24.64,24.75,24.87,24.76,24.78,24.78,24.91,24.92,24.84,25.04,24.86,24.78,24.81,24.83,24.82,24.87,24.76,24.85,24.83,24.78,24.68,24.85,24.89,24.83,24.86,25.0,24.97,24.98,24.81,24.8,24.79,24.82,24.83,24.87,24.95,24.86,24.83,24.7,24.95,25.0,25.0,24.95,24.94,24.88,24.78,24.73,24.79,24.88,24.86,24.86,24.86,24.79,24.79,24.78,25.0,25.13,25.02,25.03,25.06,24.88,24.73,24.84,24.82,24.95,24.83,24.86,24.86,24.96,24.93,24.78,25.03,25.4,25.27,25.08,25.14,24.88,24.79,24.79,25.03,24.87,24.88,24.83,24.84,24.92,24.93,24.98,25.1,25.48,25.37,25.2,25.14,24.98,24.85,24.75,24.98,24.97,24.86,24.82,24.8,24.92,24.95,24.98,25.16,25.62,25.62,25.4,25.16,24.99,24.88,24.78,24.84,24.92,24.92,24.79,24.9,24.83,24.86,25.1,25.35,25.68,25.8,25.81,25.69,25.12,24.94,24.69,24.78,25.03,24.83,24.89,24.83,24.94,24.94,25.06,25.58,25.74,25.85,25.64,25.56,25.09,24.81,24.84,24.91,24.85,24.86,24.97,24.92,24.92,24.88,24.82,25.06,25.37,25.42,25.42,25.41,25.03,24.93,24.99,24.78,24.84,24.88,24.99,24.86,24.94,24.85,24.94,24.97,25.04,25.39,25.49,25.48,24.97,24.77,24.92,24.86,24.75,24.95,24.69,24.88,24.94,24.82,24.86,24.99,24.98,25.12,25.22,24.85,24.88,24.92,24.96
24.18,26.34,24.63,24.75,24.52,24.42,24.34,24.56,24.69,24.77,24.77,24.64,24.5,24.72,24.78,24.87,24.63,24.65,24.78,24.94,24.69,24.64,24.66,24.72,24.75,24.9,24.78,24.7,24.74,24.9,24.88,24.66,24.42,24.85,24.83,24.78,24.68,24.62,24.71,24.84,24.77,24.64,24.61,24.69,24.95,24.87,24.78,24.7,24.78,24.96,24.75,24.86,24.73,24.72,24.75,24.75,24.73,24.73,24.92,24.94,24.88,24.97,24.84,24.69,24.8,24.75,24.74,24.74,24.63,24.73,24.88,24.79,24.81,24.75,24.88,24.94,24.87,25.01,24.83,24.78,24.79,24.88,24.82,24.83,24.73,24.87,24.83,24.8,24.65,24.82,24.86,24.83,24.86,25.0,24.94,24.98,24.81,24.84,24.81,24.78,24.83,24.88,24.95,24.85,24.85,24.72,24.92,25.03,25.03,24.95,24.94,24.88,24.78,24.73,24.82,24.84,24.83,24.88,24.89,24.82,24.81,24.75,25.02,25.14,25.03,25.03,25.04,24.88,24.73,24.88,24.88,24.93,24.82,24.88,24.88,24.96,24.93,24.76,25.03,25.4,25.27,25.05,25.15,24.88,24.79,24.79,25.01,24.88,24.88,24.83,24.86,24.9,24.93,24.98,25.1,25.49,25.4,25.2,25.14,25.0,24.85,24.71,24.94,24.99,24.83,24.81,24.8,24.9,24.98,24.98,25.16,25.62,25.62,25.4,25.16,25.0,24.9,24.78,24.84,24.91,24.92,24.79,24.88,24.81,24.86,25.1,25.38,25.69,25.78,25.8,25.69,25.16,24.97,24.69,24.76,25.03,24.83,24.92,24.83,24.92,24.95,25.06,25.59,25.74,25.85,25.62,25.58,25.14,24.84,24.82,24.86,24.85,24.9,24.99,24.92,24.92,24.88,24.84,25.1,25.37,25.42,25.41,25.41,25.03,24.93,24.97,24.78,24.82,24.9,25.03,24.83,24.9,24.85,24.97,24.98,25.07,25.39,25.45,25.48,25.03,24.77,24.92,24.79,24.75,24.95,24.69,24.88,24.94,24.79,24.86,25.03,24.98,25.12,25.22,24.87,24.88,24.92,24.92
24.27,26.34,24.63,24.69,24.58,24.46,24.34,24.52,24.66,24.77,24.77,24.64,24.46,24.72,24.83,24.87,24.69,24.58,24.72,24.94,24.69,24.64,24.66,24.68,24.75,24.9,24.78,24.7,24.71,24.94,24.92,24.66,24.42,24.79,24.83,24.78,24.68,24.62,24.71,24.84,24.8,24.67,24.61,24.69,24.95,24.9,24.82,24.74,24.78,24.96,24.75,24.9,24.73,24.72,24.72,24.75,24.77,24.75,24.9,24.94,24.88,24.97,24.84,24.69,24.76,24.75,24.78,24.74,24.63,24.7,24.85,24.79,24.84,24.75,24.84,24.91,24.87,25.01,24.83,24.78,24.72,24.88,24.82,24.83,24.7,24.83,24.79,24.8,24.67,24.82,24.83,24.83,24.86,25.0,24.94,24.98,24.81,24.84,24.81,24.78,24.86,24.85,24.95,24.85,24.85,24.78,24.89,25.03,25.03,24.98,24.94,24.88,24.78,24.73,24.86,24.84,24.81,24.88,24.89,24.85,24.81,24.75,24.99,25.14,25.06,25.03,25.07,24.88,24.73,24.88,24.95,24.97,24.85,24.84,24.84,24.96,24.96,24.79,25.03,25.38,25.3,25.05,25.15,24.88,24.79,24.76,24.98,24.92,24.88,24.79,24.83,24.9,24.93,24.98,25.1,25.46,25.38,25.2,25.17,25.0,24.85,24.68,24.9,24.99,24.86,24.78,24.77,24.9,24.98,24.98,25.16,25.62,25.62,25.4,25.16,25.0,24.9,24.74,24.84,24.88,24.92,24.82,24.88,24.81,24.86,25.1,25.4,25.69,25.75,25.8,25.66,25.16,25.0,24.69,24.76,25.03,24.8,24.92,24.86,24.9,24.98,25.06,25.59,25.77,25.85,25.59,25.58,25.17,24.88,24.78,24.81,24.85,24.94,24.99,24.92,24.89,24.88,24.87,25.13,25.37,25.42,25.41,25.38,25.07,24.97,24.92,24.78,24.82,24.94,25.03,24.83,24.9,24.85,24.97,24.98,25.11,25.42,25.45,25.44,24.98,24.77,24.92,24.73,24.75,24.95,24.69,24.88,24.98,24.75,24.86,25.03,25.01,25.12,25.22,24.87,24.88,24.92,24.92
24.41,26.34,24.63,24.66,24.63,24.53,24.34,24.52,24.66,24.77,24.77,24.64,24.46,24.72,24.88,24.87,24.76,24.58,24.69,24.94,24.67,24.64,24.66,24.67,24.73,24.88,24.76,24.7,24.69,24.94,24.92,24.66,24.45,24.79,24.83,24.76,24.7,24.64,24.73,24.84,24.8,24.7,24.62,24.69,24.95,24.94,24.88,24.8,24.78,24.96,24.75,24.92,24.73,24.72,24.67,24.76,24.8,24.8,24.88,24.94,24.88,24.97,24.84,24.69,24.76,24.72,24.78,24.74,24.66,24.7,24.82,24.81,24.89,24.77,24.81,24.86,24.9,24.96,24.83,24.8,24.66,24.85,24.84,24.83,24.68,24.78,24.78,24.81,24.7,24.81,24.79,24.8,24.88,25.0,24.94,24.95,24.81,24.86,24.82,24.78,24.88,24.82,24.94,24.86,24.86,24.83,24.86,25.03,25.02,25.0,24.94,24.89,24.78,24.73,24.91,24.84,24.74,24.86,24.91,24.88,24.81,24.76,24.96,25.14,25.12,25.03,25.08,24.88,24.73,24.92,25.0,24.97,24.87,24.8,24.84,24.98,24.96,24.83,25.03,25.36,25.3,25.05,25.12,24.89,24.79,24.74,24.95,24.92,24.88,24.78,24.81,24.92,24.93,24.98,25.09,25.46,25.36,25.2,25.19,25.01,24.85,24.66,24.86,24.99,24.88,24.78,24.75,24.92,24.98,24.98,25.14,25.62,25.62,25.43,25.16,24.97,24.9,24.72,24.88,24.88,24.91,24.83,24.85,24.84,24.89,25.07,25.44,25.66,25.72,25.8,25.67,25.16,25.02,24.69,24.76,25.03,24.8,24.89,24.86,24.87,25.03,25.04,25.59,25.77,25.85,25.59,25.61,25.2,24.88,24.71,24.74,24.88,24.96,24.95,24.89,24.88,24.89,24.9,25.15,25.34,25.42,25.41,25.39,25.08,24.94,24.85,24.81,24.84,24.98,25.03,24.8,24.9,24.87,25.0,24.97,25.11,25.44,25.45,25.44,24.96,24.73,24.87,24.73,24.75,24.99,24.69,24.86,25.0,24.73,24.9,25.03,25.03,25.12,25.26,24.91,24.92,24.87,24.92
24.51,26.34,24.63,24.66,24.69,24.57,24.34,24.56,24.69,24.77,24.77,24.64,24.5,24.72,24.88,24.87,24.76,24.65,24.69,24.94,24.63,24.64,24.66,24.67,24.7,24.85,24.73,24.7,24.69,24.9,24.88,24.66,24.5,24.85,24.83,24.72,24.7,24.68,24.76,24.84,24.77,24.7,24.66,24.69,24.95,24.94,24.91,24.84,24.78,24.96,24.75,24.92,24.73,24.72,24.64,24.76,24.8,24.82,24.91,24.94,24.88,24.97,24.84,24.69,24.8,24.68,24.74,24.74,24.7,24.73,24.82,24.81,24.92,24.8,24.81,24.83,24.92,24.9,24.83,24.83,24.66,24.81,24.84,24.83,24.68,24.75,24.78,24.84,24.74,24.81,24.76,24.77,24.88,25.0,24.94,24.92,24.81,24.86,24.86,24.78,24.88,24.82,24.91,24.86,24.89,24.86,24.86,25.03,24.99,25.0,24.94,24.93,24.78,24.73,24.95,24.84,24.71,24.83,24.91,24.88,24.81,24.79,24.96,25.14,25.14,25.03,25.08,24.88,24.73,24.96,25.0,24.97,24.87,24.77,24.88,24.98,24.93,24.86,25.03,25.36,25.27,25.05,25.1,24.93,24.79,24.74,24.95,24.88,24.88,24.78,24.81,24.92,24.93,24.98,25.09,25.49,25.36,25.2,25.19,25.05,24.85,24.66,24.86,24.99,24.88,24.81,24.75,24.92,24.98,24.98,25.14,25.62,25.62,25.46,25.16,24.95,24.9,24.72,24.92,24.91,24.91,24.83,24.81,24.88,24.92,25.05,25.46,25.63,25.72,25.8,25.7,25.16,25.02,24.69,24.76,25.03,24.83,24.86,24.83,24.87,25.06,25.01,25.59,25.74,25.85,25.62,25.64,25.2,24.84,24.67,24.69,24.92,24.96,24.92,24.86,24.88,24.93,24.9,25.15,25.32,25.42,25.41,25.42,25.08,24.9,24.8,24.87,24.84,24.98,25.03,24.77,24.9,24.9,25.03,24.94,25.07,25.44,25.45,25.48,24.96,24.68,24.81,24.79,24.75,25.04,24.69,24.82,25.0,24.73,24.94,25.03,25.03,25.12,25.29,24.96,24.97,24.81,24.92
24.62,26.34,24.63,24.66,24.74,24.59,24.34,24.59,24.73,24.75,24.75,24.64,24.55,24.74,24.85,24.84,24.76,24.69,24.69,24.94,24.58,24.64,24.66,24.67,24.66,24.8,24.7,24.72,24.69,24.86,24.84,24.66,24.53,24.89,24.83,24.67,24.7,24.71,24.8,24.84,24.73,24.7,24.67,24.7,24.94,24.94,24.95,24.88,24.78,24.93,24.75,24.92,24.73,24.74,24.62,24.75,24.78,24.85,24.95,24.94,24.88,24.96,24.84,24.69,24.82,24.62,24.71,24.72,24.71,24.77,24.84,24.81,24.94,24.83,24.83,24.81,24.94,24.85,24.84,24.87,24.66,24.77,24.82,24.82,24.69,24.73,24.76,24.86,24.77,24.82,24.75,24.75,24.86,25.0,24.94,24.91,24.81,24.86,24.88,24.78,24.88,24.84,24.89,24.85,24.9,24.89,24.88,25.03,24.96,25.0,24.94,24.96,24.78,24.73,24.96,24.84,24.69,24.81,24.91,24.88,24.81,24.82,24.96,25.14,25.16,25.03,25.08,24.88,24.75,24.99,25.01,24.98,24.87,24.75,24.91,24.96,24.9,24.89,25.03,25.36,25.24,25.03,25.08,24.96,24.81,24.72,24.95,24.87,24.88,24.76,24.81,24.9,24.95,24.98,25.1,25.5,25.36,25.2,25.19,25.06,24.85,24.66,24.86,24.99,24.88,24.84,24.75,24.9,24.98,24.98,25.16,25.62,25.62,25.48,25.16,24.93,24.88,24.72,24.94,24.92,24.92,24.85,24.79,24.91,24.94,25.03,25.49,25.62,25.73,25.8,25.72,25.16,25.03,24.68,24.76,25.03,24.87,24.84,24.8,24.87,25.09,25.0,25.59,25.72,25.85,25.64,25.66,25.2,24.82,24.62,24.66,24.92,24.96,24.88,24.84,24.88,24.96,24.9,25.15,25.29,25.44,25.41,25.44,25.07,24.88,24.78,24.92,24.82,24.98,25.03,24.75,24.88,24.94,25.06,24.92,25.04,25.44,25.45,25.51,24.96,24.66,24.78,24.86,24.75,25.06,24.69,24.78,25.0,24.73,24.96,25.03,25.03,25.1,25.31,25.0,25.02,24.78,24.89
24.71,26.34,24.63,24.66,24.74,24.59,24.34,24.59,24.73,24.71,24.71,24.64,24.55,24.78,24.85,24.78,24.76,24.62,24.69,24.94,24.54,24.64,24.66,24.67,24.66,24.73,24.66,24.72,24.69,24.86,24.84,24.66,24.48,24.89,24.83,24.67,24.7,24.71,24.8,24.84,24.73,24.73,24.67,24.73,24.91,24.94,24.95,24.92,24.78,24.88,24.75,24.88,24.73,24.78,24.68,24.72,24.75,24.85,24.95,24.97,24.88,24.93,24.81,24.69,24.82,24.67,24.71,24.69,24.71,24.8,24.87,24.81,24.91,24.83,24.86,24.84,24.94,24.82,24.88,24.87,24.7,24.72,24.78,24.78,24.72,24.77,24.72,24.83,24.77,24.85,24.78,24.75,24.83,25.0,24.94,24.91,24.81,24.86,24.84,24.78,24.88,24.84,24.89,24.82,24.88,24.92,24.88,25.03,24.96,25.0,24.94,24.96,24.78,24.73,24.96,24.88,24.69,24.81,24.91,24.88,24.83,24.82,24.93,25.14,25.16,25.03,25.06,24.88,24.75,24.99,25.05,24.98,24.87,24.75,24.91,24.93,24.9,24.89,25.03,25.36,25.21,25.03,25.05,24.96,24.81,24.69,24.95,24.9,24.88,24.76,24.81,24.88,24.98,24.98,25.1,25.48,25.36,25.18,25.16,25.03,24.85,24.69,24.86,24.99,24.84,24.84,24.78,24.88,24.98,24.98,25.16,25.62,25.62,25.45,25.16,24.96,24.85,24.72,24.9,24.89,24.92,24.88,24.79,24.94,24.94,25.03,25.49,25.62,25.77,25.8,25.72,25.12,25.03,24.64,24.8,25.03,24.87,24.84,24.8,24.87,25.12,25.0,25.59,25.72,25.85,25.67,25.66,25.2,24.82,24.62,24.71,24.92,24.96,24.85,24.84,24.88,24.96,24.9,25.12,25.27,25.47,25.41,25.44,25.0,24.88,24.78,24.92,24.82,24.98,25.03,24.78,24.88,24.97,25.06,24.92,25.04,25.44,25.45,25.51,24.96,24.7,24.78,24.86,24.75,25.02,24.69,24.78,25.0,24.77,24.92,25.03,25.03,25.07,25.31,25.04,25.02,24.84,24.89
24.85,26.34,24.53,24.66,24.83,24.59,24.34,24.59,24.68,24.66,24.66,24.64,24.55,24.78,24.85,24.78,24.76,24.62,24.69,24.94,24.54,24.64,24.66,24.67,24.66,24.63,24.61,24.66,24.69,24.92,24.84,24.73,24.48,24.98,24.83,24.67,24.7,24.76,24.8,24.84,24.73,24.78,24.72,24.77,24.86,24.94,24.95,24.98,24.78,24.88,24.75,24.88,24.79,24.78,24.73,24.68,24.75,24.85,24.95,25.01,24.88,24.93,24.76,24.69,24.82,24.73,24.76,24.69,24.71,24.8,24.87,24.81,24.91,24.78,24.86,24.84,24.94,24.77,24.88,24.87,24.7,24.66,24.78,24.78,24.72,24.77,24.67,24.83,24.77,24.89,24.82,24.7,24.83,25.0,24.94,24.86,24.77,24.8,24.84,24.78,24.88,24.8,24.84,24.82,24.88,24.96,24.83,25.03,24.96,25.0,24.94,24.96,24.78,24.68,25.01,24.92,24.73,24.76,24.86,24.88,24.88,24.82,24.89,25.1,25.12,25.03,25.11,24.88,24.7,24.94,25.1,24.98,24.87,24.75,24.86,24.89,24.95,24.89,25.03,25.32,25.17,25.08,25.05,24.96,24.76,24.69,24.95,24.95,24.88,24.76,24.77,24.83,25.02,25.02,25.1,25.44,25.32,25.18,25.16,25.03,24.8,24.75,24.86,25.04,24.8,24.8,24.78,24.83,25.02,25.02,25.12,25.58,25.58,25.45,25.2,25.0,24.85,24.67,24.84,24.89,24.92,24.88,24.74,24.94,24.98,25.03,25.49,25.62,25.77,25.75,25.77,25.08,24.98,24.58,24.86,25.03,24.87,24.84,24.8,24.87,25.17,25.0,25.59,25.72,25.8,25.67,25.7,25.2,24.82,24.62,24.71,24.98,25.01,24.85,24.84,24.88,24.96,24.95,25.12,25.23,25.47,25.41,25.44,24.95,24.88,24.71,24.92,24.89,24.98,25.03,24.83,24.88,24.97,25.06,24.92,25.04,25.44,25.39,25.46,24.96,24.77,24.78,24.76,24.75,24.95,24.76,24.78,25.0,24.77,24.92,25.03,25.03,25.02,25.31,25.11,24.95,24.92,24.89
24.94,26.34,24.5,24.72,24.89,24.59,24.34,24.59,24.66,24.62,24.62,24.62,24.55,24.74,24.88,24.84,24.76,24.69,24.69,24.94,24.56,24.62,24.66,24.69,24.7,24.61,24.61,24.66,24.69,24.94,24.84,24.71,24.48,24.98,24.86,24.67,24.7,24.78,24.82,24.88,24.72,24.8,24.72,24.77,24.84,24.92,24.93,24.96,24.78,24.88,24.75,24.86,24.76,24.79,24.74,24.66,24.73,24.84,24.95,25.01,24.88,24.89,24.76,24.69,24.84,24.73,24.74,24.69,24.73,24.8,24.84,24.79,24.89,24.8,24.88,24.84,24.94,24.77,24.84,24.87,24.68,24.61,24.76,24.78,24.73,24.77,24.66,24.81,24.77,24.89,24.85,24.69,24.81,24.97,24.94,24.88,24.75,24.76,24.82,24.82,24.88,24.8,24.81,24.82,24.86,24.99,24.85,25.03,24.96,24.97,24.94,25.0,24.78,24.66,25.0,24.95,24.76,24.74,24.82,24.86,24.86,24.85,24.86,25.07,25.1,25.03,25.12,24.88,24.7,24.9,25.08,25.0,24.89,24.77,24.82,24.86,24.93,24.92,25.06,25.31,25.14,25.08,25.04,24.96,24.76,24.69,24.91,24.95,24.88,24.78,24.77,24.85,25.0,25.03,25.13,25.44,25.31,25.16,25.14,25.01,24.78,24.79,24.84,25.04,24.8,24.8,24.8,24.82,25.0,25.03,25.1,25.56,25.56,25.43,25.22,25.02,24.87,24.69,24.84,24.88,24.92,24.88,24.74,24.92,25.0,25.03,25.5,25.63,25.77,25.72,25.75,25.08,24.98,24.56,24.88,24.99,24.87,24.84,24.8,24.87,25.17,25.02,25.61,25.72,25.78,25.66,25.7,25.2,24.84,24.67,24.69,24.98,24.99,24.87,24.88,24.88,24.96,24.96,25.13,25.24,25.5,25.42,25.41,24.95,24.88,24.71,24.92,24.89,24.98,24.99,24.86,24.87,24.99,25.05,24.92,25.0,25.44,25.41,25.44,24.94,24.82,24.84,24.79,24.75,24.9,24.78,24.78,25.0,24.79,24.94,24.99,25.03,25.03,25.35,25.11,24.9,24.92,24.89
25.07,26.34,24.5,24.78,24.95,24.59,24.34,24.59,24.66,24.58,24.58,24.58,24.55,24.69,24.92,24.89,24.76,24.76,24.69,24.94,24.56,24.58,24.66,24.73,24.73,24.61,24.61,24.66,24.69,24.94,24.84,24.66,24.48,24.98,24.91,24.67,24.7,24.78,24.85,24.91,24.72,24.8,24.72,24.77,24.84,24.88,24.89,24.92,24.78,24.88,24.75,24.82,24.68,24.83,24.77,24.66,24.7,24.81,24.95,25.01,24.88,24.83,24.76,24.69,24.88,24.73,24.71,24.69,24.76,24.8,24.81,24.76,24.86,24.83,24.91,24.84,24.94,24.77,24.81,24.87,24.68,24.57,24.72,24.78,24.76,24.77,24.66,24.78,24.77,24.89,24.88,24.69,24.78,24.93,24.94,24.91,24.75,24.72,24.79,24.85,24.88,24.8,24.78,24.82,24.83,25.02,24.88,25.03,24.96,24.94,24.94,25.03,24.78,24.66,24.96,24.98,24.79,24.74,24.79,24.83,24.83,24.88,24.83,25.05,25.1,25.03,25.12,24.88,24.7,24.86,25.05,25.0,24.92,24.77,24.79,24.83,24.9,24.95,25.09,25.31,25.12,25.08,25.01,24.96,24.76,24.69,24.88,24.95,24.88,24.81,24.77,24.88,24.98,25.03,25.16,25.44,25.31,25.14,25.11,24.98,24.78,24.82,24.84,25.04,24.8,24.8,24.83,24.82,24.98,25.03,25.1,25.56,25.56,25.4,25.22,25.02,24.87,24.72,24.84,24.84,24.92,24.88,24.74,24.92,25.0,25.03,25.5,25.63,25.77,25.72,25.72,25.08,24.98,24.56,24.92,24.96,24.87,24.84,24.8,24.87,25.17,25.05,25.61,25.72,25.78,25.66,25.7,25.2,24.84,24.71,24.69,24.98,24.96,24.87,24.91,24.88,24.96,24.96,25.13,25.27,25.53,25.45,25.38,24.95,24.88,24.71,24.92,24.89,24.98,24.96,24.89,24.87,25.02,25.02,24.92,24.97,25.44,25.45,25.44,24.9,24.87,24.89,24.86,24.75,24.85,24.78,24.78,25.0,24.82,24.94,24.96,25.03,25.07,25.38,25.11,24.85,24.92,24.89
25.13,26.34,24.5,24.8,24.98,24.59,24.34,24.59,24.66,24.56,24.56,24.56,24.55,24.67,24.95,24.92,24.76,24.8,24.69,24.94,24.56,24.56,24.66,24.75,24.74,24.61,24.61,24.66,24.69,24.94,24.84,24.64,24.48,24.98,24.94,24.67,24.7,24.78,24.87,24.92,24.72,24.8,24.72,24.77,24.84,24.87,24.88,24.9,24.78,24.88,24.75,24.8,24.65,24.84,24.79,24.66,24.68,24.8,24.95,25.01,24.88,24.8,24.76,24.69,24.9,24.73,24.69,24.69,24.78,24.8,24.8,24.74,24.84,24.84,24.92,24.84,24.94,24.77,24.8,24.87,24.68,24.55,24.7,24.78,24.77,24.77,24.66,24.77,24.77,24.89,24.89,24.69,24.77,24.91,24.94,24.92,24.75,24.7,24.77,24.87,24.88,24.8,24.77,24.82,24.82,25.03,24.89,25.03,24.96,24.92,24.94,25.05,24.78,24.66,24.95,25.0,24.8,24.74,24.77,24.82,24.82,24.89,24.82,25.03,25.1,25.03,25.12,24.88,24.7,24.84,25.03,25.0,24.94,24.77,24.77,24.82,24.89,24.96,25.1,25.31,25.1,25.08,25.0,24.96,24.76,24.69,24.86,24.95,24.88,24.83,24.77,24.89,24.96,25.03,25.17,25.44,25.31,25.12,25.09,24.96,24.78,24.84,24.84,25.04,24.8,24.8,24.84,24.82,24.96,25.03,25.1,25.56,25.56,25.39,25.22,25.02,24.87,24.74,24.84,24.83,24.92,24.88,24.74,24.92,25.0,25.03,25.5,25.63,25.77,25.72,25.7,25.08,24.98,24.56,24.95,24.94,24.87,24.84,24.8,24.87,25.17,25.06,25.61,25.72,25.78,25.66,25.7,25.2,24.84,24.73,24.69,24.98,24.94,24.87,24.92,24.88,24.96,24.96,25.13,25.28,25.55,25.47,25.36,24.95,24.88,24.71,24.92,24.89,24.98,24.94,24.91,24.87,25.04,25.0,24.92,24.95,25.44,25.47,25.44,24.88,24.89,24.92,24.89,24.75,24.83,24.78,24.78,25.0,24.84,24.94,24.94,25.03,25.09,25.4,25.11,24.83,24.92,24.89
25.29,26.34,24.5,24.8,24.89,24.53,24.34,24.65,24.66,24.62,24.56,24.56,24.55,24.67,24.88,24.83,24.66,24.9,24.69,24.86,24.5,24.56,24.66,24.75,24.74,24.61,24.61,24.71,24.69,24.94,24.84,24.64,24.48,25.08,24.94,24.67,24.63,24.78,24.92,24.92,24.72,24.75,24.77,24.77,24.84,24.82,24.82,24.84,24.78,24.88,24.75,24.74,24.65,24.84,24.88,24.62,24.68,24.75,24.99,25.05,24.88,24.8,24.76,24.69,24.96,24.73,24.63,24.69,24.78,24.84,24.8,24.74,24.8,24.84,24.97,24.93,24.9,24.71,24.8,24.92,24.79,24.48,24.63,24.78,24.82,24.82,24.66,24.77,24.77,24.93,24.93,24.73,24.72,24.91,24.94,24.92,24.75,24.7,24.77,24.87,24.83,24.84,24.77,24.82,24.82,24.99,24.93,25.03,24.96,24.92,24.94,25.05,24.83,24.66,24.84,25.0,24.8,24.74,24.72,24.78,24.82,24.89,24.86,25.07,25.06,25.03,25.09,24.88,24.7,24.79,24.93,25.0,24.94,24.77,24.82,24.78,24.85,24.96,25.14,25.35,25.1,25.08,25.04,24.96,24.8,24.74,24.86,24.9,24.88,24.88,24.77,24.85,24.96,24.99,25.17,25.52,25.31,25.09,25.05,25.01,24.83,24.84,24.84,24.99,24.8,24.84,24.89,24.78,24.92,25.03,25.1,25.6,25.56,25.35,25.18,25.06,24.92,24.79,24.84,24.83,24.92,24.88,24.74,24.88,24.95,25.03,25.5,25.68,25.77,25.72,25.7,25.08,24.98,24.62,24.95,24.94,24.92,24.89,24.8,24.87,25.08,25.06,25.66,25.72,25.78,25.66,25.7,25.16,24.84,24.79,24.69,24.98,24.94,24.92,24.92,24.83,24.96,24.91,25.13,25.32,25.55,25.47,25.31,24.95,24.88,24.78,24.92,24.82,24.92,24.94,24.95,24.87,25.04,24.95,24.92,24.95,25.44,25.52,25.44,24.94,24.96,24.92,24.89,24.75,24.83,24.85,24.85,25.0,24.84,24.88,24.94,25.08,25.14,25.4,25.11,24.83,25.01,24.89
25.33,26.34,24.5,24.8,24.86,24.51,24.34,24.67,24.66,24.64,24.56,24.56,24.55,24.67,24.85,24.8,24.63,24.94,24.69,24.83,24.48,24.56,24.66,24.75,24.74,24.61,24.61,24.73,24.69,24.94,24.84,24.64,24.48,25.12,24.94,24.67,24.61,24.78,24.94,24.92,24.72,24.73,24.78,24.77,24.84,24.8,24.8,24.82,24.78,24.88,24.75,24.72,24.65,24.84,24.91,24.61,24.68,24.74,25.0,25.06,24.88,24.8,24.76,24.69,24.98,24.73,24.61,24.69,24.78,24.86,24.8,24.74,24.78,24.84,24.98,24.96,24.88,24.7,24.8,24.94,24.82,24.46,24.61,24.78,24.83,24.83,24.66,24.77,24.77,24.95,24.95,24.75,24.7,24.91,24.94,24.92,24.75,24.7,24.77,24.87,24.82,24.85,24.77,24.82,24.82,24.98,24.95,25.03,24.96,24.92,24.94,25.05,24.85,24.66,24.8,25.0,24.8,24.74,24.7,24.76,24.82,24.89,24.88,25.09,25.05,25.03,25.08,24.88,24.7,24.77,24.89,25.0,24.94,24.77,24.84,24.76,24.83,24.96,25.16,25.36,25.1,25.08,25.05,24.96,24.81,24.76,24.86,24.88,24.88,24.9,24.77,24.83,24.96,24.98,25.17,25.54,25.31,25.08,25.03,25.03,24.85,24.84,24.84,24.97,24.8,24.85,24.91,24.76,24.9,25.03,25.1,25.62,25.56,25.33,25.16,25.07,24.94,24.81,24.84,24.83,24.92,24.88,24.74,24.86,24.94,25.03,25.5,25.69,25.77,25.72,25.7,25.08,24.98,24.64,24.95,24.94,24.94,24.91,24.8,24.87,25.05,25.06,25.67,25.72,25.78,25.66,25.7,25.14,24.84,24.81,24.69,24.98,24.94,24.94,24.92,24.81,24.96,24.89,25.13,25.33,25.55,25.47,25.3,24.95,24.88,24.8,24.92,24.8,24.9,24.94,24.97,24.87,25.04,24.94,24.92,24.95,25.44,25.54,25.44,24.96,24.98,24.92,24.89,24.75,24.83,24.87,24.87,25.0,24.84,24.86,24.94,25.09,25.15,25.4,25.11,24.83,25.03,24.89
25.49,26.34,24.5,24.8,24.75,24.48,24.34,24.69,24.66,24.71,24.56,24.56,24.48,24.67,24.9,24.85,24.59,24.98,24.69,24.8,24.52,24.56,24.66,24.75,24.79,24.71,24.66,24.69,24.69,24.99,24.9,24.7,24.4,25.05,24.94,24.74,24.59,24.72,24.9,24.92,24.77,24.77,24.8,24.77,24.84,24.83,24.72,24.8,24.72,24.88,24.75,24.7,24.65,24.79,24.94,24.64,24.68,24.68,24.93,25.08,24.88,24.84,24.76,24.69,24.94,24.8,24.65,24.69,24.78,24.88,24.8,24.79,24.72,24.8,24.95,25.03,24.87,24.73,24.8,24.9,24.86,24.5,24.65,24.78,24.84,24.9,24.71,24.72,24.72,24.92,25.0,24.81,24.73,24.91,24.94,24.92,24.75,24.76,24.72,24.87,24.8,24.87,24.81,24.82,24.78,24.92,24.92,25.03,25.0,24.92,24.94,25.0,24.92,24.66,24.77,25.0,24.8,24.79,24.69,24.75,24.82,24.85,24.89,25.14,25.03,25.03,25.02,24.88,24.7,24.75,24.86,24.9,24.89,24.81,24.86,24.75,24.86,24.92,25.17,25.38,25.14,25.08,25.06,24.91,24.83,24.77,24.86,24.87,24.88,24.91,24.77,24.86,24.96,24.96,25.13,25.57,25.31,25.06,24.97,25.0,24.87,24.84,24.84,24.9,24.8,24.82,24.97,24.79,24.89,25.03,25.06,25.63,25.56,25.28,25.15,25.09,25.0,24.83,24.79,24.83,24.88,24.88,24.79,24.84,24.92,25.03,25.5,25.7,25.72,25.72,25.7,25.08,24.94,24.71,24.95,24.94,24.95,24.92,24.8,24.82,24.98,25.06,25.65,25.76,25.78,25.66,25.7,25.12,24.84,24.9,24.69,25.05,24.94,25.0,24.92,24.8,24.96,24.93,25.13,25.38,25.55,25.47,25.28,24.95,24.88,24.83,24.84,24.84,24.88,24.94,24.98,24.87,24.99,24.92,24.97,25.0,25.44,25.56,25.38,25.05,25.08,24.92,24.79,24.75,24.76,24.89,24.95,24.94,24.84,24.84,24.94,25.11,25.22,25.4,25.04,24.76,25.06,24.89
25.6,26.34,24.5,24.8,24.7,24.48,24.34,24.69,24.66,24.75,24.56,24.56,24.44,24.67,24.95,24.91,24.59,24.98,24.69,24.8,24.56,24.56,24.66,24.75,24.83,24.78,24.7,24.66,24.69,25.03,24.94,24.74,24.34,24.98,24.94,24.78,24.59,24.69,24.87,24.92,24.8,24.8,24.8,24.77,24.84,24.87,24.69,24.8,24.67,24.88,24.75,24.7,24.65,24.76,24.94,24.66,24.68,24.66,24.87,25.08,24.88,24.87,24.76,24.69,24.9,24.85,24.69,24.69,24.78,24.88,24.8,24.83,24.69,24.77,24.92,25.06,24.87,24.77,24.8,24.87,24.86,24.55,24.7,24.78,24.84,24.94,24.74,24.69,24.69,24.89,25.03,24.84,24.77,24.91,24.94,24.92,24.75,24.8,24.69,24.87,24.8,24.87,24.84,24.82,24.75,24.89,24.89,25.03,25.03,24.92,24.94,24.96,24.95,24.66,24.77,25.0,24.8,24.83,24.69,24.75,24.82,24.82,24.89,25.17,25.03,25.03,25.0,24.88,24.7,24.75,24.86,24.84,24.85,24.84,24.86,24.75,24.89,24.89,25.17,25.38,25.17,25.08,25.06,24.88,24.83,24.77,24.86,24.87,24.88,24.91,24.77,24.89,24.96,24.96,25.1,25.57,25.31,25.06,24.94,24.96,24.87,24.84,24.84,24.87,24.8,24.8,25.0,24.82,24.89,25.03,25.03,25.63,25.56,25.25,25.15,25.09,25.04,24.83,24.75,24.83,24.84,24.88,24.83,24.84,24.92,25.03,25.5,25.7,25.69,25.72,25.7,25.08,24.91,24.75,24.95,24.94,24.95,24.92,24.8,24.8,24.95,25.06,25.62,25.78,25.78,25.66,25.7,25.12,24.84,24.95,24.69,25.09,24.94,25.04,24.92,24.8,24.96,24.96,25.13,25.41,25.55,25.47,25.28,24.95,24.88,24.83,24.78,24.89,24.88,24.94,24.98,24.87,24.95,24.92,25.0,25.04,25.44,25.56,25.34,25.09,25.12,24.92,24.73,24.75,24.71,24.89,24.98,24.9,24.84,24.84,24.94,25.11,25.26,25.4,25.0,24.71,25.06,24.89
25.69,26.34,24.57,24.8,24.7,24.48,24.39,24.72,24.66,24.75,24.56,24.6,24.48,24.67,24.9,24.91,24.66,25.05,24.75,24.75,24.61,24.56,24.69,24.75,24.83,24.82,24.73,24.69,24.65,24.99,24.9,24.74,24.4,24.98,24.88,24.78,24.63,24.69,24.87,24.92,24.8,24.8,24.8,24.77,24.84,24.83,24.72,24.8,24.63,24.82,24.75,24.74,24.68,24.76,24.88,24.66,24.71,24.68,24.87,25.02,24.88,24.87,24.82,24.69,24.86,24.81,24.69,24.72,24.78,24.88,24.77,24.86,24.72,24.8,24.92,25.03,24.87,24.8,24.8,24.87,24.82,24.55,24.74,24.82,24.82,24.94,24.74,24.69,24.69,24.86,25.0,24.84,24.8,24.91,24.97,24.92,24.75,24.84,24.72,24.87,24.8,24.87,24.88,24.85,24.75,24.86,24.89,25.03,25.06,24.95,24.94,24.93,24.95,24.66,24.77,24.97,24.78,24.83,24.69,24.75,24.79,24.82,24.89,25.17,25.03,25.03,25.0,24.85,24.73,24.75,24.86,24.84,24.85,24.84,24.89,24.78,24.86,24.92,25.17,25.38,25.2,25.08,25.06,24.88,24.86,24.81,24.86,24.83,24.85,24.91,24.8,24.89,24.96,24.93,25.1,25.6,25.31,25.06,24.94,24.96,24.87,24.84,24.84,24.83,24.83,24.8,25.0,24.85,24.86,25.0,25.06,25.66,25.56,25.25,25.12,25.06,25.07,24.86,24.79,24.83,24.84,24.88,24.86,24.84,24.92,25.0,25.52,25.73,25.69,25.69,25.65,25.08,24.91,24.79,24.86,24.9,24.99,24.92,24.8,24.8,24.89,25.06,25.65,25.82,25.82,25.66,25.7,25.12,24.88,24.95,24.64,25.05,24.94,25.04,24.92,24.8,24.96,24.96,25.22,25.46,25.61,25.47,25.25,24.98,24.88,24.88,24.78,24.84,24.88,24.94,24.98,24.83,24.92,24.95,25.03,25.04,25.44,25.56,25.31,25.09,25.12,24.92,24.73,24.69,24.76,24.93,24.98,24.86,24.81,24.88,24.97,25.14,25.29,25.4,24.96,24.76,25.01,24.82
25.79,26.34,24.63,24.8,24.7,24.48,24.43,24.76,24.66,24.75,24.56,24.64,24.52,24.67,24.85,24.91,24.72,25.12,24.81,24.7,24.65,24.56,24.73,24.75,24.83,24.85,24.76,24.72,24.62,24.96,24.86,24.74,24.45,24.98,24.83,24.78,24.68,24.69,24.87,24.92,24.8,24.8,24.8,24.77,24.84,24.8,24.76,24.8,24.58,24.77,24.75,24.78,24.71,24.76,24.82,24.66,24.75,24.71,24.87,24.95,24.88,24.87,24.88,24.69,24.82,24.77,24.69,24.76,24.78,24.88,24.74,24.9,24.75,24.83,24.92,25.0,24.87,24.83,24.8,24.87,24.79,24.55,24.78,24.85,24.79,24.94,24.74,24.69,24.69,24.83,24.98,24.84,24.83,24.91,24.99,24.92,24.75,24.88,24.76,24.87,24.8,24.87,24.91,24.88,24.75,24.83,24.89,25.03,25.09,24.97,24.94,24.9,24.95,24.66,24.77,24.94,24.75,24.83,24.69,24.75,24.76,24.82,24.89,25.17,25.03,25.03,25.0,24.82,24.76,24.75,24.86,24.84,24.85,24.84,24.93,24.81,24.83,24.95,25.17,25.38,25.23,25.08,25.06,24.88,24.9,24.84,24.86,24.8,24.82,24.91,24.83,24.89,24.96,24.9,25.1,25.62,25.31,25.06,24.94,24.96,24.87,24.84,24.84,24.8,24.86,24.8,25.0,24.88,24.83,24.98,25.09,25.69,25.56,25.25,25.09,25.03,25.11,24.9,24.82,24.83,24.84,24.88,24.9,24.84,24.92,24.98,25.55,25.76,25.69,25.67,25.59,25.08,24.91,24.82,24.78,24.86,25.02,24.92,24.8,24.8,24.83,25.06,25.68,25.85,25.85,25.66,25.7,25.12,24.92,24.95,24.59,25.01,24.94,25.04,24.92,24.8,24.96,24.96,25.31,25.52,25.67,25.47,25.22,25.01,24.88,24.92,24.78,24.8,24.88,24.94,24.98,24.8,24.88,24.98,25.06,25.04,25.44,25.56,25.28,25.09,25.12,24.92,24.73,24.63,24.8,24.98,24.98,24.82,24.77,24.92,25.0,25.17,25.33,25.4,24.91,24.8,24.95,24.76
25.91,26.34,24.7,24.75,24.7,24.48,24.48,24.8,24.66,24.77,24.58,24.69,24.57,24.72,24.8,24.85,24.82,25.12,24.88,24.62,24.67,24.58,24.79,24.73,24.8,24.87,24.8,24.72,24.58,24.92,24.81,24.79,24.53,25.05,24.75,24.78,24.72,24.71,24.87,24.89,24.83,24.8,24.84,24.8,24.84,24.76,24.82,24.84,24.54,24.72,24.75,24.82,24.8,24.76,24.76,24.66,24.78,24.75,24.87,24.89,24.86,24.9,24.93,24.69,24.76,24.75,24.72,24.82,24.78,24.88,24.73,24.95,24.8,24.83,24.91,24.97,24.85,24.85,24.84,24.87,24.77,24.55,24.82,24.88,24.76,24.92,24.74,24.69,24.69,24.82,24.95,24.84,24.88,24.95,25.02,24.89,24.75,24.92,24.79,24.83,24.8,24.84,24.94,24.92,24.76,24.81,24.86,25.02,25.12,25.03,24.95,24.83,24.95,24.66,24.8,24.89,24.72,24.83,24.69,24.75,24.76,24.81,24.89,25.17,25.03,25.05,25.0,24.78,24.76,24.75,24.89,24.82,24.83,24.81,24.96,24.83,24.83,24.96,25.14,25.38,25.27,25.09,25.06,24.88,24.91,24.89,24.89,24.8,24.78,24.9,24.83,24.88,24.99,24.88,25.07,25.62,25.3,25.08,24.95,24.96,24.87,24.84,24.86,24.8,24.88,24.78,24.98,24.9,24.83,24.96,25.13,25.7,25.55,25.25,25.06,25.0,25.09,24.9,24.84,24.84,24.84,24.86,24.91,24.88,24.92,24.96,25.56,25.77,25.67,25.67,25.54,25.06,24.88,24.88,24.69,24.86,25.07,24.92,24.8,24.8,24.8,25.05,25.68,25.88,25.88,25.68,25.73,25.12,24.92,24.88,24.56,25.01,24.98,25.0,24.89,24.8,24.96,24.98,25.42,25.58,25.71,25.47,25.2,25.03,24.88,24.92,24.81,24.8,24.88,24.96,24.97,24.8,24.85,25.03,25.11,25.09,25.42,25.52,25.23,25.09,25.1,24.87,24.69,24.57,24.88,25.02,24.98,24.78,24.73,24.94,25.07,25.22,25.36,25.36,24.89,24.85,24.89,24.66
26.02,26.34,24.7,24.69,24.7,24.48,24.48,24.8,24.66,24.81,24.62,24.73,24.57,24.76,24.8,24.79,24.89,25.05,24.88,24.57,24.67,24.62,24.82,24.69,24.77,24.87,24.83,24.69,24.58,24.92,24.77,24.83,24.58,25.12,24.7,24.78,24.72,24.74,24.87,24.86,24.86,24.8,24.9,24.83,24.84,24.76,24.86,24.88,24.54,24.72,24.75,24.82,24.87,24.76,24.73,24.66,24.78,24.78,24.87,24.85,24.83,24.93,24.93,24.69,24.72,24.75,24.76,24.86,24.78,24.88,24.73,24.98,24.83,24.8,24.88,24.97,24.82,24.85,24.9,24.87,24.77,24.55,24.82,24.88,24.76,24.89,24.74,24.69,24.69,24.82,24.95,24.84,24.91,24.98,25.02,24.86,24.75,24.92,24.79,24.8,24.8,24.81,24.94,24.95,24.79,24.81,24.83,24.99,25.12,25.06,24.98,24.8,24.95,24.66,24.83,24.86,24.72,24.83,24.69,24.75,24.79,24.81,24.89,25.17,25.03,25.07,25.0,24.75,24.73,24.75,24.93,24.82,24.8,24.78,24.96,24.83,24.86,24.96,25.12,25.38,25.3,25.09,25.06,24.88,24.91,24.93,24.93,24.83,24.75,24.86,24.8,24.88,25.02,24.88,25.05,25.6,25.27,25.1,24.98,24.96,24.87,24.84,24.86,24.83,24.88,24.78,24.95,24.9,24.86,24.99,25.16,25.68,25.52,25.25,25.06,25.0,25.02,24.86,24.84,24.88,24.84,24.83,24.91,24.91,24.92,24.99,25.56,25.77,25.64,25.69,25.51,25.06,24.84,24.92,24.65,24.9,25.11,24.92,24.8,24.8,24.83,25.05,25.65,25.88,25.88,25.71,25.77,25.12,24.88,24.8,24.56,25.05,25.01,24.97,24.86,24.8,24.96,25.01,25.47,25.61,25.71,25.47,25.2,25.03,24.88,24.88,24.87,24.84,24.88,24.96,24.94,24.83,24.85,25.06,25.14,25.15,25.39,25.49,25.2,25.09,25.05,24.81,24.69,24.57,24.92,25.02,24.98,24.78,24.73,24.94,25.11,25.25,25.4,25.33,24.89,24.85,24.84,24.6
26.13,26.34,24.7,24.66,24.72,24.51,24.48,24.78,24.66,24.82,24.66,24.77,24.57,24.78,24.83,24.8,24.95,24.98,24.88,24.54,24.69,24.66,24.86,24.65,24.75,24.87,24.87,24.64,24.58,24.92,24.73,24.85,24.64,25.15,24.65,24.78,24.72,24.78,24.85,24.84,24.88,24.81,24.95,24.84,24.84,24.76,24.89,24.92,24.54,24.72,24.75,24.82,24.92,24.76,24.68,24.66,24.77,24.81,24.87,24.8,24.8,24.95,24.93,24.69,24.68,24.75,24.8,24.89,24.78,24.88,24.73,25.0,24.86,24.78,24.84,24.96,24.81,24.87,24.95,24.85,24.76,24.55,24.82,24.88,24.76,24.85,24.74,24.69,24.69,24.81,24.95,24.83,24.94,25.0,25.02,24.84,24.75,24.9,24.79,24.78,24.82,24.78,24.92,24.96,24.82,24.82,24.81,24.96,25.12,25.08,25.02,24.78,24.94,24.66,24.89,24.84,24.73,24.81,24.69,24.75,24.82,24.82,24.88,25.16,25.03,25.1,25.0,24.72,24.7,24.75,24.96,24.84,24.77,24.77,24.95,24.83,24.89,24.96,25.09,25.36,25.31,25.09,25.05,24.88,24.9,24.95,24.96,24.87,24.72,24.83,24.78,24.89,25.03,24.89,25.03,25.56,25.24,25.12,25.02,24.94,24.85,24.86,24.86,24.87,24.88,24.78,24.92,24.9,24.89,25.02,25.19,25.64,25.5,25.25,25.08,25.0,24.95,24.83,24.84,24.91,24.84,24.8,24.93,24.94,24.94,25.02,25.56,25.77,25.62,25.71,25.47,25.06,24.81,24.94,24.6,24.92,25.12,24.91,24.8,24.81,24.88,25.06,25.62,25.88,25.88,25.73,25.78,25.12,24.84,24.73,24.56,25.09,25.03,24.94,24.84,24.81,24.96,25.05,25.53,25.64,25.72,25.47,25.2,25.03,24.88,24.83,24.92,24.89,24.88,24.94,24.91,24.87,24.87,25.09,25.16,25.2,25.36,25.45,25.17,25.07,25.01,24.78,24.73,24.57,24.95,25.0,24.96,24.78,24.75,24.96,25.12,25.27,25.44,25.31,24.87,24.83,24.75,24.56
26.24,26.34,24.7,24.66,24.78,24.55,24.52,24.74,24.66,24.82,24.69,24.77,24.57,24.78,24.83,24.86,24.95,24.98,24.88,24.59,24.74,24.66,24.86,24.65,24.75,24.87,24.87,24.61,24.58,24.92,24.73,24.85,24.64,25.08,24.65,24.78,24.72,24.75,24.82,24.88,24.84,24.81,24.91,24.82,24.84,24.8,24.89,24.92,24.5,24.72,24.75,24.82,24.88,24.76,24.65,24.69,24.73,24.81,24.87,24.78,24.8,24.91,24.93,24.69,24.68,24.75,24.8,24.89,24.78,24.88,24.75,24.97,24.86,24.78,24.84,24.93,24.84,24.87,24.95,24.82,24.76,24.59,24.82,24.88,24.76,24.82,24.74,24.69,24.69,24.78,24.95,24.8,24.97,25.0,25.02,24.88,24.75,24.9,24.79,24.78,24.82,24.78,24.89,24.93,24.82,24.82,24.81,24.99,25.12,25.08,25.02,24.78,24.9,24.69,24.92,24.84,24.76,24.81,24.69,24.75,24.82,24.82,24.88,25.13,25.03,25.07,25.0,24.72,24.7,24.75,24.96,24.84,24.77,24.77,24.91,24.83,24.92,24.96,25.06,25.34,25.28,25.09,25.02,24.91,24.87,24.91,24.96,24.87,24.72,24.79,24.78,24.89,25.03,24.92,25.03,25.48,25.21,25.12,25.02,24.94,24.82,24.86,24.86,24.9,24.88,24.78,24.89,24.93,24.89,25.02,25.19,25.59,25.45,25.25,25.08,24.97,24.92,24.83,24.84,24.94,24.81,24.8,24.97,24.97,24.97,25.02,25.51,25.75,25.62,25.68,25.38,25.0,24.81,24.94,24.64,24.88,25.09,24.88,24.8,24.84,24.9,25.06,25.59,25.88,25.88,25.76,25.69,25.09,24.84,24.73,24.61,25.09,24.99,24.94,24.84,24.84,24.96,25.08,25.58,25.67,25.76,25.5,25.2,25.03,24.84,24.83,24.98,24.94,24.88,24.9,24.91,24.9,24.9,25.12,25.19,25.27,25.39,25.45,25.14,25.03,24.96,24.84,24.79,24.57,24.9,24.96,24.92,24.78,24.79,24.99,25.12,25.27,25.48,25.28,24.82,24.78,24.7,24.56
26.36,26.34,24.7,24.66,24.84,24.59,24.58,24.69,24.64,24.82,24.75,24.77,24.57,24.78,24.8,24.89,24.95,24.98,24.88,24.65,24.78,24.66,24.86,24.65,24.75,24.85,24.87,24.6,24.58,24.92,24.73,24.83,24.64,25.02,24.65,24.78,24.72,24.7,24.78,24.92,24.8,24.8,24.87,24.77,24.84,24.83,24.89,24.9,24.45,24.72,24.75,24.8,24.82,24.78,24.64,24.72,24.7,24.81,24.88,24.75,24.8,24.85,24.93,24.69,24.7,24.75,24.78,24.89,24.78,24.88,24.78,24.91,24.86,24.78,24.86,24.91,24.87,24.85,24.95,24.78,24.77,24.63,24.8,24.88,24.76,24.77,24.72,24.69,24.69,24.75,24.95,24.75,25.0,25.0,25.02,24.92,24.75,24.9,24.79,24.78,24.8,24.78,24.84,24.9,24.82,24.82,24.82,25.03,25.12,25.08,25.02,24.78,24.85,24.75,24.95,24.84,24.79,24.81,24.69,24.75,24.82,24.82,24.88,25.09,25.03,25.02,25.0,24.72,24.7,24.73,24.95,24.85,24.78,24.75,24.86,24.83,24.95,24.98,25.03,25.31,25.24,25.09,25.0,24.96,24.84,24.88,24.95,24.87,24.72,24.76,24.78,24.88,25.03,24.95,25.03,25.37,25.17,25.11,25.02,24.96,24.78,24.86,24.84,24.95,24.88,24.8,24.84,24.96,24.88,25.02,25.19,25.52,25.37,25.25,25.06,24.95,24.87,24.85,24.86,24.97,24.76,24.8,25.0,25.0,25.0,25.02,25.43,25.72,25.62,25.64,25.25,24.9,24.83,24.94,24.7,24.82,25.04,24.84,24.82,24.88,24.93,25.06,25.57,25.88,25.88,25.78,25.55,25.04,24.86,24.73,24.69,25.07,24.94,24.94,24.84,24.88,24.94,25.12,25.67,25.72,25.8,25.54,25.19,25.03,24.78,24.85,25.06,24.98,24.88,24.84,24.92,24.95,24.95,25.16,25.23,25.36,25.44,25.47,25.09,24.96,24.89,24.92,24.89,24.57,24.85,24.91,24.88,24.8,24.84,25.03,25.12,25.28,25.53,25.22,24.78,24.73,24.64,24.56
26.44,26.34,24.7,24.66,24.84,24.59,24.58,24.65,24.6,24.79,24.75,24.81,24.57,24.74,24.76,24.84,24.95,24.98,24.81,24.59,24.78,24.66,24.83,24.61,24.75,24.82,24.87,24.63,24.55,24.92,24.73,24.79,24.64,25.02,24.65,24.82,24.72,24.7,24.75,24.92,24.8,24.77,24.84,24.77,24.84,24.83,24.93,24.9,24.45,24.72,24.75,24.76,24.82,24.78,24.67,24.72,24.7,24.81,24.88,24.75,24.8,24.82,24.93,24.65,24.7,24.75,24.78,24.89,24.78,24.84,24.78,24.88,24.86,24.78,24.89,24.91,24.87,24.82,24.95,24.78,24.77,24.63,24.76,24.88,24.76,24.77,24.69,24.66,24.69,24.78,24.92,24.72,24.97,25.0,25.02,24.92,24.75,24.86,24.79,24.78,24.8,24.75,24.81,24.9,24.82,24.82,24.82,25.0,25.12,25.08,25.05,24.78,24.78,24.75,24.95,24.84,24.79,24.78,24.69,24.75,24.85,24.82,24.88,25.06,25.03,25.02,25.0,24.72,24.7,24.69,24.95,24.92,24.82,24.72,24.82,24.86,24.95,24.98,25.03,25.31,25.24,25.09,25.02,24.96,24.84,24.88,24.95,24.87,24.72,24.76,24.81,24.88,25.03,24.95,25.03,25.31,25.17,25.09,25.05,24.96,24.78,24.86,24.84,24.95,24.88,24.8,24.81,24.96,24.88,25.02,25.19,25.5,25.28,25.22,25.06,24.97,24.83,24.85,24.9,24.97,24.76,24.8,24.97,24.97,24.97,24.99,25.38,25.69,25.57,25.59,25.19,24.87,24.79,24.9,24.7,24.82,25.0,24.84,24.85,24.91,24.93,25.06,25.54,25.86,25.86,25.72,25.45,25.0,24.86,24.69,24.74,25.03,24.9,24.9,24.84,24.9,24.91,25.08,25.67,25.75,25.83,25.54,25.12,25.0,24.78,24.9,25.06,24.94,24.88,24.81,24.92,24.99,24.95,25.12,25.27,25.39,25.47,25.51,25.06,24.88,24.84,24.92,24.96,24.57,24.85,24.96,24.88,24.84,24.88,25.03,25.16,25.35,25.57,25.22,24.78,24.73,24.58,24.63
26.58,26.34,24.66,24.66,24.84,24.59,24.56,24.59,24.56,24.75,24.75,24.84,24.55,24.67,24.71,24.78,24.92,24.98,24.69,24.54,24.78,24.66,24.76,24.55,24.75,24.78,24.87,24.66,24.52,24.94,24.75,24.75,24.61,24.98,24.67,24.89,24.7,24.7,24.7,24.92,24.8,24.72,24.79,24.77,24.84,24.87,24.97,24.9,24.45,24.74,24.75,24.7,24.8,24.76,24.72,24.73,24.68,24.8,24.87,24.77,24.8,24.8,24.91,24.6,24.7,24.75,24.78,24.88,24.78,24.8,24.8,24.83,24.84,24.77,24.92,24.92,24.87,24.77,24.95,24.78,24.77,24.66,24.7,24.87,24.77,24.77,24.66,24.62,24.69,24.82,24.89,24.69,24.92,25.0,25.01,24.92,24.75,24.8,24.77,24.78,24.8,24.73,24.77,24.89,24.82,24.82,24.82,24.96,25.1,25.06,25.09,24.8,24.7,24.75,24.95,24.84,24.8,24.74,24.69,24.75,24.89,24.82,24.89,25.03,25.03,25.02,25.0,24.73,24.7,24.66,24.95,25.0,24.85,24.69,24.77,24.89,24.96,24.96,25.03,25.31,25.24,25.08,25.06,24.96,24.84,24.86,24.95,24.87,24.73,24.74,24.84,24.89,25.03,24.96,25.03,25.23,25.17,25.06,25.09,24.96,24.78,24.84,24.84,24.95,24.88,24.8,24.77,24.96,24.89,25.03,25.17,25.45,25.15,25.19,25.08,25.02,24.78,24.83,24.94,24.98,24.76,24.8,24.91,24.92,24.92,24.96,25.3,25.64,25.48,25.52,25.13,24.84,24.73,24.84,24.73,24.84,24.95,24.84,24.88,24.94,24.95,25.06,25.48,25.8,25.8,25.64,25.31,24.95,24.84,24.62,24.81,24.98,24.84,24.87,24.84,24.95,24.88,25.05,25.64,25.78,25.85,25.54,25.04,24.95,24.78,24.95,25.06,24.89,24.88,24.75,24.91,25.04,24.95,25.08,25.31,25.44,25.52,25.56,25.03,24.78,24.77,24.92,25.05,24.6,24.83,25.0,24.88,24.9,24.94,25.03,25.19,25.44,25.62,25.22,24.78,24.71,24.5,24.73
26.68,26.34,24.6,24.66,24.84,24.59,24.52,24.56,24.54,24.75,24.77,24.82,24.5,24.63,24.73,24.78,24.86,24.94,24.59,24.57,24.78,24.66,24.7,24.53,24.75,24.78,24.87,24.66,24.52,24.98,24.79,24.75,24.56,24.92,24.72,24.91,24.65,24.68,24.66,24.92,24.78,24.69,24.76,24.76,24.84,24.94,24.95,24.88,24.48,24.8,24.75,24.65,24.75,24.72,24.75,24.76,24.65,24.77,24.84,24.8,24.82,24.8,24.89,24.58,24.72,24.75,24.78,24.84,24.78,24.78,24.82,24.79,24.81,24.73,24.92,24.95,24.87,24.75,24.95,24.78,24.79,24.68,24.68,24.83,24.79,24.77,24.67,24.6,24.69,24.83,24.9,24.69,24.91,24.98,24.96,24.92,24.77,24.76,24.74,24.78,24.79,24.74,24.75,24.86,24.82,24.82,24.83,24.95,25.07,25.04,25.11,24.83,24.68,24.77,24.93,24.84,24.83,24.76,24.7,24.75,24.9,24.82,24.9,25.05,25.03,25.0,24.98,24.76,24.7,24.68,24.93,25.02,24.85,24.7,24.76,24.89,24.98,24.93,25.05,25.31,25.23,25.03,25.08,24.96,24.84,24.84,24.93,24.87,24.76,24.72,24.84,24.9,25.02,24.99,25.03,25.18,25.16,25.06,25.11,24.96,24.78,24.81,24.82,24.95,24.88,24.8,24.73,24.95,24.9,25.06,25.14,25.38,25.06,25.16,25.09,25.03,24.75,24.79,24.92,25.0,24.76,24.8,24.88,24.89,24.91,24.98,25.24,25.59,25.38,25.48,25.13,24.84,24.71,24.81,24.75,24.88,24.94,24.84,24.86,24.94,24.97,25.06,25.39,25.75,25.72,25.57,25.23,24.94,24.82,24.58,24.84,24.98,24.81,24.87,24.84,24.96,24.89,25.06,25.58,25.77,25.79,25.51,25.02,24.93,24.78,24.95,25.03,24.89,24.88,24.73,24.88,25.06,24.95,25.06,25.34,25.47,25.53,25.57,25.03,24.76,24.73,24.92,25.09,24.66,24.78,25.0,24.88,24.92,24.98,25.03,25.21,25.46,25.66,25.22,24.8,24.69,24.47,24.76
26.8,26.34,24.5,24.66,24.84,24.59,24.45,24.5,24.48,24.75,24.82,24.77,24.44,24.56,24.8,24.78,24.76,24.83,24.5,24.65,24.78,24.66,24.65,24.53,24.75,24.78,24.87,24.66,24.52,25.03,24.84,24.75,24.48,24.82,24.8,24.91,24.59,24.63,24.61,24.92,24.73,24.64,24.71,24.72,24.84,25.04,24.89,24.82,24.54,24.88,24.75,24.59,24.65,24.67,24.8,24.8,24.59,24.73,24.8,24.85,24.87,24.8,24.84,24.58,24.78,24.75,24.78,24.78,24.78,24.78,24.87,24.74,24.77,24.69,24.92,25.0,24.87,24.75,24.95,24.78,24.84,24.68,24.68,24.78,24.79,24.77,24.72,24.6,24.69,24.83,24.95,24.69,24.91,24.93,24.87,24.92,24.81,24.7,24.69,24.78,24.75,24.78,24.75,24.82,24.82,24.82,24.88,24.95,25.03,25.0,25.11,24.88,24.68,24.82,24.88,24.84,24.88,24.81,24.76,24.75,24.9,24.82,24.9,25.09,25.03,24.95,24.93,24.8,24.7,24.73,24.88,25.02,24.85,24.75,24.76,24.89,24.98,24.89,25.09,25.31,25.19,24.94,25.08,24.96,24.84,24.84,24.88,24.87,24.8,24.72,24.84,24.9,24.98,25.03,25.03,25.1,25.12,25.06,25.11,24.96,24.78,24.75,24.77,24.95,24.88,24.8,24.69,24.9,24.9,25.1,25.1,25.26,24.93,25.12,25.09,25.03,24.7,24.74,24.86,25.0,24.76,24.8,24.83,24.84,24.91,25.02,25.16,25.51,25.2,25.4,25.13,24.84,24.71,24.75,24.75,24.94,24.94,24.84,24.82,24.94,25.02,25.06,25.27,25.66,25.54,25.43,25.14,24.94,24.82,24.52,24.84,24.98,24.75,24.87,24.84,24.96,24.94,25.12,25.5,25.72,25.66,25.41,25.02,24.93,24.78,24.95,24.94,24.89,24.88,24.73,24.83,25.06,24.95,25.06,25.39,25.52,25.53,25.52,25.03,24.76,24.66,24.92,25.09,24.75,24.71,25.0,24.88,24.92,25.03,25.03,25.26,25.46,25.72,25.22,24.87,24.69,24.47,24.76
26.89,26.34,24.5,24.66,24.84,24.59,24.45,24.5,24.44,24.71,24.82,24.73,24.44,24.52,24.8,24.78,24.69,24.83,24.5,24.7,24.78,24.62,24.61,24.57,24.75,24.78,24.83,24.7,24.48,25.03,24.88,24.75,24.42,24.75,24.86,24.91,24.59,24.55,24.58,24.92,24.7,24.61,24.65,24.69,24.84,25.07,24.86,24.78,24.54,24.88,24.75,24.59,24.57,24.64,24.83,24.83,24.59,24.7,24.77,24.89,24.94,24.8,24.84,24.58,24.82,24.75,24.78,24.74,24.78,24.78,24.9,24.71,24.73,24.69,24.95,25.0,24.9,24.75,24.92,24.78,24.88,24.68,24.72,24.78,24.76,24.8,24.76,24.6,24.69,24.83,24.95,24.69,24.91,24.9,24.83,24.92,24.84,24.7,24.69,24.78,24.72,24.81,24.78,24.79,24.79,24.79,24.9,24.98,25.03,25.0,25.08,24.88,24.68,24.86,24.84,24.84,24.88,24.85,24.79,24.75,24.88,24.79,24.9,25.12,25.03,24.88,24.9,24.83,24.73,24.77,24.84,24.98,24.89,24.78,24.79,24.92,24.95,24.86,25.12,25.31,25.16,24.91,25.08,24.96,24.84,24.84,24.84,24.83,24.83,24.76,24.88,24.88,24.95,25.03,25.03,25.07,25.12,25.04,25.08,24.96,24.78,24.71,24.77,24.92,24.88,24.77,24.69,24.9,24.88,25.07,25.07,25.23,24.87,25.1,25.06,25.0,24.73,24.74,24.82,24.97,24.76,24.83,24.79,24.81,24.91,24.99,25.11,25.45,25.12,25.32,25.13,24.8,24.71,24.71,24.75,24.94,24.94,24.84,24.79,24.94,24.98,25.04,25.21,25.63,25.45,25.34,25.08,24.94,24.86,24.52,24.84,24.94,24.71,24.87,24.84,24.96,24.98,25.12,25.44,25.69,25.59,25.35,25.02,24.93,24.78,24.99,24.82,24.84,24.88,24.77,24.83,25.02,24.92,25.06,25.42,25.52,25.56,25.49,25.03,24.76,24.66,24.92,25.02,24.75,24.66,25.04,24.88,24.88,25.03,25.03,25.33,25.46,25.72,25.22,24.91,24.73,24.53,24.76
27.0,26.34,24.5,24.66,24.84,24.59,24.45,24.5,24.44,24.66,24.77,24.68,24.44,24.45,24.73,24.78,24.59,24.83,24.5,24.7,24.78,24.62,24.55,24.63,24.75,24.78,24.73,24.75,24.48,25.03,24.94,24.75,24.34,24.66,24.94,24.91,24.59,24.5,24.52,24.92,24.7,24.61,24.56,24.69,24.84,25.12,24.8,24.72,24.54,24.88,24.81,24.65,24.47,24.59,24.83,24.88,24.65,24.66,24.73,24.94,24.98,24.8,24.84,24.53,24.82,24.75,24.72,24.69,24.78,24.78,24.94,24.66,24.69,24.69,25.0,25.0,24.94,24.75,24.88,24.78,24.88,24.68,24.72,24.78,24.76,24.85,24.76,24.6,24.69,24.83,24.95,24.73,24.86,24.9,24.83,24.92,24.84,24.7,24.69,24.78,24.72,24.85,24.78,24.75,24.79,24.75,24.95,24.98,25.03,25.0,25.03,24.93,24.68,24.92,24.79,24.84,24.88,24.85,24.75,24.75,24.83,24.79,24.95,25.12,25.03,24.84,24.9,24.88,24.78,24.77,24.79,24.94,24.94,24.78,24.79,24.92,24.95,24.82,25.12,25.31,25.12,24.91,25.11,24.96,24.84,24.79,24.79,24.83,24.88,24.76,24.88,24.83,24.9,25.03,25.03,25.03,25.12,25.0,25.08,24.96,24.78,24.66,24.77,24.92,24.88,24.73,24.69,24.9,24.88,24.99,25.03,25.14,24.82,25.06,25.02,25.0,24.78,24.74,24.82,24.97,24.76,24.88,24.74,24.81,24.91,24.9,25.03,25.28,24.99,25.21,25.13,24.76,24.71,24.66,24.81,24.94,24.88,24.84,24.79,24.94,24.94,25.0,25.13,25.51,25.33,25.2,24.98,24.88,24.86,24.52,24.84,24.88,24.66,24.87,24.84,24.96,25.03,25.12,25.31,25.6,25.5,25.3,25.02,24.88,24.72,24.99,24.73,24.84,24.82,24.82,24.83,25.02,24.92,25.06,25.47,25.52,25.56,25.44,25.03,24.76,24.59,24.92,25.02,24.75,24.59,25.04,24.82,24.88,25.03,25.08,25.38,25.46,25.66,25.16,24.91,24.8,24.61,24.76
27.11,26.34,24.5,24.66,24.84,24.59,24.41,24.5,24.44,24.62,24.73,24.68,24.44,24.41,24.73,24.78,24.59,24.76,24.5,24.65,24.78,24.66,24.55,24.63,24.75,24.78,24.7,24.75,24.48,25.03,24.94,24.75,24.34,24.66,24.94,24.91,24.59,24.53,24.49,24.89,24.73,24.64,24.56,24.72,24.84,25.12,24.8,24.72,24.58,24.88,24.85,24.7,24.47,24.55,24.8,24.88,24.68,24.66,24.7,24.94,24.98,24.83,24.84,24.5,24.78,24.75,24.72,24.69,24.78,24.78,24.94,24.66,24.69,24.69,25.0,25.0,24.94,24.78,24.88,24.78,24.84,24.63,24.72,24.78,24.76,24.89,24.76,24.6,24.69,24.83,24.95,24.77,24.83,24.9,24.83,24.89,24.84,24.65,24.69,24.78,24.75,24.85,24.78,24.75,24.82,24.75,24.95,24.92,25.03,25.0,25.03,24.96,24.68,24.92,24.79,24.84,24.88,24.81,24.72,24.75,24.83,24.82,24.95,25.12,25.03,24.88,24.9,24.88,24.78,24.77,24.79,24.94,24.94,24.78,24.79,24.92,24.95,24.79,25.12,25.31,25.12,24.91,25.14,24.93,24.84,24.79,24.79,24.87,24.88,24.76,24.88,24.83,24.88,25.03,25.03,25.03,25.12,25.0,25.11,24.93,24.78,24.66,24.77,24.92,24.88,24.7,24.69,24.88,24.9,24.96,25.03,25.09,24.82,25.04,25.02,25.03,24.78,24.71,24.82,24.97,24.79,24.88,24.71,24.81,24.91,24.88,25.03,25.19,24.91,25.15,25.17,24.79,24.68,24.62,24.77,24.98,24.88,24.84,24.79,24.94,24.94,25.0,25.08,25.44,25.24,25.11,25.02,24.88,24.82,24.47,24.79,24.88,24.66,24.83,24.84,24.96,25.06,25.12,25.22,25.55,25.44,25.25,25.02,24.84,24.72,24.95,24.68,24.84,24.78,24.86,24.8,25.02,24.92,25.06,25.47,25.48,25.5,25.37,25.03,24.76,24.55,24.87,25.02,24.75,24.59,25.04,24.78,24.88,25.03,25.11,25.41,25.46,25.62,25.16,24.91,24.85,24.61,24.76
27.22,26.34,24.5,24.66,24.84,24.62,24.41,24.5,24.44,24.6,24.73,24.68,24.44,24.39,24.76,24.78,24.63,24.76,24.5,24.62,24.78,24.68,24.55,24.61,24.75,24.78,24.7,24.73,24.48,25.03,24.94,24.75,24.37,24.66,24.94,24.91,24.61,24.53,24.47,24.88,24.75,24.66,24.56,24.72,24.84,25.12,24.82,24.72,24.61,24.88,24.85,24.72,24.49,24.53,24.78,24.88,24.7,24.66,24.68,24.94,24.98,24.84,24.83,24.5,24.76,24.75,24.74,24.69,24.76,24.77,24.94,24.67,24.69,24.69,25.0,25.0,24.94,24.78,24.86,24.78,24.84,24.63,24.74,24.78,24.76,24.89,24.76,24.6,24.69,24.83,24.95,24.78,24.83,24.88,24.83,24.88,24.86,24.63,24.69,24.76,24.75,24.85,24.8,24.75,24.82,24.75,24.95,24.9,25.03,24.98,25.03,24.96,24.68,24.9,24.79,24.84,24.88,24.81,24.72,24.75,24.83,24.82,24.95,25.12,25.03,24.88,24.9,24.88,24.78,24.77,24.79,24.94,24.94,24.8,24.79,24.92,24.93,24.79,25.12,25.31,25.12,24.91,25.14,24.91,24.84,24.79,24.79,24.87,24.88,24.76,24.88,24.83,24.88,25.03,25.03,25.03,25.12,25.0,25.11,24.91,24.78,24.64,24.79,24.9,24.89,24.7,24.69,24.86,24.92,24.96,25.03,25.07,24.81,25.02,25.02,25.03,24.78,24.69,24.81,24.97,24.81,24.86,24.69,24.81,24.91,24.86,25.02,25.17,24.88,25.13,25.17,24.81,24.66,24.6,24.75,24.98,24.88,24.84,24.79,24.94,24.94,24.98,25.05,25.4,25.2,25.07,25.0,24.88,24.81,24.47,24.79,24.88,24.66,24.82,24.86,24.96,25.06,25.1,25.17,25.52,25.39,25.2,25.0,24.82,24.74,24.95,24.65,24.82,24.78,24.88,24.78,25.02,24.9,25.05,25.47,25.47,25.47,25.32,25.03,24.74,24.55,24.84,24.99,24.75,24.59,25.04,24.78,24.88,25.01,25.11,25.42,25.46,25.59,25.16,24.91,24.85,24.61,24.76
27.32,26.34,24.5,24.66,24.84,24.66,24.41,24.5,24.44,24.56,24.73,24.68,24.44,24.34,24.8,24.78,24.69,24.76,24.5,24.57,24.78,24.71,24.55,24.57,24.75,24.78,24.7,24.7,24.48,25.03,24.94,24.75,24.42,24.66,24.94,24.91,24.65,24.53,24.44,24.84,24.78,24.69,24.56,24.72,24.84,25.12,24.86,24.72,24.65,24.88,24.85,24.76,24.53,24.5,24.75,24.88,24.73,24.66,24.66,24.94,24.98,24.88,24.79,24.5,24.72,24.75,24.78,24.69,24.73,24.73,24.94,24.71,24.69,24.69,25.0,25.0,24.94,24.78,24.83,24.78,24.84,24.63,24.78,24.78,24.76,24.89,24.76,24.6,24.69,24.83,24.95,24.81,24.83,24.85,24.83,24.84,24.89,24.59,24.69,24.73,24.75,24.85,24.83,24.75,24.82,24.75,24.95,24.88,25.03,24.95,25.03,24.96,24.68,24.86,24.79,24.84,24.88,24.81,24.72,24.75,24.83,24.82,24.95,25.12,25.03,24.88,24.9,24.88,24.78,24.77,24.79,24.94,24.94,24.83,24.79,24.92,24.9,24.79,25.12,25.31,25.12,24.91,25.14,24.88,24.84,24.79,24.79,24.87,24.88,24.76,24.88,24.83,24.88,25.03,25.03,25.03,25.12,25.0,25.11,24.88,24.78,24.6,24.82,24.87,24.93,24.7,24.69,24.83,24.95,24.96,25.03,25.05,24.77,25.0,25.02,25.03,24.78,24.66,24.77,24.97,24.84,24.83,24.66,24.81,24.91,24.83,24.99,25.11,24.83,25.08,25.17,24.84,24.63,24.56,24.71,24.98,24.88,24.84,24.79,24.94,24.94,24.95,25.0,25.32,25.12,24.98,24.97,24.88,24.77,24.47,24.79,24.88,24.66,24.78,24.89,24.96,25.06,25.06,25.08,25.46,25.3,25.11,24.97,24.79,24.78,24.95,24.59,24.77,24.78,24.92,24.75,25.02,24.87,25.02,25.47,25.44,25.41,25.22,25.03,24.71,24.55,24.78,24.92,24.75,24.59,25.04,24.78,24.88,24.98,25.11,25.46,25.46,25.52,25.16,24.91,24.85,24.61,24.76
27.42,26.34,24.5,24.66,24.81,24.71,24.45,24.52,24.44,24.56,24.77,24.64,24.46,24.37,24.85,24.78,24.76,24.72,24.59,24.57,24.78,24.75,24.6,24.59,24.75,24.76,24.7,24.66,24.53,25.01,24.94,24.75,24.5,24.66,24.91,24.85,24.72,24.5,24.45,24.83,24.78,24.73,24.56,24.68,24.83,25.11,24.86,24.65,24.69,24.85,24.85,24.8,24.53,24.52,24.72,24.86,24.77,24.67,24.66,24.92,24.98,24.86,24.76,24.55,24.72,24.75,24.78,24.69,24.7,24.73,24.92,24.76,24.69,24.69,25.0,25.0,24.94,24.8,24.81,24.78,24.88,24.61,24.84,24.78,24.76,24.83,24.76,24.66,24.7,24.81,24.98,24.84,24.88,24.81,24.83,24.86,24.92,24.59,24.69,24.7,24.72,24.88,24.86,24.75,24.83,24.76,24.98,24.9,25.03,24.93,25.0,24.96,24.73,24.84,24.74,24.84,24.88,24.85,24.72,24.75,24.81,24.82,24.93,25.12,25.02,24.84,24.9,24.88,24.78,24.77,24.74,24.89,24.94,24.86,24.79,24.89,24.88,24.82,25.1,25.3,25.07,24.91,25.1,24.88,24.84,24.79,24.76,24.87,24.88,24.76,24.83,24.81,24.88,25.02,25.03,25.03,25.07,25.0,25.06,24.88,24.78,24.57,24.82,24.87,24.96,24.73,24.69,24.81,24.93,24.96,25.02,24.99,24.77,25.0,24.98,24.99,24.78,24.66,24.73,24.97,24.86,24.8,24.66,24.86,24.95,24.83,24.96,25.06,24.83,25.04,25.12,24.84,24.69,24.56,24.71,24.94,24.88,24.84,24.79,24.92,24.94,24.92,25.0,25.24,25.03,24.93,24.95,24.88,24.79,24.54,24.76,24.88,24.68,24.78,24.92,24.92,25.06,25.06,25.03,25.36,25.17,25.02,24.99,24.81,24.76,24.92,24.59,24.8,24.78,24.98,24.75,25.02,24.87,25.03,25.45,25.4,25.3,25.09,25.03,24.72,24.55,24.75,24.86,24.78,24.62,24.98,24.76,24.86,24.94,25.11,25.46,25.38,25.39,25.11,24.91,24.85,24.7,24.66
27.53,26.34,24.5,24.66,24.72,24.71,24.45,24.58,24.44,24.56,24.77,24.64,24.52,24.43,24.85,24.78,24.76,24.62,24.69,24.57,24.78,24.75,24.66,24.65,24.75,24.71,24.7,24.66,24.58,24.96,24.94,24.75,24.58,24.66,24.83,24.78,24.78,24.5,24.51,24.78,24.78,24.78,24.56,24.63,24.78,25.06,24.86,24.59,24.69,24.77,24.85,24.8,24.53,24.57,24.72,24.82,24.77,24.71,24.66,24.87,24.98,24.81,24.76,24.6,24.72,24.75,24.78,24.69,24.7,24.73,24.88,24.81,24.69,24.69,25.0,25.0,24.94,24.85,24.85,24.78,24.88,24.55,24.9,24.78,24.76,24.78,24.76,24.75,24.76,24.81,24.98,24.84,24.92,24.81,24.83,24.91,24.92,24.59,24.69,24.7,24.72,24.88,24.86,24.75,24.88,24.81,24.98,24.9,25.03,24.97,25.0,24.96,24.78,24.78,24.69,24.84,24.88,24.85,24.72,24.75,24.81,24.82,24.89,25.12,24.98,24.84,24.9,24.88,24.78,24.77,24.69,24.84,24.94,24.86,24.79,24.89,24.88,24.82,25.06,25.26,25.03,24.91,25.06,24.88,24.84,24.79,24.76,24.87,24.88,24.76,24.78,24.81,24.88,24.98,25.03,25.03,25.03,25.0,25.02,24.88,24.78,24.57,24.82,24.87,24.96,24.73,24.69,24.81,24.89,24.96,24.98,24.9,24.77,25.0,24.94,24.95,24.78,24.66,24.73,24.97,24.91,24.8,24.66,24.91,25.0,24.83,24.96,25.02,24.83,25.0,25.06,24.84,24.75,24.56,24.71,24.94,24.88,24.84,24.79,24.88,24.94,24.92,25.0,25.16,24.94,24.88,24.95,24.88,24.84,24.6,24.69,24.88,24.73,24.78,24.92,24.88,25.06,25.06,24.98,25.22,25.03,24.92,25.04,24.86,24.71,24.85,24.59,24.87,24.78,25.03,24.75,25.02,24.87,25.08,25.41,25.31,25.15,24.98,25.03,24.78,24.55,24.67,24.86,24.87,24.69,24.91,24.71,24.8,24.94,25.11,25.46,25.28,25.22,25.05,24.91,24.85,24.78,24.56
27.66,26.34,24.5,24.66,24.64,24.71,24.45,24.63,24.5,24.56,24.71,24.69,24.59,24.5,24.78,24.78,24.76,24.62,24.69,24.49,24.78,24.75,24.66,24.65,24.75,24.66,24.7,24.66,24.64,24.9,24.94,24.75,24.66,24.66,24.75,24.78,24.84,24.55,24.56,24.72,24.83,24.83,24.56,24.63,24.72,25.0,24.91,24.59,24.63,24.69,24.85,24.8,24.59,24.62,24.72,24.78,24.77,24.75,24.66,24.82,24.93,24.77,24.76,24.6,24.65,24.75,24.78,24.69,24.7,24.69,24.84,24.86,24.69,24.69,25.0,25.0,24.94,24.85,24.9,24.78,24.82,24.55,24.9,24.78,24.8,24.73,24.71,24.8,24.81,24.85,24.93,24.84,24.92,24.86,24.89,24.95,24.88,24.59,24.69,24.7,24.76,24.84,24.81,24.75,24.92,24.85,24.93,24.86,25.03,25.01,25.05,24.96,24.78,24.66,24.69,24.84,24.88,24.79,24.67,24.75,24.85,24.82,24.89,25.07,24.93,24.89,24.95,24.88,24.78,24.71,24.69,24.84,24.94,24.81,24.74,24.89,24.92,24.82,24.98,25.21,25.03,24.95,25.06,24.88,24.84,24.74,24.81,24.87,24.88,24.71,24.73,24.85,24.92,24.93,25.03,25.03,25.03,25.0,25.02,24.88,24.78,24.57,24.88,24.87,24.96,24.73,24.69,24.85,24.89,24.96,24.93,24.86,24.77,25.0,24.94,24.95,24.78,24.66,24.79,25.02,24.95,24.8,24.66,24.95,25.0,24.79,24.96,24.97,24.88,25.0,25.01,24.84,24.75,24.56,24.78,24.94,24.83,24.84,24.83,24.84,24.94,24.92,25.0,25.08,24.94,24.88,24.9,24.83,24.84,24.67,24.69,24.88,24.79,24.78,24.92,24.88,25.01,25.01,24.93,25.14,24.99,24.92,25.04,24.86,24.65,24.78,24.69,24.94,24.78,25.03,24.75,25.07,24.87,25.08,25.36,25.21,25.05,24.98,25.03,24.78,24.55,24.58,24.96,24.96,24.76,24.85,24.65,24.8,24.94,25.11,25.4,25.23,25.05,24.99,24.85,24.78,24.78,24.56
27.74,26.34,24.57,24.66,24.58,24.71,24.45,24.63,24.54,24.56,24.68,24.73,24.63,24.5,24.73,24.78,24.82,24.69,24.69,24.43,24.74,24.75,24.66,24.61,24.72,24.66,24.7,24.7,24.64,24.86,24.9,24.75,24.72,24.66,24.7,24.74,24.84,24.58,24.59,24.69,24.83,24.86,24.59,24.63,24.69,24.94,24.95,24.63,24.63,24.64,24.85,24.8,24.63,24.65,24.69,24.78,24.77,24.75,24.68,24.78,24.86,24.77,24.76,24.6,24.61,24.75,24.78,24.69,24.7,24.66,24.81,24.86,24.72,24.72,25.0,25.0,24.94,24.85,24.9,24.78,24.79,24.55,24.9,24.78,24.83,24.73,24.67,24.8,24.84,24.88,24.9,24.84,24.89,24.9,24.92,24.95,24.84,24.59,24.69,24.73,24.79,24.84,24.78,24.72,24.92,24.85,24.93,24.83,25.0,25.01,25.05,24.96,24.78,24.63,24.69,24.84,24.88,24.76,24.63,24.75,24.85,24.85,24.92,25.05,24.9,24.93,24.98,24.88,24.78,24.68,24.72,24.84,24.94,24.78,24.7,24.86,24.92,24.85,24.92,25.19,25.03,24.98,25.06,24.88,24.84,24.7,24.81,24.87,24.85,24.67,24.7,24.85,24.92,24.9,25.0,25.03,25.03,25.02,25.02,24.88,24.78,24.57,24.92,24.87,24.93,24.75,24.72,24.88,24.89,24.93,24.9,24.86,24.81,25.0,24.94,24.95,24.78,24.66,24.82,25.05,24.95,24.8,24.66,24.98,25.0,24.79,24.93,24.91,24.91,25.0,24.98,24.84,24.75,24.6,24.82,24.94,24.8,24.84,24.86,24.87,24.94,24.89,24.97,24.99,24.94,24.88,24.87,24.8,24.81,24.71,24.74,24.88,24.82,24.78,24.92,24.88,24.98,24.98,24.86,25.05,24.96,24.92,25.0,24.82,24.61,24.78,24.75,24.94,24.78,24.99,24.78,25.11,24.87,25.05,25.33,25.14,25.02,24.95,24.99,24.74,24.55,24.58,25.02,24.96,24.76,24.8,24.65,24.84,24.94,25.11,25.33,25.2,24.98,24.96,24.8,24.73,24.78,24.56
27.88,26.34,24.7,24.66,24.46,24.71,24.45,24.63,24.56,24.56,24.66,24.81,24.72,24.5,24.71,24.78,24.95,24.83,24.69,24.41,24.65,24.69,24.66,24.53,24.65,24.66,24.75,24.76,24.58,24.79,24.82,24.75,24.82,24.66,24.59,24.65,24.84,24.6,24.66,24.62,24.78,24.88,24.66,24.59,24.62,24.8,25.02,24.72,24.63,24.53,24.79,24.74,24.71,24.72,24.67,24.78,24.71,24.75,24.74,24.71,24.79,24.77,24.76,24.65,24.59,24.75,24.84,24.69,24.7,24.59,24.75,24.86,24.78,24.78,25.0,25.0,24.94,24.85,24.9,24.78,24.77,24.55,24.96,24.78,24.84,24.73,24.66,24.8,24.91,24.93,24.85,24.8,24.88,24.91,24.94,24.95,24.83,24.59,24.69,24.8,24.8,24.84,24.77,24.66,24.88,24.85,24.93,24.82,24.95,25.01,25.05,24.91,24.78,24.55,24.69,24.84,24.88,24.74,24.66,24.75,24.85,24.86,24.93,25.03,24.85,24.95,25.0,24.88,24.78,24.66,24.79,24.84,24.94,24.77,24.69,24.85,24.88,24.9,24.85,25.13,25.03,25.0,25.02,24.88,24.84,24.69,24.81,24.82,24.79,24.66,24.69,24.85,24.92,24.85,24.95,25.03,25.03,25.08,24.97,24.88,24.78,24.57,24.99,24.82,24.87,24.81,24.78,24.93,24.85,24.92,24.85,24.9,24.82,25.0,24.94,24.9,24.78,24.66,24.84,25.06,24.95,24.8,24.66,25.0,25.0,24.83,24.88,24.88,24.97,25.0,24.91,24.84,24.75,24.68,24.84,24.94,24.78,24.84,24.88,24.93,24.94,24.83,24.9,24.9,24.94,24.88,24.8,24.78,24.79,24.8,24.84,24.88,24.9,24.78,24.92,24.88,24.91,24.91,24.79,24.91,24.9,24.88,24.94,24.81,24.59,24.85,24.78,24.87,24.84,24.92,24.84,25.12,24.82,24.98,25.27,25.01,25.0,24.89,24.92,24.67,24.61,24.58,25.05,24.96,24.76,24.78,24.71,24.86,24.94,25.06,25.25,25.14,24.89,24.94,24.78,24.64,24.78,24.56
27.97,26.34,24.7,24.66,24.46,24.71,24.45,24.63,24.52,24.56,24.66,24.81,24.72,24.54,24.71,24.78,24.95,24.83,24.69,24.41,24.65,24.66,24.62,24.53,24.65,24.66,24.78,24.76,24.58,24.75,24.82,24.75,24.82,24.66,24.59,24.65,24.84,24.6,24.66,24.62,24.78,24.88,24.66,24.59,24.62,24.76,25.02,24.72,24.63,24.53,24.75,24.7,24.71,24.72,24.7,24.78,24.71,24.75,24.74,24.71,24.79,24.77,24.76,24.69,24.63,24.75,24.88,24.69,24.66,24.59,24.73,24.86,24.78,24.78,25.0,25.0,24.94,24.85,24.86,24.78,24.77,24.55,25.0,24.78,24.84,24.73,24.69,24.8,24.91,24.93,24.82,24.8,24.91,24.88,24.94,24.95,24.83,24.63,24.72,24.8,24.8,24.81,24.8,24.68,24.85,24.85,24.93,24.85,24.95,24.98,25.02,24.84,24.78,24.51,24.69,24.84,24.85,24.78,24.69,24.75,24.85,24.83,24.93,25.03,24.82,24.91,25.0,24.88,24.78,24.66,24.79,24.81,24.94,24.8,24.69,24.85,24.82,24.9,24.88,25.13,25.06,24.97,25.0,24.88,24.84,24.72,24.81,24.78,24.79,24.69,24.72,24.85,24.92,24.82,24.95,25.06,25.03,25.08,24.94,24.88,24.82,24.57,24.99,24.78,24.84,24.81,24.81,24.96,24.82,24.92,24.82,24.93,24.82,24.97,24.94,24.88,24.78,24.69,24.84,25.03,24.95,24.8,24.69,24.97,25.0,24.83,24.88,24.91,25.0,24.97,24.88,24.81,24.78,24.71,24.84,24.9,24.78,24.84,24.88,24.9,24.91,24.8,24.9,24.9,24.91,24.85,24.75,24.78,24.79,24.84,24.84,24.84,24.94,24.78,24.92,24.88,24.88,24.88,24.82,24.88,24.88,24.84,24.9,24.81,24.63,24.85,24.78,24.82,24.88,24.88,24.84,25.09,24.78,24.98,25.23,24.95,24.97,24.86,24.92,24.63,24.61,24.58,24.99,24.96,24.8,24.78,24.74,24.86,24.94,25.06,25.22,25.11,24.82,24.94,24.78,24.59,24.72,24.56
28.1,26.34,24.7,24.66,24.46,24.64,24.39,24.63,24.46,24.56,24.6,24.81,24.72,24.61,24.64,24.78,24.86,24.72,24.69,24.41,24.65,24.6,24.57,24.59,24.65,24.66,24.78,24.81,24.58,24.69,24.82,24.75,24.74,24.66,24.59,24.65,24.78,24.65,24.66,24.62,24.78,24.88,24.66,24.63,24.62,24.71,24.97,24.72,24.63,24.53,24.75,24.63,24.65,24.72,24.75,24.78,24.71,24.75,24.74,24.71,24.79,24.77,24.81,24.69,24.7,24.75,24.88,24.69,24.66,24.64,24.68,24.81,24.78,24.78,25.0,25.0,24.94,24.9,24.86,24.78,24.72,24.48,25.0,24.78,24.84,24.78,24.74,24.8,24.91,24.93,24.78,24.8,24.91,24.88,24.94,24.95,24.78,24.7,24.77,24.85,24.85,24.77,24.8,24.73,24.85,24.85,24.93,24.85,24.95,24.98,24.98,24.8,24.78,24.51,24.69,24.84,24.8,24.78,24.69,24.75,24.85,24.83,24.93,25.03,24.78,24.91,25.0,24.88,24.78,24.66,24.79,24.76,24.94,24.8,24.69,24.85,24.77,24.86,24.92,25.13,25.1,24.92,25.0,24.88,24.84,24.77,24.81,24.78,24.79,24.74,24.77,24.85,24.88,24.78,24.95,25.1,25.03,25.08,24.94,24.88,24.87,24.62,24.94,24.78,24.74,24.77,24.86,25.0,24.78,24.88,24.78,24.93,24.88,24.92,24.94,24.88,24.78,24.74,24.9,24.98,24.95,24.85,24.74,24.92,25.0,24.83,24.92,24.91,25.0,24.91,24.88,24.76,24.83,24.77,24.84,24.9,24.78,24.84,24.88,24.86,24.87,24.8,24.9,24.9,24.87,24.8,24.75,24.78,24.79,24.84,24.76,24.78,24.99,24.78,24.88,24.88,24.88,24.88,24.88,24.82,24.88,24.84,24.9,24.81,24.63,24.78,24.78,24.82,24.88,24.82,24.84,25.04,24.78,25.03,25.19,24.85,24.92,24.86,24.92,24.63,24.55,24.58,24.99,24.96,24.88,24.78,24.74,24.86,24.99,25.11,25.17,25.06,24.76,24.94,24.78,24.59,24.64,24.56
28.2,26.34,24.73,24.66,24.43,24.62,24.37,24.65,24.44,24.56,24.54,24.82,24.74,24.65,24.59,24.75,24.82,24.69,24.69,24.41,24.63,24.58,24.57,24.63,24.65,24.66,24.78,24.84,24.58,24.66,24.81,24.75,24.72,24.69,24.57,24.65,24.74,24.69,24.68,24.62,24.77,24.88,24.67,24.65,24.6,24.68,24.95,24.72,24.63,24.53,24.75,24.61,24.64,24.74,24.77,24.76,24.71,24.77,24.74,24.71,24.78,24.77,24.84,24.69,24.72,24.75,24.88,24.71,24.66,24.66,24.67,24.79,24.8,24.78,24.98,25.0,24.94,24.94,24.89,24.76,24.67,24.44,25.0,24.78,24.84,24.8,24.76,24.8,24.91,24.93,24.75,24.78,24.89,24.9,24.92,24.94,24.75,24.74,24.81,24.88,24.86,24.74,24.8,24.75,24.85,24.85,24.92,24.85,24.95,24.99,24.96,24.78,24.78,24.53,24.69,24.84,24.79,24.78,24.7,24.75,24.85,24.83,24.92,25.03,24.76,24.93,25.0,24.88,24.78,24.66,24.81,24.74,24.94,24.8,24.69,24.85,24.75,24.83,24.93,25.13,25.13,24.91,25.0,24.88,24.84,24.79,24.82,24.78,24.79,24.78,24.81,24.85,24.85,24.75,24.95,25.12,25.03,25.08,24.94,24.88,24.88,24.66,24.9,24.78,24.69,24.74,24.89,25.03,24.73,24.85,24.76,24.93,24.89,24.89,24.94,24.88,24.78,24.76,24.94,24.95,24.95,24.88,24.76,24.89,24.98,24.83,24.95,24.91,24.98,24.9,24.88,24.76,24.86,24.79,24.84,24.92,24.78,24.84,24.86,24.85,24.85,24.81,24.88,24.9,24.85,24.78,24.76,24.78,24.81,24.84,24.71,24.76,25.03,24.78,24.84,24.86,24.88,24.88,24.89,24.79,24.86,24.84,24.9,24.81,24.63,24.73,24.78,24.84,24.9,24.81,24.84,25.0,24.78,25.06,25.16,24.78,24.88,24.86,24.9,24.63,24.5,24.58,24.99,24.99,24.92,24.78,24.74,24.86,25.03,25.14,25.14,25.01,24.74,24.94,24.78,24.59,24.61,24.56
28.31,26.34,24.83,24.66,24.43,24.69,24.43,24.65,24.44,24.56,24.48,24.82,24.74,24.65,24.59,24.66,24.92,24.8,24.69,24.41,24.56,24.64,24.63,24.63,24.65,24.71,24.78,24.84,24.58,24.66,24.75,24.75,24.72,24.79,24.57,24.65,24.68,24.69,24.68,24.67,24.72,24.88,24.72,24.65,24.6,24.68,24.95,24.72,24.69,24.61,24.75,24.68,24.69,24.74,24.72,24.76,24.77,24.77,24.74,24.77,24.73,24.81,24.84,24.69,24.72,24.75,24.88,24.76,24.61,24.66,24.71,24.79,24.84,24.78,24.94,25.0,24.94,24.94,24.89,24.71,24.61,24.44,25.0,24.78,24.84,24.8,24.76,24.75,24.86,24.89,24.75,24.78,24.84,24.9,24.87,24.84,24.75,24.8,24.86,24.88,24.82,24.74,24.84,24.8,24.81,24.81,24.92,24.89,24.95,24.96,24.92,24.78,24.78,24.65,24.69,24.84,24.79,24.83,24.76,24.75,24.81,24.83,24.92,25.03,24.81,24.93,25.0,24.88,24.78,24.66,24.86,24.74,24.94,24.84,24.69,24.81,24.71,24.83,24.98,25.17,25.17,24.91,25.0,24.88,24.84,24.79,24.82,24.78,24.79,24.83,24.91,24.81,24.81,24.75,24.95,25.12,25.03,25.08,24.94,24.88,24.88,24.66,24.84,24.78,24.69,24.74,24.94,25.03,24.69,24.81,24.81,24.98,24.89,24.84,24.94,24.88,24.78,24.76,24.94,24.91,24.91,24.88,24.76,24.84,24.94,24.83,24.95,24.91,24.94,24.9,24.88,24.8,24.91,24.79,24.84,24.92,24.78,24.84,24.82,24.89,24.85,24.81,24.83,24.9,24.85,24.73,24.76,24.78,24.81,24.84,24.71,24.76,25.03,24.78,24.84,24.81,24.88,24.88,24.89,24.79,24.81,24.84,24.85,24.76,24.69,24.73,24.78,24.84,24.96,24.81,24.84,24.95,24.78,25.06,25.16,24.78,24.88,24.81,24.84,24.58,24.44,24.67,24.89,24.99,24.92,24.78,24.8,24.92,25.03,25.19,25.09,24.96,24.8,24.94,24.78,24.59,24.61,24.56
28.41,26.34,24.89,24.66,24.43,24.73,24.48,24.65,24.44,24.56,24.44,24.82,24.74,24.65,24.59,24.59,24.99,24.87,24.69,24.41,24.52,24.68,24.67,24.63,24.65,24.75,24.78,24.84,24.58,24.66,24.71,24.75,24.72,24.85,24.57,24.65,24.63,24.69,24.68,24.71,24.69,24.88,24.75,24.65,24.6,24.68,24.95,24.72,24.74,24.66,24.75,24.72,24.72,24.74,24.69,24.76,24.8,24.77,24.74,24.8,24.71,24.84,24.84,24.69,24.72,24.75,24.88,24.8,24.58,24.66,24.74,24.79,24.88,24.78,24.91,25.0,24.94,24.94,24.89,24.68,24.58,24.44,25.0,24.78,24.84,24.8,24.76,24.72,24.82,24.86,24.75,24.78,24.81,24.9,24.83,24.77,24.75,24.84,24.89,24.88,24.79,24.74,24.88,24.82,24.78,24.78,24.92,24.92,24.95,24.93,24.88,24.78,24.78,24.73,24.69,24.84,24.79,24.86,24.79,24.75,24.78,24.83,24.92,25.03,24.83,24.93,25.0,24.88,24.78,24.66,24.89,24.74,24.94,24.88,24.69,24.78,24.68,24.83,25.0,25.2,25.2,24.91,25.0,24.88,24.84,24.79,24.82,24.78,24.79,24.86,24.97,24.78,24.78,24.75,24.95,25.12,25.03,25.08,24.94,24.88,24.88,24.66,24.81,24.78,24.69,24.74,24.97,25.03,24.66,24.78,24.83,25.0,24.89,24.81,24.94,24.88,24.78,24.76,24.94,24.88,24.88,24.88,24.76,24.81,24.91,24.83,24.95,24.91,24.91,24.9,24.88,24.83,24.94,24.79,24.84,24.92,24.78,24.84,24.79,24.92,24.85,24.81,24.79,24.9,24.85,24.71,24.76,24.78,24.81,24.84,24.71,24.76,25.03,24.78,24.84,24.78,24.88,24.88,24.89,24.79,24.78,24.84,24.82,24.72,24.72,24.73,24.78,24.84,25.01,24.81,24.84,24.92,24.78,25.06,25.16,24.78,24.88,24.78,24.81,24.54,24.39,24.72,24.82,24.99,24.92,24.78,24.84,24.96,25.03,25.22,25.06,24.92,24.84,24.94,24.78,24.59,24.61,24.56
28.53,26.34,24.96,24.78,24.43,24.65,24.48,24.61,24.52,24.64,24.44,24.75,24.66,24.69,24.59,24.59,24.92,24.8,24.69,24.51,24.48,24.68,24.67,24.73,24.68,24.78,24.78,24.81,24.69,24.73,24.68,24.66,24.61,24.98,24.67,24.61,24.59,24.69,24.68,24.78,24.66,24.81,24.78,24.7,24.6,24.71,24.95,24.76,24.78,24.77,24.75,24.72,24.72,24.74,24.72,24.73,24.8,24.8,24.77,24.87,24.73,24.88,24.84,24.76,24.8,24.75,24.8,24.8,24.58,24.72,24.8,24.76,24.84,24.75,24.91,25.0,24.88,24.87,24.87,24.68,24.58,24.52,24.92,24.78,24.84,24.83,24.76,24.69,24.76,24.81,24.81,24.78,24.84,24.83,24.83,24.8,24.75,24.84,24.89,24.85,24.79,24.71,24.88,24.86,24.81,24.75,24.95,24.92,24.92,24.91,24.85,24.78,24.78,24.77,24.69,24.84,24.79,24.93,24.79,24.75,24.75,24.81,24.95,25.03,24.83,24.86,25.0,24.94,24.78,24.66,24.86,24.74,24.94,24.94,24.76,24.75,24.66,24.86,25.06,25.26,25.2,24.91,25.0,24.88,24.84,24.79,24.79,24.78,24.82,24.93,24.97,24.75,24.75,24.75,24.98,25.12,25.03,25.05,24.94,24.88,24.88,24.66,24.81,24.78,24.72,24.77,24.94,25.03,24.66,24.81,24.83,24.98,24.86,24.81,24.94,24.93,24.78,24.76,24.86,24.81,24.84,24.88,24.76,24.75,24.91,24.81,24.98,24.88,24.84,24.9,24.88,24.83,24.94,24.75,24.84,24.92,24.78,24.84,24.73,24.92,24.85,24.84,24.83,24.86,24.85,24.71,24.76,24.85,24.77,24.84,24.66,24.76,25.03,24.78,24.84,24.78,24.88,24.88,24.92,24.82,24.78,24.84,24.85,24.69,24.72,24.69,24.78,24.89,25.01,24.77,24.81,24.85,24.85,25.03,25.09,24.78,24.85,24.81,24.84,24.5,24.31,24.78,24.82,25.05,24.88,24.78,24.88,25.07,25.09,25.14,24.96,24.92,24.88,24.94,24.78,24.59,24.5,24.56
28.61,26.34,24.96,24.83,24.43,24.6,24.48,24.61,24.55,24.68,24.44,24.71,24.61,24.74,24.59,24.59,24.86,24.72,24.69,24.57,24.48,24.68,24.67,24.8,24.72,24.78,24.78,24.78,24.77,24.77,24.68,24.62,24.56,25.05,24.72,24.61,24.59,24.69,24.68,24.81,24.66,24.78,24.78,24.73,24.6,24.75,24.95,24.76,24.78,24.82,24.75,24.72,24.72,24.74,24.75,24.71,24.8,24.82,24.77,24.9,24.76,24.88,24.84,24.8,24.84,24.75,24.76,24.8,24.58,24.75,24.82,24.76,24.81,24.72,24.91,25.0,24.85,24.83,24.87,24.68,24.58,24.57,24.88,24.78,24.84,24.83,24.76,24.69,24.72,24.78,24.83,24.78,24.88,24.79,24.83,24.83,24.75,24.84,24.89,24.82,24.79,24.68,24.88,24.89,24.83,24.75,24.95,24.92,24.92,24.91,24.85,24.78,24.78,24.77,24.69,24.84,24.79,24.97,24.79,24.75,24.75,24.78,24.95,25.03,24.83,24.82,25.0,24.98,24.78,24.66,24.82,24.74,24.94,24.97,24.79,24.75,24.66,24.86,25.09,25.28,25.2,24.91,25.0,24.88,24.84,24.79,24.79,24.78,24.85,24.97,24.97,24.75,24.75,24.75,25.0,25.12,25.03,25.02,24.94,24.88,24.88,24.66,24.81,24.78,24.75,24.77,24.91,25.03,24.66,24.83,24.83,24.95,24.82,24.81,24.94,24.96,24.78,24.76,24.82,24.78,24.84,24.88,24.76,24.72,24.91,24.78,25.0,24.88,24.81,24.9,24.88,24.83,24.94,24.71,24.84,24.92,24.78,24.84,24.71,24.88,24.85,24.88,24.86,24.86,24.85,24.71,24.76,24.88,24.77,24.84,24.61,24.76,25.03,24.78,24.84,24.78,24.88,24.88,24.95,24.85,24.78,24.84,24.88,24.69,24.72,24.64,24.78,24.94,25.01,24.77,24.78,24.82,24.88,25.03,25.06,24.78,24.82,24.84,24.88,24.5,24.26,24.78,24.82,25.11,24.88,24.78,24.88,25.1,25.12,25.11,24.92,24.92,24.88,24.94,24.78,24.59,24.44,24.56
28.74,26.34,24.93,24.86,24.46,24.58,24.48,24.61,24.61,24.69,24.5,24.68,24.57,24.78,24.59,24.59,24.79,24.65,24.69,24.67,24.5,24.68,24.7,24.86,24.75,24.78,24.78,24.7,24.82,24.84,24.64,24.6,24.5,25.08,24.78,24.63,24.59,24.69,24.71,24.79,24.67,24.72,24.77,24.72,24.67,24.78,24.93,24.74,24.72,24.88,24.75,24.78,24.76,24.78,24.78,24.69,24.77,24.84,24.8,24.94,24.84,24.88,24.84,24.77,24.82,24.75,24.74,24.8,24.56,24.73,24.84,24.81,24.78,24.65,24.91,25.0,24.8,24.82,24.9,24.68,24.63,24.66,24.86,24.78,24.8,24.78,24.78,24.73,24.69,24.7,24.85,24.75,24.86,24.81,24.83,24.85,24.75,24.86,24.91,24.78,24.75,24.66,24.89,24.89,24.85,24.75,24.9,24.93,24.93,24.94,24.84,24.77,24.78,24.82,24.74,24.84,24.78,24.95,24.79,24.79,24.75,24.75,24.95,25.07,24.88,24.84,25.0,25.0,24.78,24.71,24.84,24.78,24.94,24.95,24.81,24.79,24.69,24.85,25.09,25.31,25.17,24.94,25.0,24.88,24.84,24.76,24.84,24.78,24.88,25.0,24.98,24.79,24.75,24.75,24.99,25.09,25.03,25.0,24.9,24.88,24.85,24.71,24.84,24.83,24.77,24.75,24.89,25.03,24.66,24.85,24.83,24.93,24.81,24.84,24.94,24.97,24.78,24.72,24.81,24.75,24.79,24.88,24.78,24.73,24.86,24.75,24.99,24.89,24.8,24.88,24.83,24.87,24.91,24.69,24.84,24.9,24.78,24.89,24.69,24.88,24.88,24.94,24.9,24.88,24.88,24.69,24.75,24.9,24.82,24.84,24.56,24.74,24.98,24.83,24.89,24.78,24.88,24.83,24.94,24.88,24.78,24.84,24.9,24.69,24.74,24.59,24.78,24.96,25.01,24.82,24.75,24.78,24.9,25.0,25.0,24.78,24.78,24.86,24.86,24.56,24.28,24.78,24.79,25.14,24.9,24.85,24.94,25.12,25.14,25.06,24.9,24.86,24.86,24.94,24.78,24.59,24.47,24.56
28.84,26.34,24.93,24.86,24.46,24.58,24.48,24.61,24.67,24.69,24.55,24.68,24.57,24.78,24.59,24.59,24.79,24.65,24.69,24.75,24.5,24.68,24.75,24.86,24.75,24.78,24.78,24.65,24.82,24.9,24.58,24.6,24.5,25.08,24.78,24.63,24.59,24.69,24.76,24.74,24.67,24.67,24.77,24.68,24.71,24.78,24.93,24.74,24.65,24.88,24.75,24.84,24.82,24.83,24.78,24.69,24.71,24.84,24.84,24.94,24.89,24.88,24.84,24.72,24.76,24.75,24.74,24.8,24.56,24.69,24.84,24.86,24.78,24.6,24.91,25.0,24.75,24.82,24.94,24.68,24.68,24.72,24.86,24.78,24.76,24.73,24.78,24.78,24.69,24.66,24.85,24.7,24.81,24.86,24.83,24.85,24.75,24.86,24.91,24.78,24.71,24.66,24.89,24.85,24.85,24.75,24.86,24.93,24.93,24.98,24.84,24.77,24.78,24.88,24.79,24.84,24.78,24.9,24.79,24.83,24.75,24.75,24.95,25.12,24.92,24.89,25.0,25.0,24.78,24.77,24.89,24.83,24.94,24.91,24.81,24.83,24.73,24.85,25.05,25.31,25.13,24.98,25.0,24.88,24.84,24.7,24.89,24.78,24.88,25.0,24.98,24.83,24.75,24.75,24.95,25.05,25.03,25.0,24.85,24.88,24.8,24.77,24.9,24.88,24.77,24.75,24.89,25.03,24.66,24.85,24.83,24.93,24.81,24.89,24.94,24.97,24.78,24.67,24.81,24.75,24.74,24.88,24.78,24.78,24.81,24.75,24.95,24.89,24.8,24.88,24.79,24.92,24.86,24.69,24.84,24.9,24.78,24.94,24.69,24.92,24.92,24.98,24.9,24.88,24.92,24.69,24.75,24.9,24.88,24.84,24.56,24.74,24.92,24.88,24.94,24.78,24.88,24.79,24.89,24.88,24.78,24.84,24.9,24.69,24.74,24.59,24.78,24.96,25.01,24.88,24.75,24.78,24.9,24.95,24.95,24.78,24.78,24.86,24.81,24.61,24.35,24.78,24.79,25.14,24.9,24.91,25.01,25.12,25.14,25.01,24.9,24.81,24.86,24.94,24.78,24.59,24.56,24.56
28.95,26.34,24.89,24.86,24.49,24.53,24.43,24.59,24.71,24.69,24.61,24.66,24.55,24.78,24.59,24.62,24.76,24.58,24.69,24.8,24.54,24.66,24.73,24.86,24.75,24.78,24.78,24.63,24.82,24.94,24.56,24.6,24.48,25.02,24.8,24.63,24.59,24.69,24.78,24.71,24.69,24.62,24.75,24.66,24.76,24.78,24.89,24.76,24.61,24.85,24.72,24.84,24.81,24.84,24.8,24.71,24.66,24.82,24.88,24.94,24.94,24.88,24.84,24.68,24.76,24.75,24.72,24.76,24.58,24.67,24.81,24.86,24.75,24.58,24.94,24.98,24.71,24.82,24.93,24.71,24.75,24.77,24.86,24.78,24.72,24.71,24.79,24.81,24.69,24.62,24.85,24.69,24.8,24.88,24.87,24.88,24.75,24.86,24.91,24.8,24.71,24.66,24.88,24.82,24.86,24.76,24.85,24.93,24.92,25.0,24.84,24.75,24.78,24.88,24.84,24.84,24.75,24.86,24.76,24.88,24.76,24.75,24.98,25.14,24.93,24.91,25.0,25.0,24.76,24.81,24.89,24.86,24.94,24.88,24.81,24.86,24.75,24.86,25.03,25.31,25.09,25.0,25.0,24.88,24.84,24.67,24.91,24.8,24.88,25.01,24.94,24.86,24.75,24.75,24.92,25.03,25.03,24.98,24.82,24.88,24.8,24.81,24.97,24.92,24.75,24.77,24.89,25.02,24.69,24.85,24.81,24.93,24.84,24.94,24.94,24.97,24.78,24.67,24.82,24.75,24.71,24.88,24.81,24.83,24.8,24.75,24.9,24.89,24.83,24.86,24.76,24.89,24.81,24.71,24.84,24.88,24.78,24.97,24.72,24.95,24.94,24.98,24.91,24.88,24.94,24.71,24.73,24.9,24.88,24.84,24.59,24.72,24.86,24.92,24.97,24.81,24.88,24.78,24.88,24.88,24.81,24.84,24.9,24.67,24.72,24.62,24.78,24.94,24.96,24.88,24.75,24.78,24.9,24.92,24.91,24.78,24.78,24.88,24.81,24.67,24.42,24.78,24.79,25.08,24.9,24.96,25.05,25.12,25.14,24.96,24.9,24.79,24.82,24.94,24.78,24.59,24.58,24.6
29.05,26.34,24.89,24.86,24.49,24.46,24.37,24.59,24.77,24.69,24.61,24.66,24.55,24.78,24.59,24.62,24.76,24.47,24.69,24.8,24.61,24.66,24.68,24.86,24.75,24.78,24.78,24.68,24.82,24.94,24.56,24.6,24.48,24.92,24.8,24.63,24.59,24.69,24.78,24.71,24.69,24.58,24.75,24.66,24.76,24.78,24.84,24.82,24.61,24.77,24.65,24.78,24.77,24.84,24.8,24.71,24.61,24.82,24.92,24.94,24.94,24.88,24.84,24.68,24.82,24.75,24.67,24.71,24.63,24.67,24.77,24.81,24.7,24.58,24.98,24.94,24.67,24.82,24.89,24.76,24.81,24.77,24.86,24.78,24.68,24.71,24.79,24.81,24.69,24.62,24.85,24.69,24.8,24.88,24.92,24.94,24.75,24.86,24.91,24.85,24.75,24.66,24.83,24.82,24.9,24.81,24.85,24.93,24.88,25.0,24.89,24.75,24.78,24.82,24.89,24.84,24.71,24.86,24.7,24.92,24.81,24.75,25.02,25.14,24.93,24.91,25.0,25.0,24.71,24.81,24.84,24.91,24.94,24.88,24.81,24.86,24.75,24.9,25.03,25.31,25.05,25.0,25.0,24.88,24.84,24.61,24.91,24.85,24.88,25.05,24.84,24.86,24.75,24.75,24.92,25.03,25.03,24.94,24.82,24.88,24.85,24.81,25.08,24.92,24.75,24.81,24.89,24.98,24.73,24.85,24.76,24.93,24.89,24.98,24.94,24.97,24.78,24.72,24.88,24.75,24.71,24.88,24.86,24.88,24.8,24.75,24.86,24.89,24.88,24.86,24.76,24.79,24.77,24.71,24.84,24.88,24.78,24.97,24.76,25.0,24.94,24.94,24.91,24.88,24.94,24.75,24.73,24.9,24.82,24.84,24.66,24.72,24.81,24.92,24.97,24.86,24.88,24.83,24.88,24.88,24.86,24.84,24.9,24.61,24.67,24.69,24.78,24.94,24.9,24.82,24.75,24.78,24.9,24.92,24.86,24.78,24.78,24.92,24.86,24.72,24.48,24.78,24.79,24.99,24.9,24.96,25.05,25.12,25.14,24.92,24.9,24.79,24.76,24.94,24.78,24.59,24.58,24.69
29.19,26.34,24.89,24.78,24.52,24.51,24.34,24.63,24.77,24.64,24.57,24.71,24.59,24.76,24.59,24.56,24.82,24.47,24.69,24.75,24.69,24.71,24.66,24.81,24.75,24.78,24.78,24.72,24.76,24.88,24.58,24.66,24.53,24.79,24.75,24.69,24.59,24.69,24.76,24.69,24.69,24.58,24.75,24.62,24.78,24.78,24.76,24.82,24.61,24.66,24.55,24.78,24.77,24.84,24.75,24.71,24.59,24.82,24.92,24.94,24.91,24.88,24.84,24.62,24.82,24.72,24.65,24.71,24.64,24.62,24.71,24.79,24.69,24.58,25.0,24.89,24.67,24.87,24.89,24.78,24.82,24.7,24.92,24.78,24.63,24.66,24.78,24.81,24.69,24.64,24.82,24.69,24.75,24.93,24.94,24.92,24.75,24.9,24.95,24.9,24.76,24.67,24.83,24.85,24.9,24.85,24.82,24.96,24.86,24.98,24.93,24.77,24.8,24.81,24.95,24.84,24.66,24.86,24.7,24.96,24.85,24.75,25.03,25.14,24.96,24.95,25.0,24.94,24.66,24.79,24.82,24.95,24.94,24.86,24.76,24.86,24.75,24.92,25.05,25.31,25.03,24.98,25.0,24.88,24.84,24.56,24.98,24.92,24.89,25.09,24.81,24.86,24.75,24.76,24.92,25.02,25.02,24.89,24.82,24.89,24.9,24.81,25.16,24.95,24.77,24.82,24.94,24.92,24.75,24.82,24.76,24.98,24.95,24.98,24.94,24.93,24.78,24.79,24.99,24.75,24.71,24.88,24.93,24.92,24.75,24.75,24.82,24.94,24.92,24.85,24.76,24.72,24.75,24.71,24.84,24.88,24.8,24.97,24.82,25.03,24.92,24.89,24.88,24.93,24.94,24.76,24.73,24.85,24.82,24.84,24.76,24.71,24.75,24.94,24.98,24.88,24.86,24.88,24.88,24.88,24.88,24.83,24.85,24.57,24.67,24.76,24.78,24.91,24.88,24.82,24.77,24.78,24.85,24.95,24.86,24.78,24.78,24.92,24.88,24.8,24.57,24.78,24.69,24.87,24.97,24.98,25.07,25.07,25.08,24.96,24.96,24.75,24.7,24.92,24.76,24.62,24.67,24.79
29.26,26.34,24.89,24.72,24.58,24.55,24.34,24.63,24.73,24.6,24.57,24.75,24.59,24.72,24.59,24.56,24.82,24.55,24.69,24.75,24.74,24.75,24.66,24.78,24.75,24.78,24.78,24.72,24.72,24.84,24.62,24.71,24.53,24.72,24.75,24.74,24.59,24.69,24.73,24.65,24.69,24.61,24.75,24.59,24.81,24.78,24.72,24.78,24.61,24.61,24.5,24.82,24.8,24.84,24.72,24.71,24.59,24.82,24.9,24.94,24.91,24.88,24.84,24.59,24.78,24.68,24.65,24.74,24.64,24.59,24.68,24.79,24.69,24.58,25.0,24.89,24.7,24.9,24.92,24.78,24.82,24.66,24.96,24.78,24.63,24.63,24.75,24.81,24.69,24.67,24.82,24.69,24.72,24.97,24.94,24.92,24.75,24.9,24.95,24.9,24.76,24.7,24.86,24.85,24.88,24.85,24.82,24.96,24.86,24.95,24.93,24.8,24.83,24.81,24.95,24.84,24.66,24.86,24.74,24.96,24.85,24.75,25.03,25.14,24.96,24.95,25.0,24.91,24.66,24.75,24.82,24.95,24.94,24.83,24.72,24.86,24.75,24.92,25.07,25.31,25.03,24.95,25.0,24.88,24.84,24.56,25.05,24.95,24.93,25.09,24.81,24.86,24.75,24.79,24.92,24.99,24.99,24.89,24.82,24.93,24.9,24.81,25.19,25.02,24.8,24.82,24.97,24.89,24.75,24.82,24.79,25.0,24.95,24.95,24.94,24.9,24.78,24.83,25.03,24.75,24.71,24.88,24.97,24.92,24.72,24.75,24.82,24.97,24.92,24.81,24.76,24.72,24.75,24.71,24.84,24.88,24.83,24.97,24.85,25.0,24.9,24.89,24.88,24.97,24.94,24.76,24.73,24.82,24.86,24.84,24.81,24.67,24.75,24.97,25.02,24.88,24.83,24.88,24.88,24.88,24.88,24.79,24.82,24.61,24.71,24.76,24.78,24.87,24.88,24.86,24.8,24.78,24.82,24.95,24.89,24.78,24.78,24.89,24.88,24.84,24.61,24.78,24.63,24.81,25.02,25.02,25.12,25.03,25.01,24.99,24.99,24.75,24.7,24.87,24.72,24.66,24.72,24.79
29.39,26.34,24.96,24.66,24.64,24.59,24.34,24.63,24.69,24.56,24.53,24.82,24.59,24.63,24.59,24.56,24.82,24.69,24.69,24.75,24.78,24.82,24.66,24.75,24.75,24.78,24.78,24.76,24.69,24.77,24.69,24.75,24.53,24.66,24.75,24.78,24.59,24.69,24.66,24.62,24.66,24.67,24.78,24.56,24.82,24.78,24.69,24.74,24.65,24.5,24.4,24.86,24.86,24.84,24.66,24.68,24.59,24.85,24.84,24.94,24.88,24.88,24.84,24.58,24.74,24.58,24.61,24.82,24.68,24.56,24.66,24.76,24.69,24.6,25.0,24.89,24.75,24.94,24.97,24.78,24.79,24.57,25.0,24.78,24.66,24.59,24.65,24.78,24.69,24.75,24.85,24.69,24.69,25.0,24.94,24.95,24.75,24.86,24.91,24.9,24.79,24.75,24.89,24.85,24.85,24.85,24.85,24.93,24.83,24.89,24.96,24.9,24.9,24.77,24.91,24.84,24.69,24.9,24.81,24.93,24.85,24.75,25.03,25.12,24.93,24.91,25.0,24.88,24.66,24.65,24.79,24.95,24.94,24.8,24.69,24.83,24.75,24.95,25.13,25.31,25.03,24.89,25.0,24.88,24.84,24.56,25.15,25.02,25.0,25.09,24.78,24.83,24.75,24.85,24.95,24.93,24.93,24.89,24.85,25.0,24.9,24.77,25.25,25.11,24.9,24.85,25.0,24.83,24.75,24.85,24.85,25.03,24.91,24.89,24.94,24.88,24.78,24.9,25.07,24.75,24.74,24.88,25.0,24.89,24.69,24.75,24.85,25.0,24.89,24.78,24.79,24.72,24.75,24.68,24.84,24.92,24.9,24.94,24.88,24.95,24.84,24.89,24.88,25.0,24.94,24.79,24.76,24.78,24.9,24.84,24.91,24.63,24.79,25.0,25.05,24.88,24.78,24.91,24.88,24.88,24.88,24.72,24.78,24.68,24.74,24.76,24.78,24.82,24.88,24.9,24.86,24.78,24.78,24.95,24.95,24.78,24.78,24.86,24.92,24.88,24.66,24.78,24.56,24.75,25.06,25.07,25.16,25.0,24.9,25.03,25.03,24.79,24.74,24.78,24.65,24.76,24.78,24.79
29.48,26.34,25.06,24.66,24.55,24.59,24.34,24.69,24.69,24.56,24.53,24.88,24.66,24.56,24.59,24.56,24.82,24.8,24.69,24.67,24.78,24.88,24.66,24.75,24.75,24.78,24.78,24.81,24.69,24.71,24.69,24.75,24.61,24.66,24.67,24.78,24.59,24.69,24.66,24.67,24.66,24.67,24.83,24.56,24.72,24.78,24.74,24.74,24.65,24.42,24.4,24.86,24.86,24.79,24.61,24.64,24.65,24.85,24.84,24.89,24.83,24.92,24.84,24.64,24.74,24.58,24.56,24.82,24.73,24.56,24.66,24.71,24.69,24.65,25.0,24.84,24.75,24.94,24.97,24.78,24.74,24.5,25.0,24.78,24.7,24.59,24.6,24.73,24.69,24.8,24.89,24.69,24.69,25.0,24.94,24.95,24.75,24.8,24.86,24.95,24.83,24.8,24.84,24.85,24.85,24.89,24.89,24.93,24.83,24.84,25.0,24.95,24.9,24.71,24.86,24.84,24.73,24.95,24.81,24.89,24.85,24.75,25.03,25.07,24.93,24.91,25.0,24.88,24.66,24.59,24.74,24.95,24.94,24.84,24.74,24.79,24.75,24.95,25.13,25.31,25.03,24.89,25.0,24.88,24.84,24.61,25.2,25.07,25.0,25.09,24.78,24.83,24.79,24.85,24.95,24.93,24.93,24.89,24.9,25.05,24.85,24.71,25.35,25.16,25.0,24.9,24.95,24.83,24.79,24.89,24.85,25.03,24.86,24.89,24.98,24.88,24.73,24.9,25.18,24.84,24.84,24.83,24.95,24.84,24.73,24.75,24.89,24.95,24.89,24.78,24.83,24.77,24.8,24.62,24.84,24.98,24.95,24.89,24.88,24.91,24.8,24.89,24.83,25.0,24.9,24.79,24.8,24.83,24.84,24.78,24.91,24.69,24.84,25.0,25.0,24.88,24.78,24.95,24.88,24.88,24.83,24.72,24.78,24.73,24.74,24.76,24.78,24.82,24.88,24.9,24.86,24.78,24.78,24.95,25.0,24.78,24.78,24.86,24.92,24.82,24.66,24.78,24.56,24.75,25.06,25.13,25.16,25.0,24.84,24.98,24.98,24.84,24.8,24.72,24.59,24.83,24.78,24.89
29.62,26.34,25.16,24.66,24.46,24.59,24.34,24.74,24.68,24.56,24.57,24.94,24.72,24.48,24.59,24.59,24.79,24.94,24.69,24.59,24.78,24.94,24.66,24.75,24.75,24.78,24.78,24.84,24.69,24.66,24.69,24.75,24.69,24.66,24.59,24.78,24.59,24.69,24.66,24.72,24.67,24.67,24.88,24.56,24.62,24.78,24.82,24.72,24.63,24.34,24.42,24.88,24.86,24.72,24.56,24.59,24.71,24.84,24.84,24.82,24.79,24.97,24.84,24.69,24.72,24.58,24.5,24.82,24.78,24.56,24.66,24.66,24.69,24.69,25.0,24.8,24.75,24.94,24.97,24.78,24.69,24.44,25.0,24.78,24.76,24.59,24.55,24.69,24.69,24.85,24.95,24.69,24.69,25.0,24.94,24.95,24.75,24.72,24.79,25.0,24.88,24.85,24.8,24.83,24.83,24.93,24.95,24.93,24.85,24.78,25.03,25.0,24.9,24.66,24.79,24.84,24.79,25.0,24.81,24.83,24.83,24.75,25.03,25.03,24.93,24.91,25.0,24.88,24.68,24.54,24.69,24.94,24.94,24.89,24.81,24.75,24.75,24.93,25.13,25.31,25.03,24.89,25.0,24.88,24.84,24.7,25.27,25.12,25.0,25.08,24.8,24.85,24.85,24.85,24.93,24.93,24.93,24.91,24.94,25.12,24.76,24.66,25.48,25.24,25.12,24.94,24.89,24.85,24.85,24.95,24.85,25.03,24.79,24.89,25.04,24.88,24.66,24.88,25.3,24.97,24.95,24.78,24.88,24.78,24.8,24.75,24.95,24.89,24.89,24.76,24.88,24.85,24.86,24.56,24.84,25.03,25.02,24.84,24.88,24.83,24.74,24.91,24.78,25.0,24.84,24.78,24.84,24.9,24.79,24.69,24.89,24.74,24.92,25.02,24.95,24.88,24.78,24.98,24.88,24.88,24.77,24.72,24.78,24.82,24.76,24.73,24.78,24.8,24.88,24.92,24.86,24.78,24.78,24.94,25.06,24.78,24.78,24.84,24.9,24.74,24.66,24.78,24.56,24.75,25.06,25.23,25.18,25.0,24.77,24.9,24.9,24.92,24.88,24.63,24.52,24.92,24.78,24.99
29.7,26.34,25.16,24.66,24.46,24.59,24.34,24.74,24.64,24.56,24.63,24.94,24.72,24.45,24.59,24.66,24.72,25.01,24.69,24.59,24.76,24.92,24.66,24.77,24.75,24.76,24.76,24.81,24.69,24.68,24.69,24.73,24.66,24.66,24.59,24.76,24.59,24.69,24.66,24.72,24.7,24.69,24.86,24.56,24.64,24.78,24.86,24.68,24.61,24.37,24.48,24.9,24.86,24.69,24.58,24.59,24.73,24.81,24.82,24.8,24.82,24.99,24.84,24.69,24.68,24.58,24.5,24.82,24.78,24.58,24.67,24.67,24.69,24.69,24.98,24.81,24.77,24.94,24.97,24.78,24.69,24.46,24.98,24.78,24.77,24.59,24.56,24.7,24.69,24.85,24.96,24.7,24.7,25.0,24.94,24.94,24.75,24.68,24.77,24.99,24.86,24.87,24.81,24.82,24.81,24.92,24.96,24.93,24.88,24.77,25.0,25.0,24.9,24.68,24.77,24.84,24.82,24.98,24.81,24.82,24.82,24.73,25.02,25.03,24.93,24.91,25.0,24.88,24.71,24.55,24.7,24.92,24.94,24.88,24.82,24.76,24.76,24.9,25.12,25.3,25.03,24.89,25.0,24.88,24.84,24.77,25.29,25.12,25.0,25.03,24.83,24.88,24.88,24.85,24.9,24.93,24.93,24.94,24.92,25.13,24.7,24.66,25.49,25.31,25.16,24.94,24.86,24.88,24.88,24.98,24.85,25.02,24.77,24.89,25.05,24.88,24.63,24.85,25.34,25.03,25.0,24.76,24.85,24.75,24.83,24.76,24.96,24.86,24.88,24.74,24.88,24.9,24.88,24.56,24.88,25.07,25.06,24.84,24.86,24.79,24.73,24.94,24.79,24.98,24.81,24.76,24.84,24.92,24.79,24.67,24.84,24.74,24.96,25.04,24.95,24.86,24.78,24.94,24.88,24.88,24.75,24.72,24.78,24.89,24.8,24.69,24.78,24.77,24.9,24.97,24.86,24.78,24.78,24.91,25.08,24.78,24.78,24.81,24.88,24.72,24.66,24.78,24.56,24.75,25.06,25.31,25.2,25.0,24.73,24.86,24.88,24.96,24.9,24.59,24.5,24.97,24.78,24.96
29.83,26.34,25.16,24.66,24.46,24.59,24.34,24.74,24.56,24.56,24.71,24.94,24.72,24.45,24.59,24.78,24.59,25.16,24.69,24.59,24.67,24.84,24.66,24.83,24.75,24.7,24.7,24.75,24.69,24.75,24.69,24.64,24.56,24.66,24.59,24.67,24.59,24.69,24.66,24.72,24.77,24.75,24.8,24.56,24.71,24.78,24.93,24.59,24.61,24.48,24.58,24.9,24.86,24.62,24.64,24.59,24.73,24.75,24.77,24.8,24.88,24.99,24.84,24.69,24.59,24.58,24.5,24.82,24.78,24.64,24.73,24.74,24.69,24.69,24.92,24.88,24.82,24.94,24.97,24.78,24.69,24.55,24.9,24.78,24.77,24.59,24.63,24.77,24.69,24.85,24.96,24.77,24.77,25.0,24.94,24.87,24.75,24.59,24.77,24.92,24.8,24.87,24.88,24.82,24.75,24.86,24.96,24.93,24.93,24.77,24.94,25.0,24.9,24.75,24.77,24.84,24.88,24.91,24.81,24.82,24.82,24.67,24.96,25.03,24.93,24.91,25.0,24.88,24.78,24.63,24.77,24.92,24.94,24.81,24.82,24.82,24.82,24.85,25.06,25.24,25.03,24.89,25.0,24.88,24.84,24.91,25.29,25.12,25.0,24.91,24.89,24.93,24.93,24.85,24.85,24.93,24.93,25.0,24.87,25.13,24.56,24.66,25.49,25.44,25.28,24.94,24.8,24.93,24.93,25.03,24.85,24.96,24.77,24.89,25.05,24.88,24.56,24.78,25.4,25.16,25.12,24.76,24.78,24.69,24.89,24.82,24.96,24.8,24.81,24.74,24.88,24.97,24.88,24.56,25.04,25.2,25.12,24.84,24.8,24.73,24.73,25.0,24.86,24.91,24.75,24.76,24.84,24.92,24.79,24.67,24.74,24.74,25.03,25.04,24.95,24.8,24.78,24.88,24.88,24.88,24.75,24.72,24.78,25.03,24.88,24.59,24.78,24.77,24.98,25.11,24.86,24.78,24.78,24.84,25.08,24.78,24.78,24.75,24.88,24.72,24.66,24.78,24.56,24.75,25.06,25.48,25.2,25.0,24.66,24.79,24.88,25.03,24.9,24.5,24.5,25.06,24.78,24.82
29.92,26.34,25.16,24.66,24.37,24.59,24.34,24.8,24.56,24.56,24.71,24.94,24.79,24.52,24.59,24.78,24.59,25.16,24.69,24.51,24.61,24.79,24.66,24.88,24.75,24.64,24.64,24.75,24.69,24.81,24.64,24.58,24.56,24.66,24.51,24.61,24.59,24.69,24.71,24.78,24.81,24.75,24.75,24.56,24.71,24.78,24.99,24.59,24.61,24.56,24.65,24.84,24.81,24.57,24.69,24.59,24.73,24.71,24.77,24.8,24.88,24.99,24.84,24.69,24.59,24.65,24.5,24.76,24.78,24.69,24.77,24.79,24.69,24.69,24.88,24.88,24.82,24.94,24.93,24.78,24.69,24.61,24.84,24.78,24.73,24.59,24.73,24.81,24.69,24.81,24.92,24.81,24.81,25.0,24.94,24.77,24.75,24.59,24.82,24.92,24.76,24.82,24.88,24.86,24.75,24.86,24.92,24.98,24.98,24.81,24.94,24.94,24.85,24.81,24.82,24.84,24.88,24.86,24.76,24.86,24.86,24.62,24.92,25.03,24.98,24.96,25.0,24.88,24.78,24.74,24.82,24.97,24.94,24.81,24.82,24.86,24.86,24.81,24.98,25.2,25.03,24.94,25.0,24.88,24.84,24.96,25.24,25.12,24.94,24.86,24.94,24.98,24.98,24.81,24.81,24.98,24.98,25.0,24.82,25.08,24.51,24.66,25.49,25.44,25.32,24.94,24.75,24.98,24.98,25.03,24.81,24.92,24.82,24.94,25.05,24.88,24.51,24.72,25.51,25.25,25.22,24.76,24.72,24.69,24.94,24.86,24.92,24.75,24.81,24.79,24.88,24.97,24.88,24.56,25.16,25.31,25.12,24.84,24.76,24.77,24.77,25.0,24.86,24.86,24.71,24.76,24.84,24.92,24.73,24.67,24.66,24.8,25.03,24.99,24.91,24.75,24.82,24.88,24.88,24.88,24.75,24.78,24.78,25.03,24.88,24.59,24.78,24.84,25.05,25.16,24.81,24.78,24.78,24.84,25.03,24.78,24.78,24.75,24.88,24.72,24.66,24.78,24.56,24.75,25.06,25.54,25.14,25.0,24.66,24.73,24.88,25.03,24.84,24.5,24.56,25.06,24.78,24.82
30.03,26.34,25.16,24.66,24.37,24.69,24.43,24.88,24.56,24.56,24.79,24.94,24.88,24.52,24.59,24.78,24.72,25.01,24.69,24.41,24.61,24.79,24.66,24.88,24.75,24.64,24.64,24.75,24.69,24.81,24.64,24.58,24.66,24.66,24.41,24.61,24.68,24.69,24.78,24.84,24.81,24.69,24.75,24.62,24.71,24.71,24.99,24.68,24.61,24.56,24.75,24.76,24.75,24.57,24.75,24.59,24.73,24.66,24.82,24.8,24.88,24.92,24.84,24.69,24.59,24.65,24.5,24.69,24.78,24.69,24.77,24.79,24.69,24.69,24.88,24.88,24.82,24.87,24.88,24.78,24.69,24.7,24.76,24.78,24.73,24.59,24.79,24.76,24.69,24.81,24.86,24.81,24.81,25.0,24.94,24.71,24.68,24.59,24.89,24.92,24.76,24.77,24.81,24.92,24.81,24.92,24.86,25.03,24.98,24.88,24.94,24.88,24.78,24.81,24.82,24.84,24.88,24.79,24.69,24.86,24.92,24.68,24.92,25.03,24.98,25.03,25.0,24.88,24.78,24.81,24.82,24.97,24.94,24.88,24.82,24.86,24.86,24.75,24.92,25.14,25.03,25.0,25.0,24.94,24.9,24.96,25.1,25.06,24.94,24.86,25.0,24.98,24.98,24.81,24.81,25.03,25.03,25.0,24.82,25.01,24.51,24.66,25.43,25.44,25.32,25.06,24.75,25.03,24.98,24.98,24.81,24.92,24.82,25.0,25.05,24.93,24.51,24.66,25.51,25.38,25.34,24.83,24.78,24.75,24.94,24.86,24.92,24.75,24.88,24.79,24.88,24.97,24.88,24.56,25.24,25.44,25.19,24.91,24.76,24.82,24.77,24.94,24.86,24.86,24.71,24.71,24.79,24.92,24.66,24.67,24.56,24.88,25.1,24.99,24.84,24.75,24.88,24.88,24.88,24.88,24.75,24.78,24.78,24.96,24.88,24.59,24.78,24.84,25.05,25.22,24.81,24.78,24.78,24.91,25.03,24.85,24.78,24.67,24.81,24.72,24.66,24.78,24.56,24.87,25.06,25.54,25.05,24.92,24.66,24.66,24.81,25.03,24.76,24.5,24.63,24.97,24.78,24.96
30.14,26.34,25.16,24.66,24.46,24.76,24.5,24.88,24.56,24.56,24.79,24.94,24.88,24.52,24.59,24.78,24.82,24.9,24.69,24.41,24.61,24.79,24.66,24.88,24.75,24.64,24.64,24.75,24.69,24.81,24.69,24.58,24.66,24.66,24.41,24.61,24.74,24.69,24.78,24.84,24.77,24.69,24.75,24.66,24.76,24.66,24.93,24.74,24.67,24.56,24.75,24.7,24.75,24.62,24.8,24.59,24.68,24.66,24.82,24.85,24.88,24.84,24.84,24.69,24.59,24.58,24.5,24.69,24.78,24.69,24.77,24.79,24.69,24.69,24.88,24.92,24.87,24.82,24.88,24.78,24.69,24.77,24.7,24.78,24.73,24.59,24.79,24.71,24.69,24.85,24.82,24.81,24.81,25.0,24.94,24.71,24.63,24.59,24.95,24.87,24.76,24.73,24.81,24.96,24.85,24.92,24.82,25.03,24.93,24.92,24.94,24.88,24.78,24.81,24.82,24.84,24.88,24.74,24.69,24.86,24.96,24.72,24.92,25.03,24.93,25.03,25.0,24.88,24.78,24.81,24.82,24.97,24.94,24.88,24.77,24.86,24.86,24.75,24.92,25.1,25.03,25.0,25.0,25.0,24.94,24.91,25.0,25.0,25.0,24.86,25.0,24.93,24.93,24.85,24.85,25.03,25.03,25.0,24.82,24.96,24.56,24.66,25.33,25.44,25.32,25.15,24.8,25.03,24.93,24.93,24.85,24.92,24.82,25.0,25.01,24.97,24.56,24.66,25.4,25.38,25.39,24.92,24.86,24.8,24.89,24.86,24.92,24.8,24.88,24.79,24.88,24.92,24.83,24.56,25.3,25.55,25.23,24.95,24.76,24.87,24.77,24.89,24.91,24.86,24.75,24.71,24.75,24.87,24.66,24.73,24.56,24.88,25.15,24.99,24.84,24.75,24.88,24.88,24.88,24.88,24.8,24.72,24.78,24.91,24.88,24.59,24.78,24.84,25.05,25.27,24.86,24.78,24.78,24.95,25.03,24.9,24.78,24.61,24.81,24.78,24.66,24.78,24.56,24.96,25.06,25.48,24.98,24.86,24.66,24.66,24.81,25.03,24.7,24.5,24.69,24.9,24.78,24.96
30.3,26.34,25.16,24.66,24.46,24.67,24.58,24.88,24.64,24.56,24.71,24.78,24.79,24.61,24.59,24.66,24.82,24.9,24.69,24.41,24.52,24.71,24.66,24.88,24.75,24.58,24.64,24.75,24.69,24.88,24.77,24.49,24.56,24.66,24.51,24.52,24.74,24.69,24.78,24.84,24.77,24.69,24.75,24.72,24.83,24.66,24.86,24.74,24.76,24.66,24.75,24.61,24.75,24.69,24.86,24.65,24.61,24.66,24.82,24.92,24.88,24.78,24.84,24.69,24.68,24.58,24.58,24.69,24.78,24.75,24.82,24.79,24.69,24.69,24.88,24.98,24.92,24.82,24.88,24.78,24.76,24.85,24.61,24.71,24.73,24.59,24.86,24.66,24.69,24.85,24.76,24.81,24.81,24.93,24.94,24.71,24.63,24.59,24.95,24.73,24.76,24.67,24.81,24.96,24.85,24.86,24.82,25.03,24.93,24.92,24.88,24.88,24.78,24.88,24.82,24.84,24.88,24.74,24.76,24.86,24.96,24.72,24.86,25.03,24.93,24.96,25.0,24.88,24.85,24.88,24.82,24.9,24.87,24.88,24.7,24.86,24.86,24.75,24.92,25.1,25.03,24.94,25.0,25.0,24.94,24.84,24.86,24.94,25.0,24.91,25.0,24.88,24.88,24.85,24.9,25.09,25.03,24.94,24.82,24.89,24.63,24.73,25.19,25.38,25.32,25.26,24.91,25.09,24.93,24.88,24.9,24.92,24.89,25.0,24.95,24.91,24.63,24.72,25.34,25.31,25.45,25.11,25.04,24.86,24.83,24.86,24.86,24.86,24.88,24.86,24.88,24.86,24.77,24.64,25.3,25.61,25.3,25.14,24.83,24.92,24.82,24.83,24.91,24.86,24.81,24.76,24.75,24.8,24.73,24.82,24.66,24.88,25.22,25.05,24.91,24.75,24.88,24.88,24.88,24.88,24.92,24.72,24.78,24.84,24.88,24.69,24.89,24.94,25.14,25.27,24.92,24.78,24.78,24.95,24.97,24.97,24.78,24.61,24.81,24.78,24.66,24.78,24.69,24.96,25.06,25.31,24.9,24.86,24.66,24.66,24.88,25.03,24.7,24.59,24.76,24.8,24.78,24.96
30.37,26.34,25.16,24.66,24.46,24.63,24.63,24.88,24.68,24.56,24.69,24.7,24.74,24.63,24.59,24.59,24.82,24.9,24.69,24.41,24.5,24.69,24.66,24.86,24.75,24.56,24.66,24.75,24.69,24.9,24.81,24.47,24.53,24.66,24.57,24.5,24.74,24.69,24.78,24.84,24.77,24.67,24.77,24.75,24.84,24.66,24.82,24.74,24.78,24.69,24.75,24.59,24.75,24.72,24.88,24.68,24.59,24.66,24.84,24.94,24.88,24.77,24.84,24.69,24.72,24.58,24.61,24.69,24.78,24.77,24.84,24.78,24.69,24.69,24.89,25.0,24.94,24.82,24.88,24.78,24.79,24.88,24.59,24.67,24.75,24.59,24.88,24.61,24.69,24.85,24.75,24.8,24.8,24.9,24.94,24.72,24.63,24.59,24.93,24.68,24.78,24.66,24.8,24.95,24.85,24.85,24.83,25.03,24.93,24.91,24.85,24.88,24.78,24.9,24.81,24.84,24.88,24.76,24.79,24.85,24.95,24.74,24.85,25.03,24.93,24.93,25.0,24.88,24.88,24.9,24.81,24.85,24.83,24.89,24.69,24.85,24.85,24.75,24.93,25.12,25.03,24.91,25.0,25.0,24.94,24.81,24.81,24.9,25.0,24.95,25.0,24.85,24.85,24.85,24.93,25.12,25.03,24.91,24.84,24.88,24.66,24.77,25.14,25.34,25.31,25.32,24.97,25.12,24.93,24.85,24.93,24.93,24.91,25.0,24.94,24.88,24.66,24.76,25.3,25.28,25.47,25.19,25.13,24.89,24.8,24.85,24.85,24.89,24.89,24.88,24.88,24.84,24.75,24.68,25.26,25.61,25.33,25.23,24.88,24.94,24.84,24.8,24.9,24.88,24.84,24.78,24.75,24.78,24.77,24.84,24.71,24.88,25.25,25.1,24.94,24.77,24.88,24.88,24.88,24.88,24.96,24.72,24.78,24.81,24.88,24.73,24.95,24.96,25.16,25.25,24.95,24.78,24.78,24.95,24.95,25.0,24.78,24.61,24.79,24.76,24.66,24.78,24.76,24.96,25.06,25.23,24.88,24.86,24.66,24.66,24.9,25.03,24.72,24.63,24.78,24.76,24.78,24.99
30.5,26.34,25.09,24.66,24.52,24.6,24.69,24.84,24.73,24.6,24.69,24.63,24.68,24.63,24.59,24.56,24.82,24.83,24.69,24.46,24.58,24.69,24.66,24.81,24.72,24.59,24.71,24.72,24.69,24.9,24.86,24.51,24.53,24.66,24.65,24.54,24.78,24.69,24.75,24.84,24.77,24.62,24.81,24.76,24.84,24.66,24.76,24.78,24.78,24.64,24.75,24.63,24.78,24.78,24.84,24.72,24.63,24.68,24.85,24.94,24.88,24.77,24.84,24.69,24.74,24.58,24.67,24.72,24.78,24.73,24.81,24.72,24.72,24.69,24.91,24.97,24.94,24.82,24.88,24.78,24.81,24.88,24.63,24.65,24.79,24.59,24.85,24.55,24.72,24.85,24.78,24.75,24.75,24.88,24.94,24.78,24.6,24.59,24.88,24.7,24.82,24.66,24.75,24.9,24.88,24.85,24.85,25.0,24.9,24.89,24.84,24.88,24.75,24.86,24.76,24.88,24.88,24.78,24.81,24.81,24.93,24.79,24.88,25.0,24.93,24.91,25.02,24.88,24.9,24.86,24.79,24.82,24.82,24.91,24.69,24.81,24.81,24.75,24.98,25.13,25.03,24.89,25.0,25.03,24.94,24.76,24.79,24.88,25.03,25.02,25.0,24.83,24.81,24.85,24.98,25.16,25.0,24.89,24.88,24.88,24.71,24.79,25.09,25.26,25.27,25.38,25.08,25.16,24.93,24.81,24.98,24.98,24.91,24.97,24.94,24.86,24.75,24.81,25.21,25.2,25.41,25.32,25.28,24.99,24.78,24.83,24.88,24.97,24.94,24.88,24.88,24.84,24.75,24.73,25.14,25.52,25.38,25.38,25.03,24.97,24.84,24.78,24.85,24.93,24.88,24.75,24.75,24.78,24.82,24.84,24.74,24.88,25.31,25.26,25.02,24.81,24.88,24.88,24.88,24.88,24.97,24.72,24.78,24.79,24.88,24.76,24.98,24.96,25.12,25.23,25.03,24.82,24.82,24.95,24.95,25.06,24.82,24.64,24.77,24.71,24.66,24.78,24.86,25.02,25.06,25.1,24.88,24.89,24.69,24.66,24.86,25.03,24.78,24.73,24.78,24.69,24.78,25.09
30.59,26.34,24.99,24.66,24.61,24.6,24.76,24.78,24.79,24.66,24.69,24.57,24.61,24.63,24.59,24.56,24.82,24.72,24.69,24.54,24.72,24.69,24.66,24.77,24.66,24.64,24.76,24.66,24.69,24.9,24.92,24.58,24.53,24.66,24.72,24.61,24.84,24.69,24.7,24.84,24.77,24.58,24.86,24.76,24.84,24.66,24.71,24.84,24.78,24.56,24.75,24.7,24.83,24.83,24.8,24.76,24.68,24.73,24.85,24.94,24.88,24.77,24.84,24.69,24.74,24.58,24.72,24.78,24.78,24.69,24.77,24.67,24.77,24.69,24.91,24.92,24.94,24.82,24.88,24.78,24.81,24.88,24.7,24.65,24.83,24.59,24.79,24.51,24.77,24.85,24.82,24.7,24.7,24.88,24.94,24.83,24.54,24.59,24.82,24.75,24.86,24.66,24.7,24.86,24.92,24.85,24.85,24.96,24.86,24.89,24.84,24.88,24.7,24.81,24.7,24.92,24.88,24.78,24.81,24.76,24.93,24.83,24.92,24.96,24.93,24.91,25.06,24.88,24.9,24.81,24.79,24.82,24.82,24.91,24.69,24.76,24.76,24.75,25.02,25.13,25.03,24.89,25.0,25.08,24.94,24.7,24.79,24.88,25.08,25.07,25.0,24.83,24.76,24.85,25.02,25.2,24.96,24.89,24.92,24.88,24.76,24.79,25.05,25.16,25.23,25.43,25.21,25.2,24.93,24.76,25.02,25.02,24.91,24.92,24.94,24.86,24.85,24.86,25.1,25.11,25.31,25.45,25.45,25.12,24.78,24.83,24.92,25.06,24.98,24.88,24.88,24.84,24.75,24.79,25.02,25.42,25.42,25.52,25.21,25.02,24.84,24.78,24.79,24.98,24.92,24.71,24.75,24.78,24.88,24.84,24.74,24.88,25.36,25.45,25.11,24.86,24.88,24.88,24.88,24.88,24.97,24.72,24.78,24.79,24.88,24.76,24.98,24.96,25.05,25.23,25.12,24.87,24.87,24.95,24.95,25.11,24.87,24.69,24.77,24.65,24.66,24.78,24.96,25.11,25.06,24.98,24.88,24.94,24.75,24.66,24.81,25.03,24.84,24.86,24.78,24.62,24.78,25.19
30.7,26.34,24.93,24.69,24.61,24.56,24.78,24.76,24.82,24.69,24.68,24.55,24.57,24.65,24.59,24.53,24.79,24.72,24.72,24.57,24.74,24.68,24.68,24.77,24.65,24.64,24.78,24.65,24.71,24.9,24.92,24.6,24.53,24.69,24.78,24.61,24.84,24.69,24.68,24.84,24.77,24.58,24.88,24.76,24.84,24.68,24.69,24.86,24.78,24.56,24.75,24.72,24.86,24.84,24.77,24.79,24.7,24.75,24.85,24.94,24.86,24.78,24.84,24.71,24.74,24.58,24.74,24.82,24.78,24.69,24.77,24.66,24.78,24.7,24.91,24.91,24.92,24.83,24.88,24.78,24.81,24.85,24.72,24.65,24.84,24.59,24.78,24.5,24.81,24.85,24.85,24.69,24.69,24.88,24.95,24.84,24.54,24.59,24.81,24.76,24.88,24.66,24.69,24.83,24.92,24.83,24.85,24.93,24.86,24.89,24.84,24.88,24.68,24.79,24.7,24.95,24.88,24.78,24.81,24.75,24.92,24.85,24.92,24.95,24.95,24.91,25.08,24.86,24.9,24.79,24.81,24.83,24.82,24.89,24.69,24.76,24.76,24.76,25.03,25.14,25.03,24.89,25.01,25.08,24.91,24.69,24.81,24.9,25.08,25.09,24.98,24.83,24.75,24.85,25.03,25.21,24.95,24.89,24.94,24.88,24.78,24.79,25.01,25.12,25.2,25.42,25.26,25.23,24.96,24.78,25.03,25.03,24.91,24.91,24.94,24.85,24.88,24.88,25.07,25.06,25.25,25.5,25.51,25.2,24.81,24.86,24.95,25.09,24.98,24.88,24.88,24.86,24.77,24.81,24.97,25.36,25.42,25.56,25.3,25.07,24.88,24.81,24.78,24.98,24.94,24.71,24.76,24.8,24.9,24.82,24.74,24.88,25.38,25.52,25.17,24.92,24.9,24.88,24.89,24.88,24.97,24.74,24.78,24.81,24.88,24.76,24.98,24.96,25.05,25.22,25.19,24.93,24.88,24.95,24.95,25.12,24.88,24.72,24.77,24.61,24.66,24.78,24.99,25.11,25.04,24.93,24.88,24.98,24.79,24.68,24.81,25.03,24.88,24.92,24.76,24.62,24.78,25.22
30.81,26.34,24.83,24.78,24.52,24.42,24.78,24.76,24.88,24.75,24.62,24.55,24.5,24.72,24.59,24.44,24.69,24.83,24.81,24.57,24.67,24.62,24.73,24.81,24.65,24.59,24.78,24.65,24.76,24.9,24.86,24.6,24.53,24.79,24.86,24.54,24.78,24.69,24.68,24.84,24.77,24.62,24.88,24.76,24.84,24.73,24.69,24.86,24.78,24.64,24.75,24.72,24.91,24.84,24.72,24.83,24.7,24.8,24.85,24.94,24.82,24.83,24.84,24.76,24.74,24.58,24.74,24.88,24.78,24.73,24.81,24.66,24.78,24.75,24.91,24.91,24.88,24.89,24.88,24.78,24.81,24.79,24.72,24.65,24.84,24.59,24.78,24.55,24.86,24.85,24.89,24.69,24.69,24.88,24.99,24.84,24.6,24.59,24.81,24.76,24.88,24.66,24.69,24.79,24.88,24.79,24.85,24.89,24.9,24.89,24.84,24.88,24.68,24.79,24.76,25.0,24.88,24.78,24.81,24.75,24.88,24.85,24.88,24.95,24.99,24.91,25.08,24.82,24.9,24.79,24.86,24.88,24.82,24.84,24.69,24.81,24.81,24.81,25.03,25.19,25.03,24.89,25.05,25.03,24.82,24.69,24.86,24.95,25.03,25.09,24.94,24.83,24.75,24.85,25.03,25.21,24.95,24.89,24.94,24.88,24.78,24.79,24.96,25.07,25.15,25.33,25.26,25.27,25.05,24.86,25.03,25.03,24.91,24.91,24.94,24.81,24.88,24.88,25.07,25.02,25.16,25.5,25.51,25.28,24.91,24.95,24.99,25.09,24.94,24.88,24.88,24.91,24.81,24.81,24.9,25.31,25.38,25.56,25.4,25.2,25.01,24.89,24.78,24.93,24.94,24.75,24.8,24.85,24.9,24.76,24.74,24.88,25.38,25.52,25.27,25.06,24.99,24.88,24.94,24.88,24.97,24.79,24.78,24.86,24.88,24.76,24.98,24.96,25.12,25.17,25.29,25.08,24.88,24.95,24.95,25.12,24.88,24.78,24.77,24.56,24.66,24.78,24.99,25.02,24.97,24.93,24.88,25.04,24.84,24.73,24.86,25.03,24.94,24.98,24.71,24.69,24.78,25.22
30.92,26.34,24.73,24.86,24.43,24.29,24.78,24.76,24.94,24.81,24.56,24.55,24.44,24.78,24.59,24.34,24.59,24.94,24.91,24.57,24.61,24.56,24.79,24.86,24.65,24.54,24.78,24.65,24.82,24.9,24.81,24.6,24.53,24.89,24.94,24.48,24.72,24.69,24.68,24.84,24.77,24.67,24.88,24.76,24.84,24.78,24.69,24.86,24.78,24.72,24.75,24.72,24.95,24.84,24.67,24.88,24.7,24.84,24.85,24.94,24.78,24.88,24.84,24.82,24.74,24.58,24.74,24.93,24.78,24.78,24.85,24.66,24.78,24.8,24.91,24.91,24.84,24.94,24.88,24.78,24.81,24.72,24.72,24.65,24.84,24.59,24.78,24.59,24.91,24.85,24.93,24.69,24.69,24.88,25.04,24.84,24.65,24.59,24.81,24.76,24.88,24.66,24.69,24.75,24.83,24.75,24.85,24.85,24.95,24.89,24.84,24.88,24.68,24.79,24.81,25.05,24.88,24.78,24.81,24.75,24.83,24.85,24.83,24.95,25.03,24.91,25.08,24.78,24.9,24.79,24.91,24.93,24.82,24.8,24.69,24.85,24.85,24.85,25.03,25.23,25.03,24.89,25.09,24.98,24.72,24.69,24.91,25.0,24.98,25.09,24.89,24.83,24.75,24.85,25.03,25.21,24.95,24.89,24.94,24.88,24.78,24.79,24.9,25.02,25.1,25.24,25.26,25.31,25.13,24.95,25.03,25.03,24.91,24.91,24.94,24.77,24.88,24.88,25.07,24.97,25.06,25.5,25.51,25.37,25.0,25.03,25.03,25.09,24.89,24.88,24.88,24.95,24.86,24.81,24.84,25.25,25.33,25.56,25.5,25.33,25.15,24.98,24.78,24.88,24.94,24.79,24.84,24.9,24.9,24.69,24.74,24.88,25.38,25.52,25.36,25.19,25.08,24.88,25.0,24.88,24.97,24.84,24.78,24.91,24.88,24.76,24.98,24.96,25.18,25.12,25.4,25.22,24.88,24.95,24.95,25.12,24.88,24.84,24.77,24.5,24.66,24.78,24.99,24.93,24.9,24.93,24.88,25.1,24.9,24.79,24.92,25.03,25.0,25.05,24.65,24.76,24.78,25.22
31.01,26.34,24.73,24.95,24.43,24.35,24.72,24.76,24.88,24.86,24.56,24.61,24.44,24.78,24.59,24.44,24.59,24.94,25.0,24.65,24.61,24.56,24.79,24.86,24.65,24.59,24.78,24.65,24.88,24.84,24.75,24.66,24.53,24.98,24.94,24.54,24.72,24.69,24.68,24.84,24.72,24.67,24.83,24.76,24.89,24.78,24.69,24.86,24.78,24.72,24.75,24.72,24.95,24.84,24.67,24.88,24.7,24.88,24.85,24.94,24.78,24.88,24.84,24.82,24.74,24.58,24.69,24.93,24.73,24.78,24.85,24.66,24.78,24.8,24.91,24.91,24.84,24.94,24.83,24.78,24.76,24.66,24.78,24.71,24.8,24.65,24.78,24.63,24.91,24.85,24.93,24.73,24.73,24.93,25.04,24.84,24.65,24.65,24.86,24.82,24.83,24.66,24.73,24.79,24.83,24.75,24.81,24.85,24.95,24.89,24.88,24.88,24.68,24.73,24.81,25.05,24.88,24.72,24.81,24.75,24.79,24.85,24.88,24.99,24.99,24.91,25.08,24.78,24.85,24.73,24.96,24.98,24.87,24.8,24.74,24.89,24.85,24.85,25.03,25.23,25.03,24.94,25.09,25.03,24.72,24.69,24.91,25.0,24.98,25.05,24.89,24.83,24.75,24.85,25.07,25.21,24.95,24.94,24.94,24.88,24.78,24.73,24.84,24.97,25.05,25.15,25.22,25.27,25.13,25.03,25.07,25.03,24.91,24.91,24.9,24.81,24.94,24.88,25.01,24.92,24.97,25.4,25.43,25.37,25.13,25.12,25.12,25.09,24.89,24.88,24.83,24.95,24.91,24.81,24.9,25.2,25.23,25.42,25.5,25.42,25.27,25.1,24.87,24.88,24.98,24.84,24.84,24.85,24.9,24.69,24.74,24.88,25.32,25.42,25.36,25.28,25.27,25.01,25.0,24.88,24.93,24.89,24.78,24.91,24.82,24.69,24.98,24.96,25.12,25.12,25.4,25.32,25.03,25.09,24.95,25.07,24.88,24.89,24.77,24.56,24.66,24.78,24.99,24.93,24.83,24.93,24.94,25.1,25.0,24.84,24.92,25.03,25.0,25.05,24.65,24.76,24.78,25.22
31.23,26.34,24.73,25.04,24.43,24.42,24.65,24.76,24.82,24.92,24.56,24.67,24.44,24.78,24.59,24.53,24.59,24.94,25.09,24.72,24.61,24.56,24.79,24.86,24.65,24.64,24.78,24.65,24.93,24.79,24.69,24.73,24.53,25.08,24.94,24.61,24.72,24.69,24.68,24.84,24.67,24.67,24.78,24.76,24.94,24.78,24.69,24.86,24.78,24.72,24.75,24.72,24.95,24.84,24.67,24.88,24.7,24.92,24.85,24.94,24.78,24.88,24.84,24.82,24.74,24.58,24.63,24.93,24.68,24.78,24.85,24.66,24.78,24.8,24.91,24.91,24.84,24.94,24.78,24.78,24.7,24.59,24.84,24.76,24.76,24.7,24.78,24.67,24.91,24.85,24.93,24.78,24.78,24.98,25.04,24.84,24.65,24.72,24.91,24.87,24.79,24.66,24.78,24.83,24.83,24.75,24.76,24.85,24.95,24.89,24.92,24.88,24.68,24.68,24.81,25.05,24.88,24.67,24.81,24.75,24.74,24.85,24.92,25.03,24.95,24.91,25.08,24.78,24.8,24.68,25.01,25.03,24.92,24.8,24.79,24.93,24.85,24.85,25.03,25.23,25.03,24.98,25.09,25.08,24.72,24.69,24.91,25.0,24.98,25.01,24.89,24.83,24.75,24.85,25.12,25.21,24.95,24.98,24.94,24.88,24.78,24.68,24.79,24.92,25.0,25.06,25.18,25.23,25.13,25.12,25.12,25.03,24.91,24.91,24.85,24.86,24.99,24.88,24.96,24.88,24.88,25.3,25.35,25.37,25.26,25.2,25.2,25.09,24.89,24.88,24.79,24.95,24.95,24.81,24.97,25.16,25.13,25.28,25.5,25.5,25.4,25.23,24.95,24.88,25.03,24.89,24.84,24.79,24.9,24.69,24.74,24.88,25.27,25.32,25.36,25.37,25.46,25.15,25.0,24.88,24.89,24.94,24.78,24.91,24.76,24.62,24.98,24.96,25.05,25.12,25.4,25.42,25.18,25.22,24.95,25.02,24.88,24.94,24.77,24.61,24.66,24.78,24.99,24.93,24.76,24.93,25.01,25.1,25.11,24.9,24.92,25.03,25.0,25.05,24.65,24.76,24.78,25.22
31.42,26.34,24.7,25.13,24.46,24.38,24.65,24.8,24.82,24.88,24.56,24.69,24.44,24.78,24.66,24.47,24.59,24.9,25.09,24.75,24.52,24.56,24.79,24.86,24.73,24.66,24.78,24.63,24.93,24.79,24.64,24.68,24.53,25.08,24.94,24.63,24.68,24.64,24.71,24.84,24.67,24.67,24.73,24.79,24.94,24.78,24.69,24.82,24.78,24.77,24.75,24.68,24.92,24.84,24.7,24.88,24.66,24.9,24.88,24.94,24.78,24.88,24.84,24.82,24.78,24.64,24.63,24.89,24.63,24.81,24.88,24.71,24.75,24.8,24.94,24.94,24.84,24.89,24.78,24.78,24.74,24.59,24.8,24.78,24.76,24.75,24.81,24.73,24.88,24.85,24.95,24.83,24.83,25.0,25.04,24.84,24.68,24.78,24.96,24.85,24.75,24.66,24.78,24.83,24.81,24.75,24.75,24.88,24.98,24.91,24.94,24.88,24.66,24.71,24.81,25.02,24.88,24.66,24.79,24.79,24.71,24.85,24.93,25.06,24.95,24.93,25.0,24.73,24.78,24.71,24.98,25.02,24.94,24.83,24.84,24.98,24.85,24.85,25.03,25.29,25.07,25.0,25.09,25.05,24.72,24.69,24.93,24.97,24.9,25.0,24.84,24.85,24.75,24.85,25.12,25.17,24.98,25.0,24.94,24.83,24.78,24.71,24.79,24.9,24.94,25.0,25.11,25.19,25.13,25.16,25.16,25.03,24.91,24.94,24.85,24.88,24.9,24.88,24.94,24.91,24.84,25.18,25.24,25.31,25.28,25.26,25.29,25.06,24.93,24.88,24.84,24.95,24.95,24.81,25.03,25.14,25.03,25.14,25.39,25.52,25.4,25.33,25.13,24.92,25.08,24.92,24.84,24.79,24.84,24.69,24.79,24.88,25.16,25.16,25.28,25.37,25.51,25.24,25.08,24.93,24.88,24.98,24.78,24.88,24.71,24.59,24.95,24.96,25.03,25.04,25.37,25.44,25.19,25.31,25.05,25.02,24.9,24.95,24.79,24.61,24.66,24.78,24.99,24.87,24.76,24.93,25.01,25.07,25.17,24.9,24.9,24.98,25.0,25.01,24.65,24.76,24.78,25.12
31.5,26.34,24.7,25.13,24.46,24.38,24.65,24.8,24.82,24.86,24.56,24.69,24.46,24.78,24.66,24.47,24.63,24.94,25.09,24.75,24.48,24.58,24.81,24.86,24.75,24.64,24.78,24.65,24.93,24.77,24.62,24.68,24.56,25.08,24.91,24.63,24.65,24.65,24.73,24.84,24.67,24.69,24.73,24.8,24.94,24.78,24.69,24.82,24.78,24.8,24.72,24.65,24.91,24.84,24.72,24.86,24.65,24.88,24.9,24.94,24.78,24.88,24.84,24.82,24.8,24.64,24.61,24.88,24.63,24.83,24.88,24.71,24.73,24.8,24.97,24.95,24.84,24.87,24.78,24.78,24.76,24.57,24.78,24.78,24.76,24.75,24.81,24.72,24.86,24.86,24.95,24.83,24.83,24.98,25.04,24.86,24.7,24.78,24.96,24.83,24.75,24.67,24.78,24.83,24.81,24.75,24.76,24.89,24.99,24.89,24.94,24.88,24.68,24.71,24.82,25.0,24.88,24.66,24.79,24.79,24.71,24.86,24.93,25.07,24.95,24.93,25.0,24.73,24.78,24.71,24.96,25.0,24.94,24.83,24.84,24.98,24.85,24.86,25.03,25.29,25.07,25.0,25.1,25.03,24.72,24.69,24.93,24.95,24.88,24.98,24.83,24.83,24.75,24.86,25.12,25.17,24.99,25.0,24.95,24.85,24.78,24.71,24.77,24.9,24.93,24.98,25.07,25.16,25.12,25.17,25.17,25.05,24.92,24.95,24.85,24.88,24.9,24.86,24.94,24.91,24.84,25.13,25.2,25.28,25.26,25.26,25.31,25.08,24.95,24.88,24.84,24.95,24.97,24.81,25.03,25.12,25.0,25.09,25.34,25.49,25.4,25.33,25.18,24.93,25.12,24.94,24.84,24.81,24.82,24.69,24.81,24.88,25.13,25.11,25.25,25.38,25.51,25.24,25.1,24.96,24.92,25.0,24.78,24.86,24.71,24.62,24.95,24.96,25.03,25.0,25.33,25.44,25.19,25.31,25.05,25.04,24.92,24.95,24.79,24.61,24.66,24.78,24.99,24.84,24.76,24.93,25.01,25.05,25.19,24.92,24.9,24.96,25.0,24.99,24.65,24.78,24.75,25.09
31.65,26.34,24.7,25.13,24.46,24.38,24.65,24.8,24.82,24.82,24.56,24.69,24.5,24.78,24.66,24.47,24.69,25.01,25.09,24.75,24.39,24.62,24.84,24.86,24.78,24.61,24.78,24.68,24.93,24.73,24.58,24.68,24.61,25.08,24.86,24.63,24.61,24.69,24.76,24.84,24.67,24.72,24.73,24.83,24.94,24.78,24.69,24.82,24.78,24.85,24.68,24.61,24.88,24.84,24.75,24.83,24.61,24.85,24.92,24.94,24.78,24.88,24.84,24.82,24.84,24.64,24.58,24.84,24.63,24.86,24.88,24.71,24.7,24.8,25.02,24.98,24.84,24.83,24.78,24.78,24.79,24.52,24.74,24.78,24.76,24.75,24.81,24.69,24.82,24.89,24.95,24.83,24.83,24.95,25.04,24.89,24.73,24.78,24.96,24.8,24.75,24.7,24.78,24.83,24.81,24.75,24.79,24.92,25.02,24.86,24.94,24.88,24.71,24.71,24.86,24.97,24.88,24.66,24.79,24.79,24.71,24.89,24.93,25.1,24.95,24.93,25.0,24.73,24.78,24.71,24.93,24.97,24.94,24.83,24.84,24.98,24.85,24.89,25.03,25.29,25.07,25.0,25.12,25.0,24.72,24.69,24.93,24.92,24.85,24.95,24.8,24.81,24.75,24.89,25.12,25.17,25.02,25.0,24.98,24.88,24.78,24.71,24.73,24.9,24.89,24.95,24.98,25.1,25.09,25.2,25.2,25.07,24.95,24.98,24.85,24.88,24.9,24.83,24.94,24.91,24.84,25.04,25.13,25.22,25.23,25.26,25.34,25.1,25.01,24.88,24.84,24.95,25.0,24.81,25.03,25.08,24.93,25.0,25.25,25.43,25.4,25.33,25.26,24.95,25.2,24.96,24.84,24.84,24.79,24.69,24.86,24.88,25.06,25.02,25.19,25.41,25.51,25.24,25.14,25.02,25.01,25.03,24.78,24.82,24.71,24.66,24.95,24.96,25.03,24.93,25.27,25.44,25.19,25.31,25.05,25.07,24.95,24.95,24.79,24.61,24.66,24.78,24.99,24.78,24.76,24.93,25.01,25.02,25.22,24.96,24.9,24.92,25.0,24.96,24.65,24.83,24.7,25.02
31.75,26.34,24.7,25.13,24.46,24.38,24.65,24.8,24.82,24.81,24.56,24.69,24.52,24.78,24.66,24.47,24.72,25.05,25.09,24.75,24.34,24.64,24.86,24.86,24.8,24.59,24.78,24.7,24.93,24.71,24.56,24.68,24.64,25.08,24.83,24.63,24.59,24.71,24.78,24.84,24.67,24.73,24.73,24.84,24.94,24.78,24.69,24.82,24.78,24.88,24.65,24.59,24.86,24.84,24.77,24.82,24.59,24.84,24.94,24.94,24.78,24.88,24.84,24.82,24.86,24.64,24.56,24.82,24.63,24.88,24.88,24.71,24.69,24.8,25.05,25.0,24.84,24.82,24.78,24.78,24.81,24.5,24.72,24.78,24.76,24.75,24.81,24.68,24.81,24.9,24.95,24.83,24.83,24.93,25.04,24.91,24.75,24.78,24.96,24.78,24.75,24.71,24.78,24.83,24.81,24.75,24.81,24.93,25.03,24.84,24.94,24.88,24.73,24.71,24.88,24.95,24.88,24.66,24.79,24.79,24.71,24.9,24.93,25.12,24.95,24.93,25.0,24.73,24.78,24.71,24.91,24.95,24.94,24.83,24.84,24.98,24.85,24.9,25.03,25.29,25.07,25.0,25.14,24.98,24.72,24.69,24.93,24.9,24.83,24.93,24.78,24.79,24.75,24.9,25.12,25.17,25.03,25.0,25.0,24.9,24.78,24.71,24.71,24.9,24.88,24.94,24.94,25.07,25.07,25.21,25.21,25.09,24.97,25.0,24.85,24.88,24.9,24.81,24.94,24.91,24.84,25.0,25.09,25.2,25.22,25.26,25.35,25.11,25.03,24.88,24.84,24.95,25.02,24.81,25.03,25.07,24.9,24.95,25.21,25.4,25.4,25.33,25.31,24.97,25.25,24.98,24.84,24.86,24.77,24.69,24.89,24.88,25.02,24.97,25.16,25.43,25.51,25.24,25.15,25.05,25.06,25.05,24.78,24.81,24.71,24.69,24.95,24.96,25.03,24.9,25.24,25.44,25.19,25.31,25.05,25.08,24.96,24.95,24.79,24.61,24.66,24.78,24.99,24.75,24.76,24.93,25.01,25.0,25.23,24.98,24.9,24.9,25.0,24.94,24.65,24.85,24.67,24.99
31.82,26.34,24.73,25.1,24.46,24.4,24.63,24.8,24.79,24.79,24.56,24.68,24.52,24.76,24.66,24.5,24.72,25.05,25.06,24.75,24.37,24.66,24.84,24.84,24.8,24.61,24.78,24.71,24.91,24.71,24.58,24.68,24.64,25.05,24.8,24.63,24.61,24.71,24.8,24.83,24.67,24.72,24.73,24.84,24.92,24.78,24.69,24.82,24.78,24.85,24.65,24.59,24.86,24.84,24.77,24.8,24.59,24.82,24.94,24.94,24.78,24.88,24.84,24.8,24.88,24.66,24.56,24.8,24.64,24.88,24.87,24.71,24.69,24.8,25.05,25.0,24.84,24.8,24.78,24.78,24.81,24.5,24.72,24.78,24.76,24.75,24.81,24.68,24.79,24.89,24.95,24.83,24.83,24.93,25.02,24.91,24.75,24.78,24.95,24.78,24.75,24.71,24.78,24.83,24.81,24.76,24.82,24.95,25.03,24.84,24.94,24.88,24.73,24.71,24.86,24.94,24.88,24.67,24.79,24.79,24.71,24.9,24.95,25.12,24.95,24.91,25.0,24.77,24.78,24.71,24.89,24.94,24.92,24.83,24.84,24.96,24.83,24.89,25.03,25.29,25.07,24.98,25.12,25.0,24.74,24.69,24.91,24.88,24.83,24.93,24.78,24.79,24.75,24.9,25.13,25.19,25.03,25.0,25.02,24.92,24.78,24.71,24.73,24.88,24.88,24.94,24.92,25.05,25.05,25.21,25.23,25.11,25.0,25.01,24.85,24.89,24.88,24.81,24.92,24.89,24.86,25.0,25.06,25.15,25.18,25.26,25.35,25.15,25.06,24.91,24.87,24.94,25.0,24.81,25.03,25.05,24.88,24.95,25.18,25.35,25.35,25.31,25.33,25.01,25.26,25.0,24.86,24.86,24.79,24.71,24.89,24.88,24.98,24.97,25.12,25.38,25.48,25.24,25.15,25.05,25.09,25.08,24.8,24.81,24.71,24.69,24.95,24.96,25.01,24.9,25.21,25.39,25.19,25.3,25.05,25.07,24.98,24.97,24.79,24.63,24.66,24.78,24.99,24.75,24.78,24.91,25.01,24.98,25.23,24.98,24.9,24.9,25.0,24.92,24.67,24.85,24.67,24.96
31.95,26.34,24.8,25.04,24.46,24.44,24.58,24.8,24.71,24.75,24.56,24.64,24.52,24.72,24.66,24.56,24.72,25.05,25.0,24.75,24.41,24.69,24.81,24.81,24.8,24.64,24.78,24.75,24.88,24.71,24.62,24.68,24.64,24.98,24.75,24.63,24.65,24.71,24.83,24.79,24.67,24.69,24.73,24.84,24.89,24.78,24.69,24.82,24.78,24.8,24.65,24.59,24.86,24.84,24.77,24.78,24.59,24.8,24.94,24.94,24.78,24.88,24.84,24.76,24.92,24.71,24.56,24.76,24.68,24.88,24.84,24.71,24.69,24.8,25.05,25.0,24.84,24.77,24.78,24.78,24.81,24.5,24.72,24.78,24.76,24.75,24.81,24.68,24.76,24.86,24.95,24.83,24.83,24.93,24.99,24.91,24.75,24.78,24.91,24.78,24.75,24.71,24.78,24.83,24.81,24.79,24.85,24.98,25.03,24.84,24.94,24.88,24.73,24.71,24.82,24.91,24.88,24.71,24.79,24.79,24.71,24.9,24.98,25.12,24.95,24.88,25.0,24.83,24.78,24.71,24.86,24.91,24.89,24.83,24.84,24.93,24.81,24.86,25.03,25.29,25.07,24.95,25.1,25.03,24.78,24.69,24.88,24.85,24.83,24.93,24.78,24.79,24.75,24.9,25.16,25.21,25.03,25.0,25.05,24.95,24.78,24.71,24.77,24.85,24.88,24.94,24.89,24.99,24.99,25.21,25.26,25.17,25.06,25.04,24.85,24.92,24.85,24.81,24.88,24.86,24.89,25.0,25.0,25.07,25.12,25.26,25.35,25.24,25.12,24.97,24.93,24.91,24.97,24.81,25.03,25.02,24.85,24.95,25.11,25.23,25.27,25.29,25.39,25.1,25.29,25.03,24.89,24.86,24.82,24.76,24.89,24.88,24.91,24.97,25.06,25.29,25.42,25.24,25.15,25.05,25.15,25.14,24.83,24.81,24.71,24.69,24.95,24.96,24.96,24.9,25.14,25.29,25.19,25.27,25.05,25.03,25.02,25.0,24.79,24.67,24.66,24.78,24.99,24.75,24.83,24.87,25.01,24.94,25.23,24.98,24.9,24.9,25.0,24.87,24.71,24.85,24.67,24.89
32.09,26.34,24.86,24.98,24.46,24.48,24.54,24.8,24.63,24.71,24.56,24.6,24.52,24.67,24.66,24.62,24.72,25.05,24.94,24.75,24.45,24.73,24.77,24.78,24.8,24.68,24.78,24.78,24.84,24.71,24.66,24.68,24.64,24.92,24.7,24.63,24.7,24.71,24.87,24.76,24.67,24.66,24.73,24.84,24.85,24.78,24.69,24.82,24.78,24.74,24.65,24.59,24.86,24.84,24.77,24.75,24.59,24.77,24.94,24.94,24.78,24.88,24.84,24.72,24.96,24.76,24.56,24.72,24.71,24.88,24.81,24.71,24.69,24.8,25.05,25.0,24.84,24.73,24.78,24.78,24.81,24.5,24.72,24.78,24.76,24.75,24.81,24.68,24.72,24.83,24.95,24.83,24.83,24.93,24.97,24.91,24.75,24.78,24.88,24.78,24.75,24.71,24.78,24.83,24.81,24.82,24.88,25.0,25.03,24.84,24.94,24.88,24.73,24.71,24.79,24.88,24.88,24.74,24.79,24.79,24.71,24.9,25.0,25.12,24.95,24.84,25.0,24.89,24.78,24.71,24.82,24.88,24.85,24.83,24.84,24.9,24.78,24.83,25.03,25.29,25.07,24.92,25.08,25.06,24.81,24.69,24.84,24.82,24.83,24.93,24.78,24.79,24.75,24.9,25.19,25.24,25.03,25.0,25.08,24.99,24.78,24.71,24.81,24.82,24.88,24.94,24.86,24.93,24.93,25.21,25.28,25.22,25.12,25.06,24.85,24.95,24.82,24.81,24.84,24.83,24.92,25.0,24.94,24.98,25.06,25.26,25.35,25.32,25.18,25.03,24.99,24.88,24.94,24.81,25.03,24.99,24.82,24.95,25.04,25.12,25.18,25.26,25.44,25.19,25.32,25.06,24.92,24.86,24.86,24.8,24.89,24.88,24.84,24.97,25.0,25.2,25.36,25.24,25.15,25.05,25.2,25.2,24.87,24.81,24.71,24.69,24.95,24.96,24.92,24.9,25.07,25.2,25.19,25.24,25.05,25.0,25.05,25.03,24.79,24.71,24.66,24.78,24.99,24.75,24.88,24.82,25.01,24.9,25.23,24.98,24.9,24.9,25.0,24.83,24.74,24.85,24.67,24.82
32.15,26.34,24.89,24.95,24.46,24.51,24.52,24.8,24.59,24.69,24.56,24.58,24.52,24.65,24.66,24.66,24.72,25.05,24.91,24.75,24.48,24.75,24.75,24.77,24.8,24.7,24.78,24.79,24.82,24.71,24.68,24.68,24.64,24.89,24.67,24.63,24.72,24.71,24.88,24.74,24.67,24.64,24.73,24.84,24.83,24.78,24.69,24.82,24.78,24.72,24.65,24.59,24.86,24.84,24.77,24.73,24.59,24.75,24.94,24.94,24.78,24.88,24.84,24.71,24.98,24.79,24.56,24.71,24.73,24.88,24.8,24.71,24.69,24.8,25.05,25.0,24.84,24.71,24.78,24.78,24.81,24.5,24.72,24.78,24.76,24.75,24.81,24.68,24.7,24.82,24.95,24.83,24.83,24.93,24.95,24.91,24.75,24.78,24.86,24.78,24.75,24.71,24.78,24.83,24.81,24.83,24.89,25.02,25.03,24.84,24.94,24.88,24.73,24.71,24.77,24.86,24.88,24.76,24.79,24.79,24.71,24.9,25.02,25.12,24.95,24.82,25.0,24.92,24.78,24.71,24.81,24.86,24.83,24.83,24.84,24.89,24.76,24.82,25.03,25.29,25.07,24.91,25.06,25.08,24.83,24.69,24.82,24.8,24.83,24.93,24.78,24.79,24.75,24.9,25.2,25.26,25.03,25.0,25.09,25.0,24.78,24.71,24.82,24.8,24.88,24.94,24.84,24.9,24.9,25.21,25.3,25.25,25.15,25.08,24.85,24.96,24.8,24.81,24.82,24.81,24.94,25.0,24.91,24.93,25.03,25.26,25.35,25.37,25.2,25.06,25.02,24.86,24.92,24.81,25.03,24.97,24.8,24.95,25.01,25.06,25.14,25.25,25.47,25.23,25.34,25.08,24.94,24.86,24.88,24.82,24.89,24.88,24.8,24.97,24.97,25.15,25.33,25.24,25.15,25.05,25.23,25.23,24.88,24.81,24.71,24.69,24.95,24.96,24.9,24.9,25.03,25.15,25.19,25.22,25.05,24.98,25.07,25.05,24.79,24.72,24.66,24.78,24.99,24.75,24.9,24.8,25.01,24.88,25.23,24.98,24.9,24.9,25.0,24.81,24.76,24.85,24.67,24.79
32.29,26.34,24.93,24.89,24.46,24.53,24.5,24.8,24.53,24.66,24.56,24.56,24.52,24.61,24.66,24.69,24.72,25.05,24.84,24.72,24.52,24.79,24.73,24.75,24.8,24.71,24.78,24.82,24.78,24.71,24.71,24.68,24.66,24.82,24.62,24.61,24.76,24.71,24.92,24.71,24.67,24.62,24.75,24.84,24.78,24.78,24.69,24.84,24.78,24.66,24.65,24.59,24.88,24.84,24.75,24.71,24.59,24.73,24.94,24.94,24.76,24.88,24.84,24.69,25.0,24.81,24.56,24.69,24.78,24.88,24.77,24.71,24.69,24.81,25.05,25.0,24.82,24.68,24.8,24.78,24.81,24.5,24.7,24.78,24.77,24.73,24.79,24.68,24.69,24.81,24.96,24.81,24.81,24.93,24.94,24.91,24.75,24.76,24.82,24.78,24.76,24.71,24.77,24.82,24.81,24.86,24.92,25.03,25.03,24.86,24.94,24.88,24.73,24.71,24.76,24.84,24.88,24.79,24.77,24.79,24.73,24.92,25.03,25.1,24.96,24.81,25.0,24.97,24.78,24.71,24.77,24.84,24.8,24.81,24.82,24.86,24.75,24.81,25.03,25.29,25.07,24.88,25.05,25.1,24.84,24.69,24.81,24.78,24.83,24.93,24.77,24.79,24.75,24.92,25.21,25.27,25.03,25.0,25.12,25.04,24.78,24.71,24.86,24.78,24.88,24.94,24.81,24.86,24.86,25.21,25.31,25.3,25.2,25.1,24.87,24.99,24.75,24.79,24.79,24.8,24.97,25.01,24.86,24.88,24.95,25.26,25.35,25.45,25.24,25.1,25.09,24.84,24.89,24.79,25.01,24.96,24.78,24.97,24.96,24.96,25.04,25.21,25.51,25.3,25.36,25.1,24.97,24.89,24.9,24.84,24.86,24.88,24.75,24.99,24.92,25.08,25.24,25.19,25.17,25.05,25.29,25.28,24.92,24.82,24.72,24.69,24.92,24.94,24.88,24.9,25.0,25.07,25.14,25.16,25.06,24.96,25.1,25.06,24.79,24.74,24.66,24.78,24.96,24.75,24.95,24.78,24.98,24.84,25.22,24.98,24.9,24.9,25.0,24.76,24.78,24.88,24.67,24.73
32.35,26.34,24.93,24.86,24.46,24.53,24.5,24.8,24.51,24.64,24.56,24.56,24.52,24.58,24.66,24.69,24.72,25.05,24.81,24.7,24.54,24.81,24.73,24.75,24.8,24.71,24.78,24.84,24.76,24.71,24.73,24.68,24.69,24.79,24.59,24.58,24.78,24.71,24.94,24.69,24.67,24.62,24.77,24.84,24.75,24.78,24.69,24.86,24.78,24.64,24.65,24.59,24.89,24.84,24.73,24.69,24.59,24.71,24.94,24.94,24.75,24.88,24.84,24.69,25.0,24.81,24.56,24.69,24.82,24.88,24.75,24.71,24.69,24.83,25.05,25.0,24.81,24.66,24.81,24.78,24.81,24.5,24.68,24.78,24.79,24.71,24.78,24.68,24.69,24.81,24.98,24.8,24.8,24.93,24.94,24.91,24.75,24.74,24.81,24.78,24.78,24.71,24.75,24.81,24.81,24.88,24.93,25.03,25.03,24.88,24.94,24.88,24.73,24.71,24.76,24.84,24.88,24.81,24.76,24.79,24.74,24.93,25.03,25.09,24.98,24.81,25.0,24.99,24.78,24.71,24.76,24.84,24.78,24.8,24.81,24.85,24.75,24.81,25.03,25.29,25.07,24.86,25.05,25.1,24.84,24.69,24.81,24.78,24.83,24.93,24.75,24.79,24.75,24.93,25.21,25.27,25.03,25.0,25.14,25.06,24.78,24.71,24.88,24.78,24.88,24.94,24.8,24.85,24.85,25.21,25.31,25.33,25.21,25.11,24.88,25.0,24.71,24.78,24.77,24.8,24.98,25.03,24.85,24.86,24.91,25.26,25.35,25.49,25.26,25.11,25.14,24.84,24.88,24.77,24.99,24.96,24.78,24.98,24.94,24.92,24.98,25.19,25.52,25.33,25.36,25.1,24.98,24.93,24.9,24.84,24.84,24.88,24.73,25.0,24.91,25.05,25.18,25.15,25.19,25.05,25.32,25.3,24.94,24.84,24.74,24.69,24.89,24.91,24.88,24.9,25.0,25.03,25.1,25.11,25.08,24.96,25.12,25.06,24.79,24.74,24.66,24.78,24.92,24.75,24.97,24.78,24.96,24.82,25.2,24.98,24.9,24.9,25.0,24.74,24.78,24.9,24.67,24.69
32.46,26.34,24.93,24.8,24.46,24.53,24.5,24.8,24.47,24.6,24.56,24.56,24.52,24.54,24.66,24.69,24.72,25.05,24.75,24.65,24.58,24.84,24.73,24.75,24.8,24.71,24.78,24.87,24.72,24.71,24.77,24.68,24.74,24.72,24.54,24.54,24.82,24.71,24.97,24.65,24.67,24.62,24.8,24.84,24.69,24.78,24.69,24.9,24.78,24.58,24.65,24.59,24.92,24.84,24.7,24.66,24.59,24.68,24.94,24.94,24.72,24.88,24.84,24.69,25.0,24.81,24.56,24.69,24.88,24.88,24.73,24.71,24.69,24.86,25.05,25.0,24.78,24.63,24.84,24.78,24.81,24.5,24.63,24.78,24.82,24.68,24.74,24.68,24.69,24.81,25.0,24.77,24.77,24.93,24.94,24.91,24.75,24.7,24.77,24.78,24.8,24.71,24.72,24.78,24.81,24.9,24.96,25.03,25.03,24.91,24.94,24.88,24.73,24.71,24.76,24.84,24.88,24.85,24.72,24.79,24.78,24.96,25.03,25.06,25.0,24.81,25.0,25.02,24.78,24.71,24.72,24.84,24.75,24.77,24.77,24.82,24.75,24.81,25.03,25.29,25.07,24.83,25.05,25.1,24.84,24.69,24.81,24.78,24.83,24.93,24.72,24.79,24.75,24.96,25.21,25.27,25.03,25.0,25.17,25.09,24.78,24.71,24.92,24.78,24.88,24.94,24.77,24.82,24.82,25.21,25.31,25.38,25.24,25.14,24.91,25.03,24.64,24.74,24.73,24.8,25.02,25.06,24.81,24.83,24.82,25.26,25.35,25.58,25.28,25.14,25.22,24.84,24.84,24.73,24.95,24.96,24.78,25.02,24.91,24.83,24.87,25.13,25.55,25.38,25.36,25.1,25.02,25.0,24.9,24.84,24.79,24.88,24.69,25.04,24.88,24.99,25.05,25.05,25.22,25.05,25.38,25.33,24.97,24.88,24.78,24.69,24.84,24.87,24.88,24.9,25.0,24.97,25.0,25.02,25.11,24.96,25.15,25.06,24.79,24.74,24.66,24.78,24.86,24.75,25.02,24.78,24.92,24.78,25.17,24.98,24.9,24.9,25.0,24.7,24.78,24.95,24.67,24.63
32.59,26.34,24.93,24.75,24.46,24.53,24.5,24.8,24.43,24.56,24.56,24.56,24.52,24.5,24.66,24.69,24.72,25.05,24.69,24.59,24.63,24.88,24.73,24.75,24.8,24.71,24.78,24.9,24.69,24.71,24.81,24.68,24.8,24.66,24.49,24.5,24.86,24.71,25.0,24.62,24.67,24.62,24.83,24.84,24.62,24.78,24.69,24.94,24.78,24.53,24.65,24.59,24.95,24.84,24.67,24.64,24.59,24.66,24.94,24.94,24.69,24.88,24.84,24.69,25.0,24.81,24.56,24.69,24.95,24.88,24.7,24.71,24.69,24.89,25.05,25.0,24.75,24.59,24.88,24.78,24.81,24.5,24.59,24.78,24.84,24.65,24.71,24.68,24.69,24.81,25.03,24.73,24.73,24.93,24.94,24.91,24.75,24.65,24.74,24.78,24.83,24.71,24.69,24.75,24.81,24.93,24.99,25.03,25.03,24.94,24.94,24.88,24.73,24.71,24.76,24.84,24.88,24.88,24.69,24.79,24.81,24.99,25.03,25.03,25.03,24.81,25.0,25.06,24.78,24.71,24.69,24.84,24.71,24.73,24.74,24.79,24.75,24.81,25.03,25.29,25.07,24.8,25.05,25.1,24.84,24.69,24.81,24.78,24.83,24.93,24.69,24.79,24.75,24.99,25.21,25.27,25.03,25.0,25.2,25.12,24.78,24.71,24.96,24.78,24.88,24.94,24.73,24.79,24.79,25.21,25.31,25.43,25.27,25.16,24.94,25.06,24.58,24.71,24.69,24.8,25.05,25.1,24.78,24.8,24.73,25.26,25.35,25.66,25.31,25.16,25.31,24.84,24.81,24.69,24.9,24.96,24.78,25.05,24.88,24.75,24.75,25.08,25.58,25.43,25.36,25.1,25.05,25.07,24.9,24.84,24.74,24.88,24.66,25.07,24.84,24.93,24.93,24.96,25.26,25.05,25.44,25.36,25.0,24.91,24.82,24.69,24.78,24.82,24.88,24.9,25.0,24.9,24.9,24.93,25.14,24.96,25.19,25.06,24.79,24.74,24.66,24.78,24.79,24.75,25.06,24.78,24.88,24.74,25.14,24.98,24.9,24.9,25.0,24.65,24.78,24.99,24.67,24.56
32.71,26.34,24.99,24.69,24.4,24.57,24.45,24.8,24.35,24.56,24.56,24.56,24.52,24.45,24.62,24.75,24.72,25.12,24.69,24.54,24.67,24.92,24.73,24.75,24.77,24.71,24.78,24.97,24.69,24.68,24.84,24.73,24.85,24.66,24.43,24.45,24.9,24.75,25.04,24.59,24.64,24.62,24.86,24.84,24.59,24.78,24.69,24.98,24.78,24.48,24.65,24.59,24.98,24.84,24.64,24.61,24.59,24.66,24.94,24.94,24.66,24.88,24.84,24.69,25.0,24.77,24.52,24.69,25.02,24.88,24.67,24.67,24.69,24.92,25.05,25.0,24.73,24.59,24.88,24.78,24.77,24.46,24.59,24.78,24.84,24.61,24.67,24.65,24.69,24.81,25.03,24.7,24.7,24.93,24.94,24.91,24.75,24.61,24.7,24.78,24.86,24.71,24.69,24.75,24.81,24.96,25.02,25.03,25.03,24.94,24.94,24.88,24.76,24.68,24.76,24.84,24.88,24.91,24.69,24.76,24.81,25.02,25.03,25.03,25.03,24.77,25.03,25.12,24.78,24.68,24.69,24.84,24.68,24.7,24.7,24.76,24.75,24.81,25.03,25.27,25.05,24.77,25.05,25.13,24.84,24.69,24.77,24.78,24.86,24.93,24.69,24.76,24.75,25.02,25.24,25.3,25.03,25.0,25.23,25.19,24.78,24.68,24.96,24.78,24.88,24.94,24.7,24.76,24.76,25.24,25.31,25.49,25.3,25.19,24.94,25.09,24.58,24.67,24.66,24.77,25.08,25.13,24.74,24.77,24.7,25.26,25.32,25.75,25.31,25.19,25.34,24.84,24.81,24.66,24.86,24.96,24.78,25.08,24.88,24.69,24.73,25.03,25.55,25.46,25.36,25.13,25.08,25.11,24.94,24.84,24.69,24.88,24.66,25.11,24.84,24.93,24.89,24.9,25.23,25.01,25.5,25.39,25.04,24.95,24.86,24.69,24.78,24.77,24.88,24.94,25.0,24.87,24.87,24.87,25.11,24.93,25.19,25.06,24.75,24.78,24.66,24.78,24.73,24.75,25.06,24.78,24.88,24.7,25.11,25.01,24.94,24.94,25.0,24.61,24.78,25.04,24.67,24.56
32.81,26.34,24.99,24.66,24.42,24.59,24.43,24.78,24.33,24.58,24.58,24.56,24.52,24.45,24.59,24.78,24.72,25.08,24.69,24.54,24.69,24.92,24.73,24.75,24.75,24.71,24.78,24.97,24.69,24.66,24.86,24.75,24.88,24.69,24.43,24.45,24.9,24.76,25.04,24.59,24.64,24.64,24.88,24.84,24.59,24.78,24.71,24.98,24.78,24.48,24.65,24.61,24.98,24.84,24.64,24.61,24.61,24.66,24.94,24.94,24.66,24.88,24.84,24.69,24.98,24.75,24.52,24.69,25.02,24.88,24.67,24.67,24.69,24.91,25.03,25.0,24.71,24.61,24.88,24.78,24.76,24.46,24.59,24.78,24.83,24.59,24.66,24.63,24.69,24.82,25.02,24.7,24.69,24.93,24.94,24.91,24.75,24.61,24.69,24.78,24.86,24.71,24.69,24.76,24.81,24.96,25.02,25.03,25.03,24.94,24.94,24.88,24.78,24.66,24.77,24.84,24.86,24.91,24.69,24.76,24.81,25.02,25.03,25.03,25.03,24.77,25.05,25.13,24.78,24.66,24.7,24.84,24.68,24.69,24.69,24.75,24.76,24.82,25.03,25.24,25.03,24.77,25.06,25.13,24.84,24.69,24.77,24.8,24.88,24.91,24.69,24.76,24.76,25.03,25.24,25.31,25.03,25.0,25.25,25.2,24.78,24.66,24.96,24.8,24.88,24.92,24.69,24.75,24.75,25.23,25.3,25.51,25.32,25.19,24.94,25.09,24.59,24.67,24.64,24.77,25.08,25.12,24.74,24.75,24.7,25.24,25.32,25.77,25.32,25.2,25.34,24.86,24.81,24.64,24.82,24.96,24.8,25.08,24.88,24.66,24.73,25.0,25.5,25.45,25.37,25.17,25.09,25.11,24.94,24.84,24.66,24.88,24.68,25.11,24.84,24.93,24.88,24.88,25.22,24.99,25.52,25.41,25.04,24.96,24.88,24.69,24.78,24.75,24.88,24.96,24.98,24.85,24.85,24.84,25.08,24.91,25.17,25.05,24.75,24.8,24.68,24.78,24.69,24.75,25.06,24.8,24.88,24.68,25.08,25.01,24.96,24.96,24.98,24.61,24.78,25.06,24.67,24.56
32.92,26.34,24.99,24.66,24.48,24.59,24.39,24.78,24.3,24.62,24.62,24.56,24.48,24.45,24.59,24.78,24.66,24.94,24.69,24.54,24.74,24.88,24.69,24.75,24.75,24.75,24.78,24.93,24.69,24.66,24.9,24.75,24.88,24.75,24.49,24.45,24.9,24.72,25.04,24.59,24.64,24.64,24.88,24.84,24.59,24.78,24.74,24.94,24.78,24.48,24.7,24.65,24.98,24.84,24.64,24.64,24.65,24.66,24.94,24.94,24.66,24.88,24.84,24.69,24.94,24.75,24.56,24.69,24.99,24.88,24.7,24.71,24.69,24.88,24.98,25.0,24.68,24.65,24.88,24.78,24.72,24.5,24.59,24.78,24.8,24.59,24.66,24.66,24.69,24.82,24.99,24.73,24.69,24.97,24.94,24.88,24.75,24.65,24.69,24.78,24.83,24.68,24.69,24.79,24.78,24.96,24.99,25.03,25.03,24.97,24.94,24.88,24.78,24.66,24.77,24.84,24.83,24.91,24.69,24.79,24.78,24.99,25.03,25.03,25.03,24.77,25.02,25.13,24.78,24.66,24.74,24.84,24.68,24.69,24.69,24.75,24.79,24.82,25.03,25.24,25.03,24.77,25.06,25.13,24.84,24.69,24.77,24.83,24.88,24.91,24.69,24.79,24.79,25.03,25.24,25.31,25.03,25.0,25.25,25.17,24.78,24.66,24.99,24.83,24.88,24.9,24.69,24.75,24.75,25.2,25.27,25.54,25.35,25.19,24.94,25.09,24.56,24.71,24.6,24.8,25.08,25.09,24.74,24.72,24.73,25.24,25.35,25.77,25.32,25.22,25.37,24.89,24.78,24.6,24.78,24.99,24.83,25.08,24.88,24.66,24.73,25.0,25.45,25.42,25.35,25.23,25.12,25.07,24.94,24.84,24.61,24.88,24.71,25.07,24.84,24.9,24.88,24.88,25.22,24.93,25.45,25.44,25.04,25.0,24.88,24.64,24.78,24.7,24.88,24.99,24.98,24.82,24.82,24.84,25.08,24.85,25.1,25.02,24.75,24.84,24.73,24.78,24.63,24.75,25.06,24.85,24.88,24.63,25.01,24.98,24.99,24.99,24.94,24.61,24.78,25.06,24.72,24.56
33.04,26.34,24.99,24.66,24.48,24.59,24.34,24.78,24.26,24.62,24.66,24.56,24.44,24.41,24.59,24.78,24.59,24.87,24.69,24.49,24.78,24.88,24.66,24.71,24.75,24.78,24.78,24.9,24.65,24.66,24.94,24.75,24.88,24.75,24.54,24.45,24.9,24.69,25.04,24.55,24.64,24.64,24.84,24.82,24.59,24.78,24.74,24.9,24.74,24.48,24.79,24.65,24.98,24.81,24.61,24.66,24.68,24.66,24.91,24.94,24.66,24.88,24.84,24.69,24.94,24.75,24.59,24.69,24.99,24.84,24.7,24.74,24.69,24.88,24.92,25.0,24.68,24.68,24.88,24.75,24.69,24.58,24.63,24.78,24.77,24.59,24.66,24.72,24.69,24.79,24.96,24.73,24.72,25.0,24.94,24.84,24.75,24.7,24.72,24.78,24.83,24.66,24.69,24.79,24.78,24.96,24.99,25.0,25.0,25.0,24.97,24.88,24.78,24.66,24.74,24.88,24.83,24.91,24.69,24.79,24.78,24.96,25.0,25.03,25.0,24.77,25.0,25.13,24.78,24.66,24.74,24.84,24.68,24.69,24.69,24.75,24.79,24.82,25.03,25.27,25.03,24.77,25.04,25.13,24.84,24.69,24.77,24.83,24.88,24.91,24.69,24.79,24.82,25.03,25.24,25.28,25.03,25.0,25.25,25.13,24.78,24.66,24.99,24.83,24.88,24.9,24.69,24.75,24.78,25.2,25.24,25.56,25.35,25.21,24.97,25.11,24.52,24.71,24.6,24.83,25.08,25.09,24.71,24.69,24.77,25.24,25.38,25.77,25.32,25.25,25.43,24.92,24.75,24.56,24.73,25.03,24.87,25.08,24.85,24.66,24.73,25.0,25.4,25.42,25.29,25.3,25.16,25.07,24.98,24.8,24.56,24.88,24.75,25.07,24.84,24.84,24.88,24.88,25.18,24.91,25.39,25.47,25.04,25.03,24.88,24.59,24.78,24.7,24.88,25.03,24.98,24.78,24.78,24.84,25.11,24.82,25.04,25.02,24.71,24.88,24.77,24.84,24.63,24.69,25.06,24.85,24.88,24.63,24.94,24.94,25.03,25.03,24.94,24.61,24.78,25.02,24.78,24.56
33.16,26.34,24.93,24.66,24.54,24.59,24.34,24.74,24.3,24.62,24.69,24.56,24.44,24.41,24.59,24.78,24.59,24.8,24.69,24.49,24.78,24.88,24.66,24.67,24.75,24.78,24.78,24.83,24.62,24.66,24.94,24.75,24.88,24.75,24.59,24.5,24.86,24.69,25.0,24.55,24.67,24.67,24.81,24.79,24.62,24.78,24.74,24.86,24.69,24.53,24.83,24.65,24.95,24.78,24.61,24.69,24.71,24.66,24.88,24.94,24.69,24.88,24.84,24.69,24.94,24.75,24.63,24.69,24.95,24.81,24.7,24.78,24.69,24.85,24.89,25.0,24.71,24.71,24.88,24.71,24.69,24.67,24.68,24.78,24.75,24.59,24.66,24.75,24.69,24.79,24.93,24.73,24.75,25.0,24.94,24.84,24.75,24.74,24.76,24.78,24.83,24.66,24.69,24.79,24.81,24.93,24.99,24.98,24.98,25.0,25.0,24.88,24.78,24.66,24.74,24.91,24.83,24.88,24.69,24.79,24.81,24.93,24.98,25.03,24.98,24.81,25.0,25.1,24.78,24.66,24.74,24.84,24.71,24.69,24.69,24.75,24.79,24.85,25.03,25.27,25.03,24.8,25.04,25.1,24.84,24.69,24.81,24.83,24.88,24.88,24.69,24.79,24.85,25.03,25.21,25.26,25.03,25.0,25.25,25.1,24.78,24.66,24.96,24.83,24.88,24.9,24.69,24.75,24.81,25.17,25.21,25.56,25.35,25.21,24.99,25.11,24.56,24.71,24.64,24.86,25.05,25.06,24.71,24.69,24.8,25.21,25.4,25.75,25.35,25.25,25.43,24.95,24.75,24.56,24.69,25.03,24.9,25.05,24.82,24.66,24.75,25.0,25.35,25.4,25.29,25.33,25.16,25.07,24.98,24.76,24.56,24.88,24.79,25.07,24.84,24.81,24.88,24.88,25.15,24.94,25.36,25.47,25.0,25.03,24.88,24.59,24.78,24.75,24.88,25.03,24.95,24.78,24.78,24.84,25.11,24.85,25.0,25.02,24.71,24.88,24.82,24.89,24.69,24.63,25.06,24.85,24.88,24.68,24.9,24.9,25.03,25.03,24.94,24.65,24.78,24.97,24.78,24.56
33.26,26.34,24.93,24.66,24.54,24.59,24.34,24.74,24.32,24.62,24.69,24.58,24.44,24.43,24.59,24.78,24.59,24.8,24.72,24.49,24.76,24.84,24.66,24.67,24.75,24.76,24.78,24.83,24.62,24.66,24.92,24.75,24.85,24.79,24.62,24.5,24.84,24.67,24.99,24.57,24.67,24.67,24.8,24.77,24.64,24.78,24.74,24.84,24.69,24.56,24.83,24.65,24.92,24.78,24.62,24.71,24.71,24.66,24.88,24.94,24.71,24.86,24.84,24.69,24.94,24.77,24.65,24.69,24.92,24.8,24.71,24.79,24.69,24.83,24.89,25.0,24.73,24.73,24.88,24.71,24.69,24.69,24.7,24.78,24.73,24.59,24.66,24.77,24.7,24.79,24.9,24.73,24.77,25.0,24.94,24.84,24.75,24.74,24.76,24.78,24.82,24.66,24.69,24.81,24.81,24.92,24.98,24.98,24.98,25.0,25.0,24.86,24.76,24.68,24.76,24.91,24.82,24.86,24.69,24.79,24.82,24.92,24.96,25.03,24.98,24.82,25.0,25.08,24.76,24.66,24.76,24.84,24.73,24.69,24.69,24.76,24.79,24.85,25.03,25.26,25.05,24.83,25.04,25.08,24.84,24.69,24.82,24.85,24.88,24.88,24.69,24.79,24.86,25.02,25.2,25.24,25.03,25.01,25.23,25.08,24.78,24.64,24.96,24.83,24.88,24.9,24.7,24.75,24.81,25.16,25.21,25.56,25.35,25.21,25.01,25.1,24.58,24.71,24.66,24.88,25.05,25.02,24.71,24.69,24.81,25.2,25.4,25.73,25.35,25.25,25.43,24.97,24.75,24.56,24.69,25.01,24.92,25.03,24.82,24.66,24.75,25.0,25.32,25.38,25.31,25.34,25.17,25.06,24.98,24.76,24.56,24.86,24.81,25.07,24.86,24.81,24.86,24.88,25.13,24.96,25.34,25.47,24.99,25.01,24.88,24.62,24.78,24.75,24.88,25.03,24.95,24.78,24.78,24.84,25.11,24.85,24.99,25.0,24.71,24.88,24.84,24.89,24.69,24.63,25.04,24.87,24.9,24.7,24.88,24.88,25.03,25.03,24.94,24.68,24.76,24.95,24.81,24.56
33.37,26.34,24.93,24.66,24.54,24.59,24.34,24.74,24.36,24.62,24.69,24.62,24.44,24.48,24.59,24.78,24.59,24.8,24.78,24.49,24.72,24.76,24.66,24.67,24.75,24.73,24.78,24.83,24.62,24.66,24.88,24.75,24.8,24.85,24.67,24.5,24.8,24.64,24.95,24.6,24.67,24.67,24.77,24.75,24.67,24.78,24.74,24.8,24.69,24.61,24.83,24.65,24.85,24.78,24.66,24.73,24.71,24.66,24.88,24.94,24.73,24.83,24.84,24.69,24.94,24.81,24.69,24.69,24.85,24.77,24.74,24.83,24.69,24.8,24.89,25.0,24.75,24.77,24.88,24.71,24.69,24.73,24.74,24.78,24.7,24.59,24.66,24.8,24.74,24.79,24.84,24.73,24.8,25.0,24.94,24.84,24.75,24.74,24.76,24.78,24.79,24.66,24.69,24.83,24.81,24.89,24.95,24.98,24.98,25.0,25.0,24.83,24.73,24.71,24.79,24.91,24.79,24.83,24.69,24.79,24.85,24.89,24.93,25.03,24.98,24.86,25.0,25.05,24.73,24.66,24.79,24.84,24.77,24.69,24.69,24.79,24.79,24.85,25.03,25.23,25.07,24.89,25.04,25.05,24.84,24.69,24.86,24.88,24.88,24.88,24.69,24.79,24.89,24.99,25.17,25.21,25.03,25.04,25.2,25.05,24.78,24.6,24.96,24.83,24.88,24.9,24.73,24.75,24.81,25.13,25.21,25.56,25.35,25.21,25.04,25.07,24.61,24.71,24.69,24.91,25.05,24.96,24.71,24.69,24.84,25.17,25.4,25.7,25.35,25.25,25.43,25.0,24.75,24.56,24.69,24.98,24.95,25.0,24.82,24.66,24.75,25.0,25.27,25.35,25.33,25.38,25.2,25.02,24.98,24.76,24.56,24.82,24.84,25.07,24.89,24.81,24.83,24.88,25.1,25.0,25.31,25.47,24.95,24.98,24.88,24.66,24.78,24.75,24.88,25.03,24.95,24.78,24.78,24.84,25.11,24.85,24.95,24.97,24.71,24.88,24.89,24.89,24.69,24.63,24.99,24.91,24.94,24.74,24.84,24.84,25.03,25.03,24.94,24.72,24.72,24.9,24.87,24.56
33.43,26.34,24.93,24.66,24.54,24.59,24.34,24.74,24.38,24.62,24.69,24.64,24.44,24.5,24.59,24.78,24.59,24.8,24.81,24.49,24.69,24.72,24.66,24.67,24.75,24.71,24.78,24.83,24.62,24.66,24.86,24.75,24.77,24.89,24.7,24.5,24.78,24.62,24.94,24.62,24.67,24.67,24.75,24.73,24.69,24.78,24.74,24.78,24.69,24.64,24.83,24.65,24.81,24.78,24.67,24.75,24.71,24.66,24.88,24.94,24.75,24.81,24.84,24.69,24.94,24.83,24.71,24.69,24.82,24.75,24.75,24.85,24.69,24.79,24.89,25.0,24.77,24.78,24.88,24.71,24.69,24.75,24.76,24.78,24.69,24.59,24.66,24.81,24.76,24.79,24.81,24.73,24.81,25.0,24.94,24.84,24.75,24.74,24.76,24.78,24.78,24.66,24.69,24.85,24.81,24.88,24.93,24.98,24.98,25.0,25.0,24.81,24.71,24.73,24.81,24.91,24.78,24.81,24.69,24.79,24.86,24.88,24.92,25.03,24.98,24.88,25.0,25.03,24.71,24.66,24.81,24.84,24.78,24.69,24.69,24.81,24.79,24.85,25.03,25.21,25.09,24.92,25.04,25.03,24.84,24.69,24.88,24.9,24.88,24.88,24.69,24.79,24.9,24.98,25.16,25.2,25.03,25.05,25.19,25.03,24.78,24.59,24.96,24.83,24.88,24.9,24.75,24.75,24.81,25.12,25.21,25.56,25.35,25.21,25.05,25.06,24.63,24.71,24.71,24.92,25.05,24.93,24.71,24.69,24.86,25.16,25.4,25.69,25.35,25.25,25.43,25.02,24.75,24.56,24.69,24.96,24.97,24.98,24.82,24.66,24.75,25.0,25.24,25.34,25.35,25.39,25.22,25.0,24.98,24.76,24.56,24.8,24.86,25.07,24.91,24.81,24.82,24.88,25.08,25.01,25.3,25.47,24.94,24.96,24.88,24.69,24.78,24.75,24.88,25.03,24.95,24.78,24.78,24.84,25.11,24.85,24.94,24.95,24.71,24.88,24.91,24.89,24.69,24.63,24.97,24.93,24.96,24.76,24.82,24.82,25.03,25.03,24.94,24.74,24.71,24.88,24.89,24.56
33.59,26.34,24.93,24.66,24.54,24.53,24.41,24.74,24.44,24.62,24.69,24.64,24.5,24.56,24.59,24.78,24.59,24.8,24.81,24.49,24.69,24.67,24.71,24.67,24.75,24.66,24.73,24.79,24.62,24.66,24.81,24.75,24.77,24.89,24.7,24.56,24.72,24.62,24.88,24.62,24.67,24.67,24.75,24.73,24.74,24.73,24.74,24.72,24.69,24.64,24.76,24.65,24.81,24.78,24.67,24.75,24.71,24.66,24.88,24.94,24.79,24.81,24.84,24.69,24.94,24.83,24.71,24.69,24.76,24.75,24.8,24.85,24.69,24.74,24.89,25.0,24.81,24.78,24.88,24.76,24.74,24.75,24.76,24.78,24.69,24.65,24.66,24.81,24.76,24.79,24.81,24.73,24.81,24.95,24.94,24.84,24.8,24.74,24.76,24.78,24.78,24.66,24.69,24.85,24.81,24.83,24.93,24.98,24.93,24.95,25.0,24.81,24.76,24.73,24.86,24.85,24.78,24.81,24.74,24.79,24.86,24.83,24.92,25.03,24.98,24.88,25.0,24.98,24.71,24.66,24.81,24.84,24.78,24.73,24.69,24.81,24.79,24.85,25.03,25.21,25.13,24.97,25.04,24.98,24.84,24.74,24.88,24.9,24.88,24.88,24.73,24.83,24.9,24.93,25.12,25.2,25.07,25.05,25.14,24.98,24.83,24.64,24.96,24.83,24.83,24.85,24.8,24.79,24.81,25.03,25.21,25.56,25.39,25.21,25.05,25.02,24.68,24.76,24.77,24.92,24.95,24.88,24.76,24.73,24.91,25.07,25.4,25.65,25.39,25.29,25.39,25.02,24.75,24.62,24.69,24.9,24.97,24.94,24.82,24.7,24.8,24.95,25.11,25.3,25.43,25.48,25.22,24.95,24.92,24.76,24.56,24.8,24.86,25.02,24.91,24.81,24.82,24.88,25.03,25.01,25.3,25.47,24.88,24.91,24.82,24.69,24.78,24.75,24.82,24.98,24.95,24.78,24.78,24.84,25.06,24.9,24.94,24.95,24.71,24.82,24.91,24.98,24.79,24.63,24.9,24.93,24.96,24.82,24.77,24.77,24.98,25.03,24.94,24.86,24.71,24.8,24.89,24.66
33.65,26.34,24.93,24.66,24.54,24.51,24.43,24.74,24.46,24.62,24.69,24.64,24.52,24.58,24.59,24.78,24.59,24.8,24.81,24.49,24.69,24.65,24.73,24.67,24.75,24.64,24.71,24.77,24.62,24.66,24.79,24.75,24.77,24.89,24.7,24.58,24.7,24.62,24.87,24.62,24.67,24.67,24.75,24.73,24.76,24.71,24.74,24.7,24.69,24.64,24.73,24.65,24.81,24.78,24.67,24.75,24.71,24.66,24.88,24.94,24.8,24.81,24.84,24.69,24.94,24.83,24.71,24.69,24.75,24.75,24.81,24.85,24.69,24.72,24.89,25.0,24.82,24.78,24.88,24.78,24.76,24.75,24.76,24.78,24.69,24.66,24.66,24.81,24.76,24.79,24.81,24.73,24.81,24.93,24.94,24.84,24.81,24.74,24.76,24.78,24.78,24.66,24.69,24.85,24.81,24.82,24.93,24.98,24.92,24.94,25.0,24.81,24.78,24.73,24.88,24.84,24.78,24.81,24.76,24.79,24.86,24.82,24.92,25.03,24.98,24.88,25.0,24.96,24.71,24.66,24.81,24.84,24.78,24.75,24.69,24.81,24.79,24.85,25.03,25.21,25.14,24.98,25.04,24.96,24.84,24.76,24.88,24.9,24.88,24.88,24.75,24.85,24.9,24.92,25.1,25.2,25.09,25.05,25.12,24.96,24.85,24.66,24.96,24.83,24.81,24.84,24.81,24.81,24.81,25.0,25.21,25.56,25.4,25.21,25.05,25.0,24.7,24.78,24.79,24.92,24.92,24.86,24.78,24.75,24.92,25.05,25.4,25.63,25.4,25.31,25.38,25.02,24.75,24.64,24.69,24.88,24.97,24.92,24.82,24.71,24.81,24.94,25.06,25.28,25.45,25.5,25.22,24.94,24.9,24.76,24.56,24.8,24.86,25.0,24.91,24.81,24.82,24.88,25.01,25.01,25.3,25.47,24.87,24.89,24.8,24.69,24.78,24.75,24.8,24.96,24.95,24.78,24.78,24.84,25.05,24.92,24.94,24.95,24.71,24.8,24.91,25.01,24.82,24.63,24.88,24.93,24.96,24.84,24.75,24.75,24.96,25.03,24.94,24.9,24.71,24.78,24.89,24.69
33.77,26.34,24.86,24.66,24.54,24.51,24.48,24.74,24.5,24.62,24.69,24.68,24.52,24.58,24.59,24.78,24.66,24.8,24.75,24.49,24.65,24.65,24.73,24.67,24.72,24.64,24.71,24.74,24.62,24.66,24.79,24.75,24.77,24.89,24.7,24.58,24.7,24.62,24.8,24.62,24.7,24.7,24.75,24.7,24.76,24.68,24.78,24.7,24.69,24.64,24.73,24.65,24.81,24.78,24.67,24.75,24.71,24.68,24.88,24.94,24.83,24.81,24.84,24.69,24.94,24.83,24.74,24.69,24.75,24.75,24.81,24.85,24.69,24.72,24.89,25.0,24.82,24.78,24.88,24.78,24.76,24.75,24.76,24.78,24.69,24.66,24.66,24.81,24.76,24.79,24.78,24.77,24.81,24.93,24.94,24.84,24.81,24.74,24.76,24.78,24.78,24.66,24.69,24.85,24.81,24.82,24.93,24.95,24.89,24.94,25.0,24.85,24.78,24.69,24.88,24.84,24.78,24.78,24.76,24.79,24.86,24.79,24.92,25.03,24.95,24.91,25.0,24.93,24.75,24.69,24.81,24.81,24.82,24.78,24.72,24.81,24.79,24.88,25.03,25.21,25.14,24.98,25.04,24.93,24.87,24.76,24.91,24.9,24.88,24.88,24.75,24.85,24.9,24.89,25.07,25.22,25.12,25.05,25.09,24.93,24.88,24.66,24.96,24.83,24.81,24.81,24.84,24.81,24.81,24.95,25.24,25.59,25.42,25.19,25.08,25.0,24.73,24.81,24.82,24.92,24.88,24.83,24.81,24.78,24.92,25.02,25.4,25.63,25.43,25.33,25.36,25.02,24.78,24.68,24.65,24.84,24.97,24.89,24.82,24.74,24.84,24.91,25.01,25.25,25.48,25.56,25.19,24.9,24.9,24.76,24.61,24.8,24.86,24.97,24.91,24.81,24.82,24.85,24.98,25.01,25.27,25.44,24.83,24.86,24.8,24.73,24.78,24.75,24.8,24.96,24.95,24.78,24.78,24.84,25.02,24.95,24.9,24.92,24.71,24.76,24.91,25.01,24.82,24.63,24.83,24.93,24.96,24.84,24.71,24.75,24.96,24.99,24.94,24.9,24.71,24.78,24.89,24.69
33.88,26.34,24.8,24.66,24.54,24.51,24.52,24.74,24.54,24.62,24.69,24.71,24.52,24.58,24.59,24.78,24.72,24.8,24.69,24.49,24.61,24.65,24.73,24.67,24.68,24.64,24.71,24.71,24.62,24.66,24.79,24.75,24.77,24.89,24.7,24.58,24.7,24.62,24.73,24.62,24.73,24.73,24.75,24.68,24.76,24.64,24.82,24.7,24.69,24.64,24.73,24.65,24.81,24.78,24.67,24.75,24.71,24.71,24.88,24.94,24.86,24.81,24.84,24.69,24.94,24.83,24.78,24.69,24.75,24.75,24.81,24.85,24.69,24.72,24.89,25.0,24.82,24.78,24.88,24.78,24.76,24.75,24.76,24.78,24.69,24.66,24.66,24.81,24.76,24.79,24.75,24.8,24.81,24.93,24.94,24.84,24.81,24.74,24.76,24.78,24.78,24.66,24.69,24.85,24.81,24.82,24.93,24.92,24.86,24.94,25.0,24.88,24.78,24.65,24.88,24.84,24.78,24.74,24.76,24.79,24.86,24.76,24.92,25.03,24.92,24.95,25.0,24.89,24.78,24.73,24.81,24.78,24.85,24.81,24.76,24.81,24.79,24.9,25.03,25.21,25.14,24.98,25.04,24.89,24.9,24.76,24.95,24.9,24.88,24.88,24.75,24.85,24.9,24.86,25.05,25.25,25.14,25.05,25.06,24.89,24.92,24.66,24.96,24.83,24.81,24.78,24.88,24.81,24.81,24.89,25.26,25.62,25.45,25.16,25.11,25.0,24.76,24.85,24.86,24.92,24.85,24.79,24.85,24.81,24.92,24.99,25.4,25.63,25.46,25.36,25.33,25.02,24.81,24.71,24.6,24.81,24.97,24.86,24.82,24.77,24.87,24.88,24.96,25.23,25.51,25.62,25.16,24.87,24.9,24.76,24.66,24.8,24.86,24.94,24.91,24.81,24.82,24.82,24.94,25.01,25.23,25.41,24.8,24.82,24.8,24.78,24.78,24.75,24.8,24.96,24.95,24.78,24.78,24.84,24.98,24.99,24.87,24.89,24.71,24.72,24.91,25.01,24.82,24.63,24.78,24.93,24.96,24.84,24.68,24.75,24.96,24.96,24.94,24.9,24.71,24.78,24.89,24.69
33.99,26.34,24.76,24.66,24.48,24.51,24.54,24.74,24.54,24.6,24.69,24.73,24.52,24.56,24.62,24.75,24.76,24.83,24.66,24.49,24.58,24.67,24.73,24.67,24.68,24.64,24.71,24.71,24.62,24.68,24.79,24.75,24.74,24.85,24.7,24.58,24.72,24.62,24.7,24.62,24.75,24.73,24.75,24.66,24.76,24.63,24.84,24.7,24.69,24.64,24.75,24.63,24.81,24.76,24.66,24.75,24.71,24.73,24.88,24.94,24.88,24.81,24.84,24.69,24.96,24.83,24.8,24.69,24.75,24.73,24.81,24.85,24.69,24.74,24.89,25.0,24.84,24.78,24.88,24.76,24.76,24.75,24.78,24.8,24.69,24.66,24.66,24.81,24.77,24.78,24.74,24.8,24.83,24.93,24.94,24.84,24.81,24.72,24.76,24.8,24.78,24.66,24.69,24.85,24.81,24.82,24.95,24.9,24.85,24.94,25.0,24.9,24.78,24.63,24.88,24.84,24.79,24.72,24.76,24.79,24.86,24.75,24.9,25.03,24.9,24.98,25.0,24.88,24.8,24.75,24.79,24.76,24.87,24.83,24.77,24.81,24.79,24.92,25.02,25.21,25.14,24.98,25.02,24.88,24.91,24.76,24.95,24.9,24.88,24.88,24.75,24.83,24.9,24.85,25.03,25.26,25.16,25.05,25.05,24.89,24.94,24.66,24.94,24.82,24.81,24.78,24.89,24.81,24.81,24.88,25.29,25.63,25.45,25.16,25.13,25.02,24.78,24.85,24.9,24.92,24.84,24.78,24.86,24.84,24.92,24.98,25.39,25.63,25.48,25.39,25.32,25.02,24.83,24.73,24.6,24.79,24.97,24.84,24.82,24.8,24.88,24.86,24.93,25.21,25.52,25.66,25.16,24.85,24.92,24.76,24.71,24.8,24.88,24.92,24.91,24.81,24.82,24.8,24.91,25.01,25.22,25.39,24.8,24.81,24.78,24.8,24.78,24.77,24.8,24.96,24.97,24.78,24.78,24.84,24.97,25.0,24.85,24.89,24.71,24.71,24.87,25.01,24.86,24.63,24.73,24.91,24.96,24.86,24.66,24.77,24.94,24.94,24.96,24.9,24.71,24.76,24.89,24.69
34.1,26.34,24.76,24.66,24.37,24.51,24.54,24.74,24.5,24.56,24.69,24.73,24.52,24.52,24.66,24.69,24.76,24.9,24.66,24.49,24.58,24.71,24.73,24.67,24.71,24.64,24.71,24.74,24.62,24.71,24.79,24.75,24.69,24.79,24.7,24.58,24.76,24.62,24.7,24.62,24.75,24.7,24.75,24.66,24.76,24.63,24.84,24.7,24.69,24.64,24.79,24.59,24.81,24.72,24.62,24.75,24.71,24.73,24.88,24.94,24.88,24.81,24.84,24.69,25.0,24.83,24.8,24.69,24.75,24.7,24.81,24.85,24.69,24.77,24.89,25.0,24.87,24.78,24.88,24.73,24.76,24.75,24.82,24.83,24.69,24.66,24.66,24.81,24.81,24.75,24.74,24.77,24.86,24.93,24.94,24.84,24.81,24.68,24.76,24.83,24.78,24.66,24.69,24.85,24.81,24.82,24.98,24.9,24.85,24.94,25.0,24.9,24.78,24.63,24.88,24.84,24.82,24.72,24.76,24.79,24.86,24.75,24.88,25.03,24.9,25.0,25.0,24.88,24.8,24.75,24.76,24.76,24.87,24.83,24.77,24.81,24.79,24.92,24.99,25.21,25.14,24.98,25.0,24.88,24.91,24.76,24.91,24.9,24.88,24.88,24.75,24.81,24.9,24.85,25.03,25.26,25.16,25.05,25.05,24.93,24.94,24.66,24.9,24.78,24.81,24.81,24.89,24.81,24.81,24.9,25.32,25.63,25.42,25.19,25.16,25.04,24.78,24.81,24.94,24.92,24.84,24.78,24.86,24.88,24.92,24.98,25.36,25.63,25.48,25.42,25.32,25.02,24.83,24.73,24.65,24.79,24.97,24.84,24.82,24.82,24.88,24.86,24.93,25.21,25.52,25.68,25.19,24.85,24.96,24.76,24.76,24.8,24.91,24.92,24.91,24.81,24.82,24.8,24.88,25.01,25.22,25.39,24.83,24.81,24.74,24.8,24.78,24.82,24.8,24.96,25.0,24.78,24.78,24.84,24.97,25.0,24.85,24.92,24.71,24.71,24.78,25.01,24.92,24.63,24.69,24.87,24.96,24.9,24.66,24.81,24.9,24.94,25.0,24.9,24.71,24.71,24.89,24.69
34.26,26.34,24.76,24.66,24.34,24.48,24.54,24.76,24.48,24.58,24.68,24.73,24.52,24.54,24.71,24.66,24.76,24.94,24.66,24.54,24.56,24.69,24.73,24.72,24.73,24.64,24.71,24.78,24.65,24.75,24.77,24.75,24.66,24.82,24.7,24.58,24.78,24.62,24.7,24.65,24.73,24.67,24.78,24.69,24.77,24.63,24.86,24.7,24.72,24.64,24.77,24.59,24.81,24.74,24.62,24.75,24.7,24.73,24.91,24.94,24.88,24.81,24.84,24.69,25.0,24.83,24.78,24.67,24.73,24.72,24.82,24.83,24.69,24.78,24.91,25.0,24.87,24.78,24.88,24.75,24.76,24.69,24.8,24.83,24.7,24.68,24.66,24.78,24.82,24.76,24.75,24.77,24.84,24.93,24.94,24.84,24.81,24.63,24.72,24.87,24.76,24.66,24.69,24.86,24.78,24.82,24.96,24.92,24.88,24.94,24.97,24.9,24.78,24.63,24.91,24.82,24.8,24.72,24.76,24.81,24.85,24.75,24.88,25.02,24.93,25.02,25.0,24.89,24.78,24.75,24.76,24.76,24.87,24.83,24.77,24.81,24.81,24.92,24.98,25.2,25.14,25.0,25.0,24.88,24.9,24.76,24.89,24.92,24.88,24.88,24.75,24.82,24.9,24.83,25.03,25.29,25.17,25.06,25.03,24.94,24.94,24.68,24.9,24.78,24.81,24.8,24.91,24.82,24.78,24.89,25.33,25.63,25.44,25.19,25.15,25.03,24.78,24.83,24.94,24.91,24.84,24.76,24.9,24.91,24.91,24.96,25.34,25.63,25.48,25.43,25.29,25.0,24.83,24.75,24.69,24.79,24.95,24.84,24.85,24.85,24.87,24.86,24.93,25.2,25.55,25.69,25.19,24.82,24.96,24.8,24.81,24.8,24.91,24.88,24.92,24.86,24.82,24.8,24.88,25.0,25.23,25.39,24.87,24.79,24.75,24.8,24.78,24.8,24.8,24.96,25.03,24.8,24.78,24.84,24.94,24.97,24.85,24.91,24.73,24.69,24.71,24.98,24.92,24.69,24.64,24.87,24.96,24.9,24.68,24.82,24.86,24.94,25.0,24.9,24.69,24.71,24.89,24.73
34.34,26.34,24.76,24.66,24.34,24.46,24.54,24.78,24.48,24.6,24.66,24.73,24.52,24.56,24.73,24.66,24.76,24.98,24.66,24.57,24.54,24.67,24.73,24.76,24.73,24.64,24.71,24.8,24.67,24.77,24.75,24.75,24.66,24.85,24.7,24.58,24.78,24.62,24.7,24.67,24.72,24.66,24.8,24.7,24.79,24.63,24.86,24.7,24.72,24.64,24.75,24.59,24.81,24.76,24.62,24.75,24.68,24.73,24.92,24.94,24.88,24.81,24.84,24.69,25.0,24.83,24.76,24.65,24.73,24.73,24.82,24.81,24.69,24.8,24.92,25.0,24.87,24.78,24.88,24.76,24.76,24.65,24.78,24.81,24.72,24.7,24.66,24.77,24.82,24.78,24.77,24.77,24.83,24.93,24.94,24.84,24.81,24.61,24.7,24.88,24.76,24.66,24.69,24.86,24.76,24.82,24.95,24.92,24.89,24.94,24.95,24.9,24.78,24.63,24.93,24.82,24.79,24.72,24.76,24.81,24.85,24.75,24.88,25.0,24.95,25.02,25.0,24.91,24.76,24.75,24.76,24.76,24.87,24.83,24.77,24.81,24.81,24.92,24.98,25.2,25.14,25.02,25.0,24.88,24.88,24.76,24.89,24.92,24.88,24.88,24.75,24.83,24.9,24.82,25.03,25.3,25.19,25.08,25.02,24.94,24.94,24.7,24.9,24.78,24.81,24.78,24.92,24.83,24.76,24.88,25.33,25.63,25.45,25.19,25.13,25.02,24.78,24.85,24.94,24.89,24.84,24.76,24.91,24.92,24.89,24.95,25.32,25.63,25.48,25.43,25.28,24.98,24.83,24.77,24.71,24.79,24.94,24.84,24.86,24.87,24.85,24.86,24.93,25.2,25.57,25.69,25.17,24.8,24.96,24.82,24.84,24.8,24.89,24.87,24.94,24.89,24.82,24.8,24.88,25.0,25.25,25.39,24.88,24.77,24.77,24.8,24.78,24.77,24.8,24.96,25.05,24.82,24.78,24.84,24.92,24.95,24.85,24.89,24.73,24.67,24.69,24.98,24.92,24.72,24.62,24.87,24.96,24.9,24.69,24.82,24.84,24.94,25.0,24.9,24.67,24.71,24.89,24.76
34.48,26.34,24.73,24.66,24.37,24.42,24.54,24.8,24.48,24.64,24.64,24.71,24.52,24.58,24.78,24.66,24.76,25.01,24.62,24.62,24.52,24.67,24.73,24.81,24.73,24.66,24.71,24.8,24.69,24.81,24.73,24.75,24.69,24.89,24.7,24.61,24.78,24.64,24.7,24.69,24.7,24.64,24.83,24.73,24.82,24.63,24.86,24.7,24.69,24.64,24.73,24.59,24.83,24.78,24.61,24.75,24.66,24.73,24.94,24.94,24.88,24.83,24.84,24.69,25.0,24.81,24.72,24.62,24.75,24.77,24.81,24.78,24.69,24.83,24.94,25.0,24.87,24.78,24.88,24.78,24.76,24.59,24.74,24.78,24.75,24.73,24.66,24.73,24.81,24.81,24.81,24.77,24.8,24.93,24.94,24.84,24.81,24.59,24.69,24.92,24.78,24.66,24.69,24.85,24.75,24.82,24.93,24.9,24.9,24.94,24.94,24.91,24.8,24.61,24.95,24.84,24.78,24.72,24.76,24.81,24.85,24.75,24.88,24.98,24.96,25.02,25.0,24.94,24.75,24.75,24.74,24.76,24.87,24.83,24.77,24.79,24.81,24.93,24.98,25.21,25.13,25.03,25.0,24.88,24.85,24.76,24.89,24.9,24.88,24.86,24.75,24.86,24.9,24.81,25.03,25.33,25.21,25.09,25.0,24.94,24.94,24.75,24.88,24.78,24.81,24.75,24.94,24.86,24.75,24.85,25.32,25.63,25.48,25.19,25.11,25.0,24.78,24.88,24.94,24.86,24.82,24.78,24.95,24.95,24.86,24.92,25.31,25.63,25.49,25.43,25.26,24.95,24.83,24.81,24.73,24.81,24.9,24.84,24.88,24.9,24.84,24.86,24.93,25.2,25.58,25.69,25.12,24.78,24.96,24.84,24.89,24.82,24.86,24.83,24.95,24.93,24.83,24.8,24.88,25.0,25.28,25.39,24.92,24.76,24.81,24.78,24.78,24.75,24.8,24.96,25.06,24.85,24.78,24.84,24.89,24.94,24.85,24.88,24.73,24.63,24.64,25.01,24.96,24.75,24.59,24.85,24.94,24.9,24.73,24.82,24.81,24.94,25.0,24.9,24.65,24.71,24.87,24.82
34.52,26.34,24.7,24.66,24.4,24.44,24.56,24.78,24.48,24.64,24.64,24.69,24.52,24.58,24.78,24.66,24.76,24.98,24.59,24.62,24.54,24.69,24.71,24.81,24.73,24.68,24.71,24.76,24.69,24.82,24.75,24.73,24.72,24.85,24.67,24.63,24.78,24.65,24.68,24.69,24.72,24.64,24.83,24.75,24.82,24.63,24.88,24.7,24.69,24.64,24.73,24.59,24.85,24.78,24.61,24.75,24.66,24.73,24.94,24.94,24.88,24.84,24.84,24.69,25.0,24.79,24.72,24.62,24.76,24.78,24.81,24.76,24.69,24.83,24.94,25.0,24.87,24.77,24.88,24.78,24.76,24.59,24.72,24.78,24.76,24.75,24.66,24.72,24.79,24.82,24.84,24.77,24.78,24.91,24.94,24.84,24.8,24.59,24.69,24.92,24.79,24.67,24.69,24.83,24.75,24.83,24.95,24.9,24.9,24.94,24.94,24.93,24.82,24.59,24.95,24.82,24.79,24.74,24.76,24.81,24.85,24.76,24.89,24.98,24.96,25.0,25.0,24.94,24.76,24.75,24.72,24.76,24.87,24.83,24.77,24.78,24.81,24.95,24.98,25.23,25.12,25.02,25.01,24.89,24.83,24.76,24.88,24.88,24.88,24.86,24.75,24.86,24.9,24.82,25.03,25.36,25.23,25.08,25.02,24.94,24.92,24.79,24.88,24.8,24.81,24.74,24.92,24.88,24.76,24.85,25.32,25.63,25.48,25.19,25.11,25.0,24.78,24.9,24.94,24.86,24.81,24.78,24.97,24.95,24.86,24.92,25.31,25.63,25.49,25.43,25.24,24.94,24.84,24.82,24.73,24.82,24.88,24.86,24.88,24.9,24.85,24.86,24.94,25.2,25.57,25.68,25.09,24.8,24.96,24.84,24.89,24.84,24.86,24.82,24.94,24.92,24.85,24.8,24.88,24.98,25.3,25.39,24.92,24.77,24.81,24.76,24.78,24.77,24.8,24.96,25.05,24.85,24.78,24.84,24.88,24.94,24.87,24.88,24.73,24.63,24.62,25.01,24.96,24.75,24.62,24.82,24.92,24.88,24.73,24.84,24.81,24.94,24.98,24.9,24.67,24.71,24.84,24.82
34.66,26.34,24.6,24.66,24.49,24.53,24.61,24.72,24.48,24.64,24.64,24.66,24.5,24.58,24.78,24.66,24.76,24.87,24.53,24.62,24.58,24.73,24.64,24.81,24.73,24.73,24.73,24.68,24.69,24.88,24.81,24.66,24.77,24.79,24.62,24.67,24.78,24.69,24.63,24.71,24.77,24.64,24.81,24.77,24.82,24.64,24.93,24.7,24.69,24.66,24.76,24.59,24.88,24.78,24.62,24.76,24.66,24.73,24.94,24.94,24.88,24.88,24.84,24.69,25.0,24.75,24.74,24.62,24.8,24.81,24.81,24.72,24.69,24.83,24.94,25.0,24.87,24.73,24.88,24.76,24.74,24.61,24.68,24.78,24.79,24.78,24.66,24.69,24.76,24.86,24.9,24.77,24.75,24.88,24.94,24.84,24.73,24.59,24.69,24.92,24.82,24.71,24.69,24.81,24.75,24.88,24.98,24.9,24.92,24.95,24.94,24.96,24.83,24.55,24.95,24.79,24.82,24.78,24.74,24.81,24.86,24.81,24.92,24.98,24.96,24.97,25.0,24.94,24.8,24.75,24.69,24.76,24.89,24.81,24.77,24.75,24.81,24.99,24.98,25.26,25.07,24.98,25.05,24.94,24.78,24.74,24.84,24.85,24.88,24.86,24.73,24.85,24.92,24.86,25.03,25.42,25.26,25.05,25.06,24.94,24.85,24.86,24.88,24.85,24.83,24.71,24.88,24.9,24.81,24.86,25.32,25.63,25.46,25.19,25.12,25.0,24.78,24.93,24.94,24.88,24.79,24.76,25.0,24.94,24.86,24.93,25.31,25.63,25.48,25.42,25.22,24.91,24.89,24.86,24.73,24.88,24.85,24.91,24.88,24.88,24.88,24.88,25.0,25.2,25.51,25.62,25.02,24.85,24.98,24.84,24.89,24.88,24.88,24.78,24.91,24.87,24.88,24.8,24.88,24.94,25.33,25.39,24.92,24.82,24.83,24.71,24.78,24.84,24.82,24.98,25.0,24.85,24.78,24.84,24.84,24.92,24.9,24.86,24.73,24.65,24.57,24.98,24.92,24.75,24.69,24.78,24.88,24.82,24.73,24.9,24.82,24.94,24.92,24.88,24.71,24.71,24.78,24.79
34.74,26.34,24.57,24.66,24.52,24.56,24.58,24.71,24.5,24.64,24.64,24.68,24.5,24.56,24.75,24.66,24.79,24.83,24.53,24.62,24.58,24.75,24.62,24.81,24.71,24.75,24.75,24.68,24.69,24.88,24.82,24.66,24.77,24.79,24.62,24.67,24.8,24.69,24.61,24.71,24.78,24.66,24.81,24.76,24.8,24.66,24.95,24.7,24.67,24.69,24.78,24.59,24.88,24.78,24.62,24.76,24.68,24.73,24.94,24.92,24.88,24.89,24.84,24.69,24.98,24.75,24.76,24.62,24.8,24.8,24.8,24.72,24.69,24.83,24.92,25.0,24.87,24.76,24.88,24.73,24.72,24.61,24.68,24.78,24.79,24.77,24.67,24.7,24.76,24.86,24.89,24.77,24.75,24.9,24.94,24.84,24.71,24.59,24.7,24.92,24.82,24.71,24.69,24.82,24.75,24.88,24.96,24.89,24.93,24.97,24.94,24.96,24.82,24.55,24.95,24.8,24.82,24.76,24.72,24.81,24.86,24.81,24.9,24.99,24.96,24.98,25.0,24.94,24.8,24.77,24.69,24.74,24.89,24.81,24.79,24.75,24.81,24.99,24.98,25.26,25.07,24.98,25.05,24.94,24.78,24.72,24.84,24.85,24.88,24.86,24.73,24.83,24.92,24.86,25.03,25.44,25.26,25.06,25.06,24.96,24.83,24.86,24.86,24.85,24.84,24.73,24.88,24.89,24.81,24.86,25.32,25.65,25.45,25.2,25.12,25.0,24.78,24.93,24.94,24.88,24.81,24.76,25.0,24.94,24.86,24.95,25.3,25.63,25.48,25.4,25.2,24.91,24.91,24.86,24.73,24.88,24.85,24.91,24.88,24.88,24.88,24.89,25.02,25.2,25.5,25.59,25.0,24.85,24.99,24.84,24.91,24.88,24.88,24.78,24.91,24.87,24.88,24.8,24.88,24.94,25.33,25.38,24.92,24.82,24.85,24.73,24.78,24.87,24.82,24.98,25.0,24.85,24.78,24.84,24.84,24.9,24.9,24.84,24.73,24.67,24.57,24.95,24.92,24.75,24.69,24.78,24.9,24.82,24.75,24.9,24.82,24.94,24.92,24.87,24.71,24.71,24.78,24.76
34.88,26.34,24.5,24.66,24.61,24.6,24.52,24.65,24.56,24.64,24.64,24.71,24.52,24.52,24.68,24.66,24.86,24.72,24.56,24.62,24.61,24.79,24.59,24.81,24.68,24.78,24.78,24.68,24.69,24.88,24.86,24.66,24.77,24.79,24.62,24.69,24.84,24.69,24.58,24.71,24.81,24.69,24.81,24.73,24.77,24.71,24.99,24.68,24.61,24.77,24.83,24.59,24.88,24.78,24.62,24.76,24.73,24.71,24.94,24.87,24.88,24.93,24.84,24.69,24.92,24.75,24.8,24.62,24.78,24.75,24.77,24.72,24.69,24.81,24.88,25.0,24.88,24.86,24.88,24.64,24.69,24.61,24.68,24.78,24.79,24.73,24.72,24.75,24.76,24.86,24.86,24.75,24.75,24.93,24.94,24.84,24.68,24.59,24.76,24.92,24.82,24.71,24.69,24.86,24.75,24.86,24.92,24.86,24.98,25.0,24.94,24.94,24.78,24.58,24.96,24.84,24.82,24.72,24.69,24.81,24.86,24.81,24.86,25.03,24.98,25.02,25.0,24.94,24.78,24.81,24.69,24.71,24.87,24.81,24.82,24.75,24.81,24.98,24.98,25.26,25.09,25.0,25.05,24.94,24.76,24.69,24.82,24.85,24.88,24.86,24.75,24.81,24.92,24.86,25.03,25.46,25.26,25.1,25.06,25.01,24.78,24.88,24.81,24.85,24.88,24.77,24.88,24.86,24.81,24.86,25.31,25.68,25.41,25.26,25.11,24.99,24.78,24.93,24.94,24.88,24.84,24.76,25.0,24.94,24.88,24.98,25.26,25.62,25.48,25.36,25.15,24.91,24.94,24.86,24.76,24.88,24.85,24.91,24.88,24.88,24.88,24.94,25.05,25.2,25.48,25.51,24.97,24.85,25.03,24.84,24.96,24.88,24.88,24.78,24.91,24.87,24.88,24.82,24.88,24.94,25.34,25.34,24.92,24.82,24.89,24.78,24.78,24.94,24.8,24.96,25.0,24.85,24.78,24.84,24.84,24.85,24.92,24.81,24.73,24.72,24.57,24.89,24.96,24.75,24.69,24.78,24.96,24.84,24.81,24.88,24.81,24.96,24.92,24.85,24.71,24.69,24.78,24.69
34.98,26.34,24.5,24.66,24.67,24.6,24.48,24.61,24.58,24.64,24.64,24.69,24.55,24.54,24.67,24.68,24.82,24.69,24.62,24.62,24.65,24.79,24.59,24.79,24.68,24.78,24.78,24.68,24.69,24.9,24.86,24.66,24.74,24.79,24.62,24.74,24.84,24.69,24.58,24.71,24.8,24.69,24.81,24.73,24.77,24.75,24.99,24.65,24.58,24.8,24.83,24.61,24.86,24.76,24.62,24.78,24.77,24.68,24.92,24.83,24.86,24.95,24.86,24.71,24.86,24.72,24.8,24.62,24.75,24.72,24.77,24.74,24.7,24.78,24.84,24.98,24.9,24.9,24.88,24.63,24.69,24.63,24.68,24.79,24.77,24.73,24.76,24.78,24.77,24.86,24.86,24.72,24.77,24.93,24.94,24.83,24.68,24.61,24.79,24.92,24.8,24.73,24.69,24.88,24.75,24.83,24.89,24.88,25.0,25.0,24.94,24.91,24.78,24.63,25.0,24.84,24.82,24.74,24.69,24.82,24.86,24.81,24.83,25.06,25.02,25.02,25.0,24.93,24.73,24.79,24.69,24.72,24.85,24.8,24.82,24.76,24.82,24.95,24.98,25.26,25.13,25.05,25.05,24.94,24.73,24.7,24.81,24.85,24.86,24.86,24.77,24.82,24.92,24.86,25.03,25.46,25.26,25.12,25.06,25.03,24.75,24.9,24.79,24.85,24.86,24.78,24.86,24.88,24.81,24.88,25.27,25.66,25.39,25.31,25.09,24.96,24.78,24.91,24.94,24.89,24.84,24.75,25.0,24.94,24.91,24.98,25.23,25.56,25.48,25.32,25.12,24.91,24.92,24.86,24.82,24.9,24.85,24.91,24.88,24.87,24.88,24.97,25.03,25.19,25.46,25.43,24.97,24.85,25.01,24.84,24.94,24.88,24.89,24.78,24.91,24.87,24.89,24.85,24.88,24.94,25.35,25.33,24.92,24.82,24.89,24.78,24.81,24.98,24.78,24.94,24.98,24.85,24.78,24.84,24.84,24.82,24.94,24.83,24.75,24.74,24.57,24.89,24.99,24.75,24.71,24.78,24.98,24.88,24.84,24.86,24.77,24.99,24.92,24.89,24.71,24.64,24.75,24.69
35.13,26.34,24.5,24.66,24.75,24.6,24.43,24.58,24.6,24.64,24.62,24.66,24.55,24.61,24.72,24.8,24.76,24.72,24.69,24.59,24.69,24.79,24.59,24.73,24.64,24.78,24.78,24.68,24.69,24.94,24.86,24.66,24.69,24.79,24.59,24.78,24.84,24.69,24.56,24.69,24.75,24.7,24.81,24.72,24.75,24.78,24.99,24.68,24.58,24.77,24.81,24.68,24.83,24.72,24.62,24.8,24.8,24.66,24.88,24.78,24.82,24.95,24.9,24.76,24.74,24.65,24.8,24.62,24.73,24.69,24.75,24.78,24.75,24.75,24.81,24.94,24.88,24.94,24.88,24.64,24.69,24.68,24.65,24.83,24.75,24.73,24.81,24.83,24.81,24.86,24.86,24.69,24.8,24.93,24.94,24.78,24.68,24.68,24.84,24.9,24.78,24.77,24.69,24.86,24.75,24.81,24.85,24.9,25.03,25.0,24.94,24.88,24.78,24.73,25.03,24.84,24.82,24.79,24.69,24.85,24.86,24.81,24.81,25.1,25.09,25.0,25.0,24.89,24.64,24.75,24.69,24.76,24.85,24.77,24.84,24.81,24.85,24.9,24.99,25.27,25.21,25.12,25.05,24.94,24.71,24.76,24.82,24.83,24.82,24.88,24.77,24.86,24.9,24.85,25.03,25.48,25.27,25.16,25.05,25.01,24.71,24.9,24.81,24.85,24.81,24.77,24.83,24.92,24.81,24.9,25.2,25.63,25.36,25.38,25.09,24.92,24.78,24.88,24.94,24.92,24.84,24.72,25.0,24.94,24.94,24.98,25.19,25.45,25.48,25.24,25.06,24.89,24.89,24.88,24.92,24.94,24.83,24.91,24.88,24.82,24.88,25.0,24.98,25.16,25.42,25.3,24.94,24.85,24.96,24.84,24.86,24.88,24.91,24.78,24.91,24.87,24.94,24.88,24.88,24.94,25.3,25.27,24.9,24.81,24.91,24.8,24.89,25.03,24.78,24.94,24.94,24.85,24.78,24.84,24.84,24.78,24.94,24.86,24.79,24.72,24.59,24.89,24.96,24.75,24.78,24.78,24.98,24.92,24.9,24.86,24.73,25.03,24.92,24.94,24.71,24.59,24.67,24.69
35.19,26.34,24.5,24.66,24.78,24.6,24.43,24.58,24.62,24.64,24.6,24.66,24.55,24.63,24.72,24.86,24.76,24.76,24.69,24.57,24.69,24.79,24.59,24.71,24.61,24.78,24.78,24.68,24.69,24.94,24.86,24.66,24.69,24.79,24.57,24.78,24.84,24.69,24.54,24.67,24.73,24.72,24.81,24.7,24.73,24.78,24.99,24.7,24.58,24.74,24.79,24.7,24.83,24.72,24.62,24.8,24.8,24.66,24.87,24.77,24.8,24.95,24.91,24.78,24.7,24.62,24.8,24.62,24.75,24.69,24.74,24.78,24.77,24.75,24.81,24.92,24.87,24.94,24.88,24.66,24.69,24.68,24.63,24.83,24.75,24.73,24.83,24.84,24.81,24.86,24.86,24.69,24.8,24.93,24.94,24.76,24.68,24.7,24.86,24.88,24.78,24.78,24.69,24.85,24.75,24.81,24.83,24.9,25.03,25.0,24.94,24.88,24.78,24.75,25.03,24.84,24.82,24.81,24.69,24.85,24.86,24.81,24.81,25.12,25.1,24.99,25.0,24.87,24.63,24.75,24.69,24.76,24.85,24.77,24.86,24.82,24.85,24.89,25.0,25.28,25.23,25.14,25.05,24.94,24.71,24.77,24.84,24.82,24.8,24.9,24.77,24.88,24.89,24.83,25.03,25.49,25.28,25.18,25.03,25.0,24.71,24.9,24.82,24.85,24.8,24.75,24.83,24.93,24.81,24.9,25.19,25.63,25.36,25.39,25.09,24.9,24.78,24.88,24.94,24.92,24.84,24.72,25.0,24.94,24.94,24.98,25.17,25.42,25.48,25.22,25.05,24.88,24.89,24.9,24.95,24.94,24.82,24.91,24.88,24.81,24.88,25.0,24.96,25.16,25.4,25.25,24.91,24.85,24.94,24.84,24.84,24.88,24.9,24.78,24.91,24.87,24.96,24.88,24.88,24.94,25.29,25.23,24.88,24.79,24.92,24.83,24.92,25.03,24.78,24.94,24.92,24.85,24.78,24.84,24.84,24.78,24.94,24.86,24.79,24.71,24.61,24.89,24.92,24.75,24.8,24.78,24.98,24.92,24.92,24.86,24.73,25.03,24.92,24.94,24.71,24.59,24.64,24.69
35.32,26.34,24.5,24.66,24.78,24.56,24.43,24.58,24.69,24.68,24.6,24.66,24.55,24.67,24.67,24.92,24.76,24.83,24.69,24.57,24.65,24.75,24.59,24.71,24.58,24.78,24.78,24.68,24.72,24.9,24.82,24.62,24.74,24.85,24.57,24.74,24.8,24.69,24.54,24.67,24.73,24.72,24.78,24.7,24.73,24.78,24.95,24.7,24.58,24.74,24.75,24.7,24.83,24.76,24.66,24.78,24.77,24.66,24.87,24.77,24.78,24.95,24.91,24.82,24.7,24.62,24.8,24.62,24.78,24.72,24.71,24.74,24.77,24.75,24.84,24.89,24.84,24.94,24.88,24.73,24.72,24.63,24.59,24.79,24.77,24.73,24.83,24.82,24.77,24.86,24.89,24.69,24.77,24.93,24.94,24.76,24.71,24.7,24.86,24.82,24.78,24.81,24.69,24.82,24.75,24.81,24.83,24.9,25.03,24.97,24.94,24.88,24.78,24.75,25.0,24.84,24.82,24.81,24.69,24.82,24.86,24.83,24.83,25.12,25.07,24.96,25.0,24.91,24.63,24.75,24.69,24.76,24.85,24.8,24.86,24.82,24.82,24.89,25.06,25.34,25.23,25.14,25.05,24.94,24.71,24.77,24.84,24.78,24.8,24.93,24.77,24.88,24.89,24.81,25.06,25.51,25.31,25.2,25.03,25.0,24.71,24.9,24.82,24.88,24.8,24.75,24.86,24.93,24.81,24.88,25.19,25.63,25.39,25.39,25.06,24.88,24.78,24.88,24.9,24.89,24.84,24.75,25.0,24.91,24.91,24.95,25.14,25.4,25.42,25.13,25.01,24.84,24.92,24.9,24.9,24.9,24.78,24.91,24.88,24.81,24.85,25.0,24.96,25.16,25.35,25.13,24.84,24.88,24.9,24.84,24.74,24.88,24.86,24.78,24.91,24.84,24.96,24.88,24.88,24.94,25.26,25.14,24.85,24.79,24.96,24.83,24.92,25.03,24.78,24.94,24.89,24.85,24.78,24.88,24.88,24.78,24.94,24.86,24.75,24.71,24.66,24.89,24.86,24.75,24.8,24.74,24.95,24.92,24.96,24.86,24.77,24.99,24.88,24.94,24.71,24.59,24.58,24.69
35.43,26.34,24.5,24.66,24.72,24.56,24.43,24.54,24.73,24.68,24.64,24.66,24.55,24.67,24.62,24.92,24.76,24.83,24.69,24.57,24.65,24.75,24.59,24.68,24.58,24.78,24.78,24.68,24.76,24.86,24.82,24.58,24.74,24.85,24.57,24.69,24.8,24.69,24.54,24.67,24.77,24.72,24.75,24.7,24.7,24.78,24.95,24.7,24.63,24.74,24.75,24.7,24.83,24.76,24.69,24.75,24.77,24.66,24.87,24.77,24.75,24.95,24.91,24.86,24.7,24.62,24.84,24.65,24.78,24.72,24.71,24.74,24.77,24.72,24.84,24.86,24.81,24.94,24.88,24.76,24.76,24.63,24.59,24.83,24.77,24.7,24.83,24.79,24.77,24.83,24.89,24.69,24.77,24.93,24.94,24.76,24.74,24.7,24.86,24.75,24.75,24.84,24.69,24.82,24.75,24.81,24.86,24.93,25.03,24.94,24.94,24.88,24.78,24.75,24.96,24.81,24.85,24.81,24.69,24.82,24.83,24.86,24.86,25.14,25.05,24.96,25.0,24.91,24.66,24.75,24.69,24.76,24.85,24.83,24.86,24.82,24.82,24.89,25.09,25.36,25.23,25.11,25.05,24.94,24.74,24.77,24.81,24.78,24.8,24.97,24.77,24.85,24.89,24.81,25.09,25.54,25.31,25.2,25.06,25.03,24.71,24.86,24.82,24.92,24.8,24.78,24.86,24.9,24.81,24.88,25.21,25.63,25.39,25.39,25.06,24.88,24.78,24.85,24.86,24.89,24.84,24.75,25.0,24.88,24.91,24.95,25.12,25.37,25.37,25.07,24.98,24.84,24.95,24.86,24.86,24.86,24.78,24.91,24.88,24.81,24.85,25.0,24.96,25.14,25.29,25.04,24.84,24.92,24.86,24.84,24.64,24.88,24.9,24.78,24.88,24.78,24.96,24.88,24.88,24.91,25.2,25.04,24.82,24.82,24.92,24.83,24.92,25.08,24.78,24.94,24.86,24.82,24.78,24.91,24.91,24.78,24.94,24.89,24.75,24.74,24.66,24.84,24.79,24.75,24.8,24.69,24.91,24.92,24.96,24.9,24.81,24.96,24.84,24.94,24.74,24.59,24.53,24.63
35.54,26.34,24.5,24.72,24.67,24.6,24.43,24.54,24.73,24.64,24.68,24.69,24.59,24.67,24.58,24.92,24.82,24.83,24.69,24.51,24.69,24.75,24.59,24.68,24.58,24.75,24.78,24.71,24.76,24.86,24.82,24.53,24.74,24.85,24.57,24.69,24.8,24.69,24.54,24.7,24.8,24.75,24.75,24.7,24.67,24.78,24.95,24.7,24.67,24.74,24.79,24.74,24.83,24.72,24.72,24.75,24.77,24.66,24.87,24.79,24.75,24.95,24.91,24.86,24.66,24.62,24.84,24.65,24.75,24.72,24.74,24.74,24.77,24.69,24.84,24.83,24.81,24.9,24.88,24.76,24.79,24.68,24.59,24.87,24.77,24.7,24.83,24.76,24.77,24.83,24.86,24.69,24.77,24.9,24.94,24.79,24.74,24.7,24.86,24.71,24.75,24.84,24.69,24.82,24.75,24.81,24.89,24.93,25.0,24.94,24.97,24.88,24.75,24.75,24.96,24.78,24.88,24.81,24.69,24.85,24.81,24.89,24.89,25.17,25.05,24.96,25.0,24.87,24.66,24.75,24.69,24.79,24.85,24.86,24.86,24.82,24.82,24.89,25.12,25.39,25.26,25.11,25.05,24.94,24.78,24.77,24.77,24.78,24.8,25.0,24.77,24.82,24.89,24.83,25.09,25.56,25.37,25.2,25.09,25.06,24.68,24.82,24.86,24.92,24.8,24.78,24.83,24.88,24.83,24.9,25.21,25.61,25.33,25.37,25.09,24.9,24.78,24.81,24.82,24.89,24.84,24.72,24.97,24.84,24.94,24.98,25.09,25.28,25.32,25.04,24.94,24.88,24.95,24.82,24.81,24.86,24.78,24.91,24.85,24.78,24.85,25.02,24.96,25.11,25.2,24.95,24.84,24.95,24.82,24.84,24.59,24.88,24.94,24.82,24.84,24.75,24.96,24.88,24.91,24.88,25.14,24.98,24.78,24.86,24.88,24.83,24.92,25.08,24.78,24.94,24.83,24.78,24.82,24.91,24.91,24.78,24.94,24.89,24.75,24.74,24.66,24.72,24.73,24.81,24.85,24.69,24.87,24.88,24.96,24.94,24.84,24.92,24.8,24.94,24.78,24.64,24.53,24.56
35.65,26.34,24.5,24.78,24.61,24.55,24.39,24.58,24.73,24.64,24.71,24.73,24.63,24.67,24.58,24.92,24.89,24.9,24.69,24.51,24.69,24.75,24.62,24.71,24.58,24.71,24.78,24.78,24.76,24.86,24.79,24.53,24.74,24.92,24.62,24.69,24.8,24.69,24.58,24.73,24.8,24.78,24.78,24.7,24.67,24.78,24.91,24.7,24.67,24.74,24.83,24.78,24.83,24.69,24.72,24.75,24.77,24.66,24.87,24.82,24.75,24.95,24.91,24.86,24.62,24.62,24.8,24.62,24.71,24.72,24.74,24.74,24.77,24.69,24.84,24.8,24.81,24.9,24.88,24.76,24.82,24.68,24.59,24.87,24.77,24.7,24.83,24.73,24.77,24.83,24.83,24.69,24.77,24.9,24.94,24.82,24.78,24.7,24.86,24.71,24.75,24.81,24.69,24.82,24.75,24.78,24.89,24.9,24.98,24.94,25.0,24.88,24.71,24.75,24.96,24.81,24.88,24.78,24.69,24.88,24.78,24.89,24.89,25.17,25.05,25.0,25.0,24.87,24.63,24.75,24.69,24.82,24.85,24.89,24.86,24.82,24.82,24.89,25.14,25.41,25.29,25.14,25.02,24.91,24.81,24.77,24.77,24.78,24.8,25.0,24.77,24.82,24.89,24.83,25.09,25.56,25.42,25.22,25.09,25.1,24.68,24.79,24.86,24.88,24.8,24.78,24.83,24.85,24.83,24.9,25.19,25.58,25.31,25.34,25.09,24.93,24.78,24.78,24.79,24.86,24.84,24.72,24.93,24.84,24.94,24.98,25.06,25.2,25.29,25.02,24.91,24.91,24.92,24.79,24.77,24.86,24.78,24.88,24.82,24.78,24.82,25.05,24.94,25.09,25.14,24.88,24.84,24.95,24.79,24.84,24.59,24.88,24.94,24.85,24.84,24.78,24.96,24.88,24.94,24.88,25.08,24.92,24.78,24.86,24.88,24.83,24.92,25.03,24.78,24.94,24.83,24.78,24.85,24.91,24.91,24.78,24.9,24.89,24.75,24.71,24.66,24.67,24.73,24.87,24.85,24.69,24.83,24.88,24.99,24.94,24.84,24.88,24.8,24.94,24.78,24.69,24.53,24.56
35.76,26.34,24.5,24.8,24.58,24.51,24.34,24.59,24.73,24.66,24.73,24.75,24.68,24.67,24.58,24.89,24.92,24.94,24.72,24.54,24.69,24.75,24.66,24.73,24.59,24.68,24.76,24.81,24.76,24.86,24.77,24.53,24.72,24.95,24.65,24.69,24.8,24.69,24.59,24.75,24.8,24.8,24.81,24.7,24.67,24.78,24.88,24.7,24.67,24.74,24.83,24.8,24.83,24.65,24.7,24.73,24.77,24.67,24.87,24.84,24.73,24.95,24.91,24.86,24.6,24.62,24.76,24.6,24.7,24.72,24.73,24.74,24.77,24.7,24.84,24.77,24.81,24.92,24.89,24.76,24.84,24.66,24.59,24.87,24.77,24.68,24.83,24.72,24.77,24.82,24.82,24.69,24.77,24.91,24.94,24.84,24.81,24.7,24.88,24.71,24.75,24.78,24.69,24.82,24.76,24.75,24.89,24.89,24.96,24.94,25.02,24.88,24.7,24.75,24.96,24.84,24.86,24.76,24.69,24.9,24.76,24.89,24.89,25.19,25.06,25.03,25.01,24.89,24.61,24.75,24.7,24.84,24.85,24.91,24.86,24.82,24.82,24.89,25.17,25.44,25.35,25.18,25.01,24.88,24.84,24.77,24.77,24.78,24.8,25.0,24.77,24.83,24.89,24.83,25.1,25.56,25.46,25.25,25.08,25.13,24.7,24.75,24.86,24.87,24.8,24.78,24.84,24.82,24.83,24.9,25.16,25.57,25.28,25.32,25.08,24.96,24.78,24.74,24.75,24.84,24.84,24.73,24.9,24.84,24.94,24.98,25.03,25.12,25.25,24.98,24.88,24.92,24.89,24.75,24.73,24.86,24.8,24.84,24.79,24.78,24.81,25.06,24.91,25.05,25.08,24.82,24.84,24.95,24.77,24.82,24.59,24.88,24.94,24.88,24.84,24.81,24.96,24.88,24.96,24.88,25.02,24.85,24.78,24.84,24.86,24.83,24.92,25.01,24.78,24.92,24.83,24.78,24.87,24.91,24.91,24.76,24.87,24.89,24.77,24.69,24.66,24.64,24.76,24.9,24.85,24.69,24.82,24.9,25.03,24.94,24.82,24.84,24.8,24.94,24.78,24.71,24.53,24.56
35.86,26.34,24.5,24.8,24.58,24.51,24.34,24.59,24.69,24.69,24.73,24.71,24.68,24.72,24.63,24.83,24.86,24.94,24.78,24.59,24.69,24.71,24.66,24.73,24.66,24.64,24.73,24.78,24.76,24.9,24.77,24.49,24.66,24.95,24.65,24.69,24.76,24.69,24.59,24.78,24.8,24.77,24.81,24.73,24.71,24.78,24.84,24.7,24.72,24.74,24.78,24.8,24.8,24.62,24.7,24.73,24.73,24.7,24.87,24.87,24.71,24.92,24.91,24.86,24.64,24.62,24.72,24.6,24.7,24.75,24.73,24.74,24.77,24.73,24.88,24.73,24.81,24.89,24.92,24.8,24.84,24.66,24.59,24.87,24.77,24.68,24.79,24.69,24.77,24.82,24.85,24.69,24.77,24.91,24.94,24.84,24.81,24.7,24.88,24.71,24.75,24.78,24.69,24.79,24.79,24.75,24.92,24.92,24.96,24.94,25.02,24.88,24.7,24.75,24.96,24.84,24.83,24.79,24.69,24.93,24.79,24.92,24.92,25.19,25.09,25.03,25.04,24.92,24.61,24.71,24.74,24.87,24.89,24.88,24.82,24.82,24.82,24.92,25.2,25.46,25.4,25.24,25.04,24.88,24.84,24.77,24.77,24.78,24.8,25.0,24.73,24.86,24.92,24.86,25.13,25.56,25.48,25.25,25.08,25.13,24.7,24.71,24.9,24.9,24.8,24.75,24.84,24.82,24.86,24.93,25.13,25.54,25.25,25.26,25.08,24.99,24.78,24.71,24.71,24.88,24.84,24.73,24.86,24.81,24.94,24.98,25.03,25.07,25.17,24.92,24.88,24.92,24.86,24.71,24.68,24.9,24.83,24.84,24.76,24.75,24.81,25.06,24.91,24.99,24.99,24.76,24.84,24.99,24.77,24.78,24.54,24.88,24.98,24.92,24.84,24.81,24.96,24.88,24.96,24.88,24.96,24.82,24.78,24.84,24.82,24.78,24.92,25.01,24.82,24.92,24.8,24.78,24.87,24.91,24.91,24.73,24.83,24.89,24.81,24.69,24.66,24.64,24.76,24.9,24.9,24.69,24.77,24.9,25.03,24.98,24.82,24.81,24.76,24.94,24.78,24.71,24.53,24.56
35.96,26.34,24.5,24.8,24.58,24.51,24.34,24.59,24.66,24.73,24.73,24.68,24.68,24.76,24.68,24.77,24.79,24.94,24.84,24.65,24.69,24.68,24.66,24.73,24.72,24.61,24.7,24.74,24.76,24.94,24.77,24.44,24.61,24.95,24.65,24.69,24.72,24.69,24.59,24.82,24.8,24.73,24.81,24.76,24.74,24.78,24.8,24.7,24.76,24.74,24.73,24.8,24.77,24.59,24.7,24.73,24.7,24.73,24.87,24.9,24.68,24.89,24.91,24.86,24.68,24.62,24.69,24.6,24.7,24.78,24.73,24.74,24.77,24.77,24.91,24.7,24.81,24.87,24.95,24.83,24.84,24.66,24.59,24.87,24.77,24.68,24.76,24.65,24.77,24.82,24.88,24.69,24.77,24.91,24.94,24.84,24.81,24.7,24.88,24.71,24.75,24.78,24.69,24.76,24.82,24.75,24.95,24.95,24.96,24.94,25.02,24.88,24.7,24.75,24.96,24.84,24.8,24.83,24.69,24.96,24.82,24.95,24.95,25.19,25.12,25.03,25.06,24.96,24.61,24.68,24.77,24.9,24.92,24.84,24.79,24.82,24.82,24.95,25.23,25.49,25.45,25.3,25.06,24.88,24.84,24.77,24.77,24.78,24.8,25.0,24.7,24.89,24.95,24.89,25.16,25.56,25.51,25.25,25.08,25.13,24.7,24.68,24.94,24.94,24.8,24.73,24.84,24.82,24.89,24.96,25.1,25.51,25.22,25.21,25.08,25.02,24.78,24.67,24.68,24.91,24.84,24.73,24.83,24.78,24.94,24.98,25.03,25.01,25.08,24.86,24.88,24.92,24.83,24.68,24.64,24.94,24.87,24.84,24.73,24.73,24.81,25.06,24.91,24.93,24.9,24.7,24.84,25.02,24.77,24.73,24.49,24.88,25.01,24.95,24.84,24.81,24.96,24.88,24.96,24.88,24.9,24.79,24.78,24.84,24.78,24.73,24.92,25.01,24.86,24.92,24.77,24.78,24.87,24.91,24.91,24.7,24.8,24.89,24.84,24.69,24.66,24.64,24.76,24.9,24.95,24.69,24.73,24.9,25.03,25.01,24.82,24.77,24.72,24.94,24.78,24.71,24.53,24.56
36.05,26.34,24.5,24.86,24.52,24.51,24.34,24.59,24.64,24.77,24.77,24.69,24.66,24.78,24.73,24.74,24.76,24.9,24.84,24.7,24.69,24.64,24.66,24.75,24.76,24.61,24.7,24.71,24.76,24.92,24.77,24.44,24.58,24.95,24.65,24.69,24.68,24.65,24.63,24.85,24.84,24.7,24.78,24.79,24.78,24.82,24.76,24.68,24.74,24.77,24.73,24.82,24.75,24.57,24.7,24.72,24.66,24.73,24.88,24.9,24.69,24.88,24.9,24.84,24.7,24.69,24.69,24.6,24.66,24.78,24.75,24.76,24.75,24.77,24.91,24.72,24.82,24.88,24.95,24.85,24.84,24.68,24.63,24.85,24.79,24.68,24.76,24.62,24.76,24.82,24.88,24.69,24.78,24.91,24.9,24.85,24.81,24.68,24.88,24.71,24.73,24.77,24.72,24.75,24.85,24.75,24.95,24.96,24.96,24.94,25.02,24.84,24.7,24.77,24.96,24.84,24.78,24.81,24.69,24.98,24.82,24.98,24.98,25.19,25.15,25.06,25.09,24.97,24.63,24.66,24.81,24.92,24.97,24.83,24.79,24.81,24.83,24.95,25.26,25.51,25.49,25.31,25.09,24.91,24.84,24.76,24.76,24.78,24.82,25.0,24.69,24.88,24.95,24.92,25.19,25.56,25.51,25.22,25.08,25.15,24.7,24.66,24.96,24.94,24.85,24.71,24.83,24.81,24.89,24.98,25.12,25.5,25.19,25.16,25.06,25.02,24.78,24.66,24.68,24.92,24.84,24.72,24.79,24.75,24.94,24.98,25.03,24.95,25.03,24.85,24.88,24.92,24.81,24.64,24.58,24.92,24.87,24.84,24.73,24.71,24.81,25.06,24.93,24.91,24.86,24.68,24.84,25.06,24.79,24.73,24.46,24.88,25.03,24.99,24.84,24.81,24.94,24.88,25.0,24.88,24.88,24.78,24.78,24.88,24.78,24.73,24.83,24.96,24.84,24.94,24.78,24.78,24.87,24.91,24.91,24.7,24.82,24.88,24.82,24.71,24.66,24.64,24.73,24.9,24.92,24.69,24.71,24.9,24.99,24.99,24.86,24.77,24.72,24.94,24.78,24.71,24.56,24.63
36.19,26.34,24.5,24.95,24.43,24.51,24.34,24.59,24.64,24.82,24.82,24.75,24.66,24.78,24.73,24.65,24.76,24.8,24.84,24.78,24.69,24.58,24.66,24.81,24.81,24.61,24.7,24.66,24.76,24.86,24.77,24.44,24.58,24.95,24.65,24.69,24.61,24.6,24.68,24.9,24.93,24.66,24.73,24.83,24.83,24.87,24.71,24.61,24.67,24.85,24.73,24.82,24.75,24.57,24.7,24.68,24.61,24.73,24.92,24.9,24.73,24.88,24.86,24.78,24.76,24.83,24.69,24.6,24.61,24.78,24.8,24.76,24.7,24.77,24.91,24.77,24.87,24.92,24.95,24.85,24.84,24.68,24.7,24.8,24.83,24.68,24.76,24.58,24.7,24.82,24.88,24.69,24.78,24.91,24.85,24.9,24.81,24.61,24.88,24.71,24.73,24.73,24.77,24.75,24.89,24.75,24.95,24.96,24.96,24.94,25.02,24.8,24.7,24.77,24.96,24.84,24.73,24.76,24.69,24.98,24.82,25.02,25.02,25.19,25.19,25.1,25.12,25.02,24.68,24.66,24.86,24.92,25.01,24.83,24.79,24.76,24.83,24.95,25.3,25.55,25.53,25.31,25.12,24.96,24.84,24.7,24.7,24.78,24.86,25.0,24.69,24.83,24.95,24.96,25.23,25.56,25.51,25.19,25.08,25.2,24.7,24.66,24.96,24.94,24.95,24.71,24.83,24.76,24.89,24.98,25.16,25.5,25.15,25.08,25.02,25.02,24.78,24.66,24.68,24.92,24.84,24.72,24.74,24.7,24.94,24.98,25.03,24.91,24.95,24.85,24.88,24.92,24.81,24.58,24.45,24.86,24.87,24.84,24.73,24.71,24.81,25.06,24.98,24.91,24.81,24.68,24.84,25.11,24.84,24.73,24.46,24.88,25.03,25.04,24.84,24.81,24.89,24.88,25.05,24.88,24.88,24.78,24.78,24.93,24.78,24.73,24.65,24.89,24.78,24.94,24.83,24.78,24.87,24.91,24.91,24.7,24.87,24.83,24.77,24.76,24.66,24.64,24.73,24.9,24.85,24.69,24.71,24.9,24.94,24.94,24.92,24.77,24.72,24.94,24.78,24.71,24.64,24.73
36.3,26.34,24.57,24.95,24.46,24.53,24.39,24.63,24.66,24.81,24.81,24.75,24.7,24.78,24.71,24.56,24.76,24.8,24.84,24.75,24.67,24.56,24.66,24.86,24.83,24.58,24.66,24.66,24.74,24.84,24.79,24.47,24.61,24.98,24.62,24.67,24.59,24.6,24.7,24.92,24.95,24.64,24.75,24.84,24.84,24.87,24.69,24.59,24.67,24.88,24.68,24.8,24.75,24.55,24.69,24.66,24.59,24.75,24.94,24.95,24.76,24.84,24.84,24.74,24.76,24.85,24.65,24.6,24.58,24.77,24.82,24.74,24.69,24.8,24.92,24.8,24.87,24.92,24.95,24.83,24.82,24.7,24.7,24.78,24.84,24.68,24.74,24.58,24.69,24.82,24.89,24.69,24.77,24.91,24.88,24.95,24.8,24.59,24.86,24.73,24.76,24.73,24.77,24.75,24.89,24.75,24.96,24.93,24.96,24.92,25.02,24.8,24.7,24.75,24.95,24.88,24.71,24.78,24.69,24.96,24.82,25.03,25.03,25.2,25.22,25.1,25.15,25.01,24.7,24.66,24.86,24.92,25.01,24.81,24.77,24.75,24.82,24.96,25.31,25.56,25.59,25.35,25.12,24.96,24.84,24.69,24.72,24.78,24.88,24.97,24.72,24.85,24.93,24.99,25.24,25.54,25.53,25.19,25.06,25.18,24.66,24.66,24.94,24.95,24.96,24.7,24.81,24.78,24.89,24.96,25.17,25.48,25.14,25.04,25.01,25.02,24.78,24.66,24.69,24.94,24.84,24.73,24.71,24.72,24.95,24.99,25.0,24.86,24.92,24.86,24.88,24.92,24.8,24.6,24.45,24.88,24.87,24.82,24.71,24.73,24.82,25.06,25.0,24.91,24.77,24.69,24.84,25.09,24.84,24.73,24.49,24.88,24.99,25.04,24.84,24.83,24.88,24.85,25.05,24.88,24.88,24.79,24.78,24.87,24.74,24.76,24.62,24.84,24.78,24.9,24.86,24.82,24.87,24.89,24.89,24.7,24.87,24.83,24.75,24.74,24.66,24.64,24.79,24.9,24.83,24.72,24.72,24.9,24.94,24.9,24.9,24.79,24.74,24.94,24.78,24.71,24.7,24.79
36.41,26.34,24.63,24.95,24.52,24.57,24.43,24.67,24.66,24.77,24.77,24.75,24.74,24.78,24.71,24.5,24.76,24.8,24.84,24.7,24.67,24.56,24.66,24.89,24.83,24.54,24.63,24.66,24.71,24.84,24.82,24.51,24.61,24.98,24.57,24.67,24.59,24.6,24.7,24.92,24.95,24.64,24.78,24.84,24.84,24.87,24.69,24.59,24.67,24.88,24.63,24.8,24.75,24.52,24.66,24.66,24.59,24.78,24.94,24.98,24.79,24.81,24.84,24.71,24.72,24.85,24.61,24.6,24.54,24.73,24.85,24.74,24.69,24.83,24.92,24.83,24.87,24.92,24.95,24.8,24.79,24.74,24.7,24.78,24.84,24.68,24.74,24.6,24.69,24.82,24.89,24.69,24.77,24.91,24.91,24.98,24.77,24.59,24.86,24.76,24.79,24.73,24.77,24.75,24.89,24.75,24.96,24.9,24.96,24.92,25.02,24.8,24.7,24.75,24.95,24.91,24.68,24.81,24.69,24.96,24.82,25.03,25.03,25.23,25.28,25.1,25.18,24.98,24.7,24.66,24.86,24.92,25.01,24.78,24.77,24.75,24.82,24.96,25.31,25.56,25.67,25.41,25.12,24.96,24.84,24.69,24.76,24.78,24.88,24.93,24.75,24.88,24.9,25.02,25.24,25.51,25.56,25.19,25.03,25.15,24.63,24.66,24.94,24.95,24.96,24.67,24.78,24.81,24.89,24.96,25.17,25.45,25.11,25.01,25.01,25.02,24.78,24.66,24.73,24.97,24.84,24.73,24.67,24.75,24.98,25.02,24.98,24.8,24.92,24.9,24.88,24.92,24.77,24.64,24.49,24.92,24.87,24.79,24.68,24.73,24.85,25.06,25.0,24.91,24.74,24.72,24.84,25.06,24.84,24.73,24.54,24.88,24.96,25.04,24.84,24.86,24.88,24.82,25.05,24.88,24.88,24.83,24.78,24.8,24.71,24.8,24.62,24.8,24.78,24.86,24.89,24.85,24.87,24.86,24.86,24.7,24.87,24.83,24.75,24.71,24.66,24.64,24.86,24.9,24.83,24.76,24.76,24.9,24.94,24.86,24.86,24.82,24.78,24.94,24.78,24.71,24.75,24.86
36.5,26.34,24.66,24.92,24.55,24.59,24.48,24.67,24.66,24.75,24.73,24.75,24.74,24.76,24.71,24.47,24.76,24.8,24.84,24.67,24.67,24.58,24.66,24.89,24.81,24.54,24.61,24.64,24.69,24.82,24.86,24.55,24.61,24.95,24.51,24.67,24.61,24.6,24.68,24.91,24.95,24.64,24.78,24.84,24.84,24.88,24.71,24.59,24.67,24.85,24.58,24.8,24.75,24.52,24.62,24.65,24.61,24.81,24.94,24.96,24.8,24.8,24.84,24.69,24.7,24.85,24.61,24.62,24.52,24.7,24.85,24.76,24.7,24.84,24.91,24.86,24.87,24.94,24.95,24.78,24.76,24.74,24.72,24.78,24.84,24.66,24.74,24.63,24.69,24.81,24.89,24.69,24.78,24.93,24.94,25.0,24.75,24.61,24.88,24.78,24.8,24.73,24.77,24.76,24.9,24.76,24.95,24.89,24.98,24.92,25.0,24.8,24.7,24.75,24.95,24.94,24.65,24.83,24.69,24.95,24.83,25.03,25.03,25.24,25.32,25.1,25.2,24.96,24.71,24.66,24.88,24.91,25.01,24.75,24.77,24.75,24.83,24.96,25.3,25.56,25.74,25.44,25.14,24.98,24.84,24.69,24.79,24.78,24.88,24.9,24.77,24.89,24.88,25.03,25.26,25.5,25.56,25.19,25.0,25.12,24.63,24.66,24.92,24.97,24.96,24.66,24.77,24.82,24.88,24.96,25.19,25.45,25.1,25.0,24.99,25.02,24.78,24.66,24.75,25.0,24.84,24.73,24.66,24.78,25.0,25.03,24.96,24.77,24.92,24.91,24.88,24.91,24.75,24.66,24.54,24.94,24.88,24.79,24.68,24.73,24.87,25.05,25.0,24.91,24.74,24.73,24.86,25.02,24.86,24.71,24.56,24.88,24.94,25.02,24.83,24.88,24.88,24.8,25.03,24.88,24.88,24.84,24.78,24.75,24.69,24.83,24.59,24.8,24.78,24.84,24.91,24.87,24.85,24.86,24.84,24.7,24.87,24.83,24.77,24.71,24.66,24.67,24.89,24.87,24.83,24.78,24.8,24.9,24.94,24.84,24.84,24.84,24.8,24.94,24.8,24.71,24.78,24.89
36.64,26.34,24.66,24.83,24.55,24.59,24.54,24.61,24.66,24.75,24.68,24.75,24.68,24.69,24.71,24.47,24.76,24.8,24.84,24.67,24.67,24.64,24.66,24.84,24.76,24.59,24.61,24.59,24.69,24.77,24.92,24.62,24.61,24.85,24.43,24.67,24.68,24.6,24.63,24.86,24.95,24.64,24.73,24.84,24.84,24.94,24.76,24.59,24.67,24.77,24.52,24.8,24.75,24.57,24.58,24.61,24.66,24.85,24.94,24.87,24.8,24.8,24.84,24.69,24.7,24.85,24.67,24.67,24.52,24.66,24.81,24.81,24.75,24.84,24.86,24.91,24.87,24.99,24.95,24.78,24.7,24.68,24.78,24.78,24.84,24.61,24.74,24.67,24.69,24.76,24.89,24.69,24.83,24.98,24.98,25.0,24.75,24.68,24.93,24.78,24.8,24.73,24.77,24.81,24.95,24.81,24.9,24.89,25.02,24.92,24.95,24.8,24.7,24.75,24.95,24.98,24.61,24.83,24.69,24.9,24.88,25.03,25.03,25.24,25.36,25.1,25.24,24.96,24.76,24.66,24.93,24.86,25.01,24.7,24.77,24.75,24.88,24.96,25.26,25.56,25.82,25.44,25.18,25.03,24.84,24.69,24.84,24.78,24.88,24.85,24.77,24.89,24.83,25.03,25.3,25.5,25.51,25.19,24.95,25.06,24.68,24.66,24.86,25.02,24.96,24.66,24.77,24.82,24.83,24.96,25.23,25.49,25.1,25.0,24.95,25.02,24.78,24.66,24.75,25.05,24.84,24.73,24.66,24.83,25.0,25.03,24.96,24.77,24.92,24.91,24.88,24.86,24.75,24.66,24.6,24.94,24.94,24.84,24.72,24.73,24.87,25.01,25.0,24.91,24.78,24.73,24.91,24.97,24.92,24.65,24.56,24.88,24.94,24.97,24.78,24.88,24.88,24.8,24.98,24.88,24.88,24.84,24.78,24.7,24.69,24.83,24.5,24.87,24.78,24.84,24.91,24.87,24.8,24.91,24.84,24.7,24.87,24.83,24.82,24.76,24.66,24.75,24.89,24.78,24.83,24.78,24.86,24.9,24.94,24.84,24.84,24.84,24.8,24.94,24.87,24.71,24.78,24.89
36.71,26.34,24.66,24.8,24.55,24.59,24.56,24.59,24.66,24.75,24.66,24.75,24.66,24.67,24.71,24.47,24.76,24.8,24.84,24.67,24.67,24.66,24.66,24.83,24.74,24.61,24.61,24.58,24.69,24.75,24.94,24.64,24.61,24.82,24.41,24.67,24.7,24.6,24.61,24.84,24.95,24.64,24.72,24.84,24.84,24.95,24.78,24.59,24.67,24.74,24.5,24.8,24.75,24.59,24.56,24.59,24.68,24.87,24.94,24.84,24.8,24.8,24.84,24.69,24.7,24.85,24.69,24.69,24.52,24.64,24.8,24.83,24.77,24.84,24.84,24.92,24.87,25.01,24.95,24.78,24.69,24.66,24.8,24.78,24.84,24.59,24.74,24.69,24.69,24.75,24.89,24.69,24.84,25.0,24.99,25.0,24.75,24.7,24.95,24.78,24.8,24.73,24.77,24.82,24.96,24.82,24.89,24.89,25.03,24.92,24.94,24.8,24.7,24.75,24.95,25.0,24.59,24.83,24.69,24.89,24.89,25.03,25.03,25.24,25.38,25.1,25.25,24.96,24.78,24.66,24.95,24.84,25.01,24.69,24.77,24.75,24.89,24.96,25.24,25.56,25.84,25.44,25.19,25.05,24.84,24.69,24.86,24.78,24.88,24.83,24.77,24.89,24.82,25.03,25.31,25.5,25.5,25.19,24.94,25.05,24.7,24.66,24.84,25.04,24.96,24.66,24.77,24.82,24.82,24.96,25.24,25.5,25.1,25.0,24.94,25.02,24.78,24.66,24.75,25.06,24.84,24.73,24.66,24.84,25.0,25.03,24.96,24.77,24.92,24.91,24.88,24.84,24.75,24.66,24.62,24.94,24.95,24.85,24.73,24.73,24.87,25.0,25.0,24.91,24.8,24.73,24.92,24.95,24.94,24.62,24.56,24.88,24.94,24.95,24.76,24.88,24.88,24.8,24.96,24.88,24.88,24.84,24.78,24.68,24.69,24.83,24.47,24.89,24.78,24.84,24.91,24.87,24.78,24.92,24.84,24.7,24.87,24.83,24.84,24.78,24.66,24.78,24.89,24.75,24.83,24.78,24.88,24.9,24.94,24.84,24.84,24.84,24.8,24.94,24.89,24.71,24.78,24.89
36.85,26.34,24.76,24.8,24.55,24.59,24.56,24.59,24.6,24.75,24.71,24.75,24.59,24.61,24.71,24.56,24.76,24.8,24.75,24.67,24.74,24.66,24.66,24.83,24.7,24.66,24.66,24.63,24.69,24.69,24.94,24.71,24.69,24.82,24.41,24.67,24.76,24.6,24.61,24.79,24.9,24.69,24.72,24.8,24.84,24.95,24.84,24.65,24.67,24.66,24.5,24.86,24.75,24.64,24.56,24.59,24.73,24.87,24.9,24.84,24.85,24.84,24.84,24.64,24.63,24.85,24.74,24.74,24.47,24.59,24.8,24.88,24.81,24.8,24.84,24.92,24.87,25.01,24.95,24.73,24.69,24.72,24.86,24.83,24.84,24.59,24.74,24.69,24.69,24.75,24.89,24.69,24.89,25.0,24.99,25.0,24.75,24.7,24.89,24.78,24.76,24.77,24.77,24.82,24.92,24.86,24.89,24.89,24.99,24.92,24.94,24.85,24.7,24.75,24.89,25.0,24.64,24.83,24.69,24.85,24.85,25.03,25.03,25.24,25.38,25.1,25.25,24.96,24.78,24.66,24.89,24.84,25.01,24.73,24.82,24.75,24.89,24.96,25.24,25.56,25.84,25.44,25.15,25.05,24.84,24.69,24.86,24.78,24.88,24.83,24.81,24.85,24.82,24.99,25.31,25.5,25.5,25.15,24.94,25.0,24.7,24.66,24.79,24.99,24.96,24.7,24.77,24.82,24.78,24.96,25.24,25.5,25.14,25.0,24.94,24.97,24.78,24.71,24.81,25.02,24.84,24.73,24.71,24.89,24.95,25.03,24.96,24.72,24.97,24.97,24.83,24.84,24.75,24.71,24.69,24.88,24.9,24.85,24.78,24.77,24.82,24.95,25.0,24.97,24.84,24.78,24.92,24.95,24.94,24.69,24.56,24.82,24.94,24.95,24.76,24.88,24.83,24.8,24.96,24.88,24.88,24.84,24.78,24.73,24.74,24.83,24.47,24.82,24.78,24.9,24.91,24.87,24.78,24.92,24.84,24.75,24.87,24.83,24.79,24.72,24.66,24.78,24.79,24.75,24.76,24.78,24.82,24.84,24.94,24.84,24.9,24.84,24.8,24.94,24.96,24.71,24.7,24.89
36.92,26.34,24.83,24.8,24.55,24.59,24.56,24.59,24.55,24.75,24.75,24.75,24.55,24.56,24.71,24.62,24.76,24.8,24.69,24.67,24.78,24.66,24.66,24.83,24.66,24.7,24.7,24.66,24.69,24.66,24.94,24.75,24.74,24.82,24.41,24.67,24.8,24.6,24.61,24.76,24.87,24.72,24.72,24.77,24.84,24.95,24.88,24.7,24.67,24.61,24.5,24.9,24.75,24.67,24.56,24.59,24.77,24.87,24.87,24.84,24.88,24.87,24.84,24.6,24.59,24.85,24.78,24.78,24.44,24.56,24.8,24.91,24.84,24.77,24.84,24.92,24.87,25.01,24.95,24.7,24.69,24.77,24.9,24.87,24.84,24.59,24.74,24.69,24.69,24.75,24.89,24.69,24.92,25.0,24.99,25.0,24.75,24.7,24.86,24.78,24.73,24.8,24.77,24.82,24.89,24.89,24.89,24.89,24.96,24.92,24.94,24.88,24.7,24.75,24.86,25.0,24.66,24.83,24.69,24.82,24.82,25.03,25.03,25.24,25.38,25.1,25.25,24.96,24.78,24.66,24.86,24.84,25.01,24.77,24.86,24.75,24.89,24.96,25.24,25.56,25.84,25.44,25.12,25.05,24.84,24.69,24.86,24.78,24.88,24.83,24.84,24.82,24.82,24.96,25.31,25.5,25.5,25.12,24.94,24.96,24.7,24.66,24.75,24.95,24.96,24.73,24.77,24.82,24.75,24.96,25.24,25.5,25.17,25.0,24.94,24.95,24.78,24.74,24.84,24.98,24.84,24.73,24.74,24.92,24.92,25.03,24.96,24.69,25.0,25.0,24.8,24.84,24.75,24.75,24.73,24.84,24.87,24.85,24.8,24.8,24.8,24.92,25.0,25.0,24.87,24.8,24.92,24.95,24.94,24.73,24.56,24.78,24.94,24.95,24.76,24.88,24.8,24.8,24.96,24.88,24.88,24.84,24.78,24.77,24.78,24.83,24.47,24.77,24.78,24.94,24.91,24.87,24.78,24.92,24.84,24.78,24.87,24.83,24.75,24.69,24.66,24.78,24.73,24.75,24.71,24.78,24.78,24.8,24.94,24.84,24.94,24.84,24.8,24.94,25.0,24.71,24.64,24.89
37.05,26.34,24.86,24.72,24.64,24.64,24.61,24.59,24.53,24.71,24.71,24.69,24.55,24.54,24.69,24.62,24.76,24.8,24.69,24.67,24.8,24.66,24.66,24.83,24.66,24.7,24.73,24.68,24.69,24.69,24.94,24.75,24.82,24.82,24.41,24.67,24.86,24.65,24.56,24.71,24.81,24.77,24.77,24.73,24.84,24.9,24.93,24.72,24.69,24.53,24.48,24.9,24.75,24.72,24.56,24.62,24.82,24.91,24.85,24.85,24.85,24.88,24.84,24.58,24.59,24.74,24.78,24.84,24.47,24.59,24.75,24.88,24.89,24.77,24.86,24.91,24.84,24.93,24.96,24.71,24.69,24.72,24.9,24.88,24.88,24.63,24.69,24.69,24.69,24.75,24.93,24.69,24.89,25.0,25.07,25.03,24.78,24.7,24.81,24.78,24.76,24.84,24.72,24.82,24.88,24.93,24.93,24.89,24.92,24.92,24.94,24.98,24.7,24.69,24.81,24.97,24.71,24.88,24.69,24.78,24.82,25.03,25.03,25.24,25.34,25.06,25.22,24.98,24.78,24.69,24.81,24.84,24.97,24.81,24.82,24.75,24.85,25.0,25.24,25.59,25.82,25.45,25.09,25.0,24.84,24.69,24.89,24.75,24.88,24.83,24.89,24.85,24.83,24.95,25.28,25.5,25.54,25.12,24.94,24.94,24.7,24.66,24.69,24.95,24.91,24.77,24.81,24.82,24.75,24.93,25.2,25.5,25.21,25.0,24.94,24.95,24.82,24.76,24.84,24.94,24.84,24.78,24.79,24.97,24.88,25.0,24.96,24.72,25.02,24.97,24.79,24.88,24.75,24.81,24.8,24.88,24.87,24.88,24.8,24.84,24.78,24.91,25.0,25.0,24.87,24.8,24.92,24.92,24.94,24.73,24.61,24.76,24.9,24.92,24.76,24.9,24.79,24.8,24.88,24.88,24.88,24.84,24.78,24.73,24.74,24.8,24.56,24.77,24.84,24.9,24.89,24.9,24.78,24.92,24.84,24.78,24.85,24.86,24.79,24.63,24.66,24.78,24.79,24.75,24.71,24.78,24.76,24.78,24.99,24.86,24.9,24.82,24.78,24.94,25.02,24.71,24.61,24.86
37.13,26.34,24.86,24.66,24.7,24.69,24.65,24.59,24.53,24.68,24.68,24.66,24.55,24.54,24.69,24.62,24.76,24.8,24.69,24.67,24.8,24.66,24.66,24.83,24.66,24.7,24.76,24.68,24.69,24.73,24.94,24.75,24.88,24.82,24.41,24.67,24.9,24.69,24.52,24.67,24.78,24.8,24.8,24.7,24.84,24.87,24.97,24.72,24.69,24.48,24.48,24.9,24.75,24.76,24.56,24.65,24.85,24.94,24.85,24.85,24.82,24.88,24.84,24.58,24.59,24.65,24.78,24.88,24.51,24.62,24.73,24.85,24.92,24.77,24.86,24.91,24.81,24.87,24.96,24.75,24.69,24.68,24.9,24.88,24.91,24.66,24.66,24.69,24.69,24.75,24.96,24.69,24.86,25.0,25.13,25.06,24.81,24.7,24.77,24.78,24.79,24.87,24.69,24.82,24.88,24.96,24.96,24.89,24.89,24.92,24.94,25.05,24.7,24.66,24.77,24.93,24.73,24.91,24.69,24.75,24.82,25.03,25.03,25.24,25.31,25.03,25.2,24.98,24.78,24.73,24.77,24.84,24.94,24.84,24.79,24.75,24.82,25.03,25.24,25.62,25.79,25.45,25.06,24.96,24.84,24.69,24.93,24.71,24.88,24.83,24.92,24.88,24.83,24.95,25.26,25.5,25.56,25.12,24.94,24.94,24.7,24.66,24.66,24.95,24.88,24.8,24.84,24.82,24.75,24.9,25.17,25.5,25.24,25.0,24.94,24.95,24.85,24.76,24.84,24.91,24.84,24.8,24.83,25.0,24.84,24.98,24.96,24.75,25.05,24.93,24.79,24.91,24.75,24.84,24.84,24.92,24.87,24.91,24.8,24.87,24.78,24.91,25.0,25.0,24.87,24.8,24.92,24.88,24.94,24.73,24.66,24.76,24.86,24.88,24.76,24.93,24.79,24.8,24.82,24.88,24.88,24.84,24.78,24.7,24.71,24.8,24.62,24.77,24.88,24.86,24.89,24.94,24.78,24.92,24.84,24.78,24.85,24.89,24.82,24.59,24.66,24.78,24.86,24.75,24.71,24.78,24.76,24.78,25.03,24.86,24.86,24.82,24.78,24.94,25.02,24.71,24.61,24.86
37.28,26.34,24.76,24.66,24.7,24.67,24.61,24.54,24.52,24.71,24.68,24.66,24.48,24.54,24.71,24.72,24.76,24.69,24.69,24.75,24.87,24.66,24.66,24.74,24.66,24.75,24.8,24.63,24.69,24.79,24.94,24.75,24.82,24.72,24.46,24.69,24.92,24.69,24.54,24.65,24.75,24.81,24.8,24.69,24.84,24.87,24.99,24.72,24.67,24.45,24.55,24.92,24.75,24.81,24.59,24.66,24.87,24.91,24.88,24.79,24.78,24.9,24.84,24.58,24.63,24.62,24.8,24.89,24.56,24.67,24.68,24.88,24.94,24.72,24.84,24.91,24.84,24.85,24.96,24.8,24.72,24.61,24.92,24.88,24.92,24.71,24.69,24.69,24.69,24.78,24.93,24.69,24.89,25.0,25.11,25.03,24.86,24.74,24.77,24.78,24.76,24.84,24.72,24.85,24.89,24.98,24.93,24.96,24.88,24.97,24.94,25.06,24.7,24.66,24.77,24.87,24.75,24.91,24.72,24.75,24.82,25.0,25.03,25.24,25.31,25.0,25.16,24.98,24.78,24.75,24.77,24.84,24.94,24.89,24.79,24.75,24.82,25.03,25.27,25.63,25.77,25.41,25.06,24.96,24.84,24.69,24.89,24.7,24.88,24.88,24.92,24.85,24.83,24.95,25.24,25.54,25.56,25.09,24.94,25.0,24.75,24.69,24.66,24.9,24.88,24.84,24.89,24.78,24.75,24.93,25.13,25.54,25.21,25.0,24.94,24.95,24.87,24.79,24.81,24.86,24.84,24.8,24.88,25.0,24.83,24.93,24.98,24.8,25.06,24.91,24.79,24.92,24.75,24.84,24.84,24.88,24.87,24.97,24.85,24.84,24.75,24.88,24.97,25.0,24.91,24.8,24.92,24.88,24.99,24.73,24.69,24.72,24.9,24.88,24.76,24.95,24.76,24.85,24.8,24.88,24.84,24.81,24.78,24.75,24.74,24.76,24.56,24.77,24.88,24.9,24.86,24.9,24.78,24.92,24.84,24.78,24.87,24.86,24.88,24.63,24.66,24.78,24.79,24.81,24.76,24.78,24.72,24.78,25.03,24.9,24.9,24.82,24.74,24.94,25.07,24.76,24.61,24.79
37.38,26.34,24.7,24.66,24.7,24.62,24.56,24.5,24.52,24.75,24.68,24.66,24.44,24.54,24.71,24.78,24.76,24.62,24.69,24.8,24.91,24.66,24.66,24.67,24.66,24.78,24.8,24.6,24.69,24.82,24.94,24.75,24.77,24.66,24.51,24.69,24.92,24.69,24.58,24.65,24.72,24.81,24.8,24.69,24.84,24.87,24.99,24.72,24.67,24.45,24.6,24.92,24.75,24.84,24.62,24.66,24.87,24.88,24.92,24.77,24.75,24.9,24.84,24.58,24.68,24.62,24.8,24.89,24.59,24.7,24.66,24.91,24.94,24.69,24.84,24.91,24.87,24.85,24.96,24.83,24.76,24.57,24.92,24.88,24.92,24.75,24.72,24.69,24.69,24.81,24.9,24.69,24.92,25.0,25.08,25.0,24.89,24.78,24.77,24.78,24.73,24.81,24.75,24.88,24.89,24.98,24.9,25.02,24.88,25.0,24.94,25.06,24.7,24.66,24.77,24.84,24.75,24.91,24.76,24.75,24.82,24.98,25.03,25.24,25.31,24.96,25.14,24.98,24.78,24.75,24.77,24.84,24.94,24.92,24.79,24.75,24.82,25.03,25.29,25.63,25.77,25.39,25.06,24.96,24.84,24.69,24.86,24.7,24.88,24.91,24.92,24.82,24.83,24.95,25.24,25.56,25.56,25.06,24.94,25.03,24.78,24.73,24.66,24.87,24.88,24.87,24.92,24.75,24.75,24.96,25.1,25.56,25.19,25.0,24.94,24.95,24.87,24.83,24.77,24.83,24.84,24.8,24.91,25.0,24.83,24.9,24.98,24.83,25.06,24.91,24.79,24.92,24.75,24.84,24.84,24.84,24.87,25.0,24.88,24.81,24.73,24.84,24.93,25.0,24.94,24.8,24.92,24.88,25.03,24.73,24.69,24.69,24.94,24.88,24.76,24.95,24.73,24.88,24.8,24.88,24.81,24.78,24.78,24.79,24.78,24.71,24.5,24.77,24.88,24.94,24.83,24.87,24.78,24.92,24.84,24.78,24.87,24.83,24.92,24.67,24.66,24.78,24.73,24.87,24.8,24.78,24.69,24.78,25.03,24.94,24.94,24.82,24.7,24.94,25.11,24.8,24.61,24.73
37.5,26.34,24.73,24.66,24.78,24.58,24.52,24.52,24.55,24.79,24.68,24.6,24.46,24.61,24.71,24.78,24.69,24.55,24.69,24.86,24.89,24.62,24.66,24.63,24.72,24.78,24.76,24.56,24.69,24.86,24.92,24.75,24.72,24.66,24.57,24.65,24.88,24.69,24.66,24.65,24.69,24.77,24.84,24.69,24.84,24.82,24.93,24.74,24.67,24.5,24.6,24.88,24.75,24.84,24.66,24.66,24.82,24.85,24.95,24.8,24.72,24.87,24.86,24.58,24.74,24.62,24.76,24.89,24.64,24.75,24.66,24.9,24.89,24.7,24.89,24.91,24.87,24.85,24.96,24.87,24.81,24.57,24.88,24.88,24.92,24.8,24.76,24.69,24.69,24.85,24.9,24.69,24.91,24.98,25.04,24.95,24.92,24.76,24.72,24.78,24.71,24.82,24.78,24.86,24.86,24.93,24.92,25.09,24.88,25.0,24.94,25.06,24.75,24.66,24.72,24.79,24.76,24.97,24.79,24.75,24.78,24.95,25.03,25.28,25.31,24.93,25.1,24.98,24.78,24.75,24.72,24.84,24.94,24.97,24.79,24.75,24.79,25.03,25.36,25.65,25.77,25.39,25.02,24.91,24.84,24.7,24.81,24.7,24.89,24.97,24.97,24.82,24.83,24.93,25.24,25.56,25.56,25.04,24.94,25.06,24.8,24.77,24.66,24.82,24.88,24.91,24.97,24.75,24.75,24.95,25.07,25.56,25.19,24.98,24.94,24.9,24.88,24.86,24.79,24.78,24.84,24.85,24.97,24.98,24.81,24.86,24.93,24.88,25.06,24.9,24.78,24.92,24.77,24.88,24.82,24.79,24.83,24.95,24.88,24.82,24.74,24.81,24.9,25.0,24.94,24.85,24.88,24.9,25.01,24.8,24.71,24.65,24.92,24.9,24.81,24.93,24.71,24.88,24.8,24.88,24.78,24.74,24.78,24.81,24.78,24.71,24.53,24.73,24.88,24.94,24.83,24.87,24.78,24.89,24.84,24.78,24.87,24.83,24.92,24.67,24.66,24.78,24.73,24.93,24.78,24.76,24.65,24.84,25.01,24.94,24.92,24.86,24.7,24.92,25.09,24.78,24.58,24.73
37.61,26.34,24.8,24.66,24.84,24.58,24.52,24.56,24.55,24.79,24.68,24.56,24.5,24.65,24.71,24.78,24.69,24.55,24.69,24.86,24.85,24.62,24.66,24.63,24.75,24.78,24.76,24.56,24.69,24.86,24.88,24.75,24.72,24.66,24.57,24.65,24.88,24.69,24.7,24.65,24.69,24.73,24.88,24.69,24.84,24.78,24.89,24.78,24.67,24.5,24.6,24.88,24.75,24.84,24.66,24.66,24.78,24.85,24.95,24.8,24.72,24.87,24.89,24.58,24.78,24.62,24.76,24.89,24.68,24.78,24.66,24.86,24.86,24.73,24.92,24.91,24.87,24.85,24.96,24.87,24.84,24.57,24.88,24.88,24.92,24.83,24.76,24.69,24.69,24.88,24.9,24.69,24.88,24.95,25.01,24.92,24.92,24.72,24.69,24.78,24.71,24.85,24.78,24.83,24.86,24.9,24.95,25.12,24.88,25.0,24.94,25.06,24.78,24.66,24.69,24.76,24.79,25.0,24.79,24.75,24.75,24.95,25.03,25.31,25.31,24.93,25.08,24.98,24.78,24.75,24.69,24.84,24.94,25.0,24.79,24.75,24.79,25.03,25.39,25.68,25.77,25.39,25.0,24.88,24.84,24.74,24.77,24.7,24.93,25.0,25.0,24.82,24.83,24.9,25.24,25.56,25.56,25.04,24.94,25.06,24.83,24.77,24.66,24.78,24.88,24.94,25.0,24.75,24.75,24.92,25.07,25.56,25.19,24.95,24.94,24.88,24.92,24.86,24.82,24.75,24.84,24.88,25.0,24.95,24.78,24.83,24.9,24.91,25.06,24.86,24.75,24.92,24.8,24.88,24.78,24.75,24.83,24.92,24.88,24.85,24.77,24.81,24.9,25.0,24.94,24.88,24.84,24.94,24.98,24.84,24.76,24.65,24.88,24.94,24.84,24.9,24.71,24.88,24.8,24.88,24.78,24.74,24.78,24.84,24.78,24.71,24.59,24.73,24.88,24.94,24.83,24.87,24.78,24.89,24.84,24.78,24.87,24.83,24.92,24.67,24.66,24.78,24.73,24.93,24.73,24.72,24.65,24.88,24.98,24.94,24.88,24.86,24.7,24.87,25.04,24.73,24.53,24.73
37.72,26.34,24.8,24.66,24.84,24.58,24.56,24.59,24.59,24.75,24.64,24.56,24.55,24.69,24.71,24.78,24.76,24.62,24.69,24.8,24.76,24.66,24.66,24.63,24.75,24.78,24.76,24.56,24.69,24.86,24.84,24.75,24.72,24.66,24.57,24.65,24.88,24.69,24.73,24.69,24.72,24.7,24.88,24.72,24.84,24.78,24.86,24.78,24.67,24.5,24.65,24.88,24.75,24.84,24.66,24.66,24.75,24.85,24.98,24.77,24.72,24.84,24.91,24.62,24.82,24.62,24.76,24.86,24.71,24.81,24.66,24.83,24.83,24.77,24.92,24.94,24.87,24.85,24.93,24.9,24.88,24.52,24.88,24.85,24.92,24.87,24.76,24.69,24.69,24.9,24.88,24.69,24.84,24.91,25.01,24.92,24.92,24.72,24.69,24.78,24.73,24.85,24.78,24.83,24.89,24.88,24.95,25.12,24.9,25.0,24.94,25.03,24.78,24.66,24.69,24.76,24.79,25.0,24.79,24.75,24.75,24.95,25.03,25.31,25.31,24.93,25.05,24.94,24.78,24.75,24.69,24.84,24.94,25.0,24.76,24.75,24.82,25.03,25.39,25.7,25.77,25.36,25.0,24.88,24.84,24.77,24.77,24.7,24.96,25.0,25.0,24.82,24.81,24.9,25.24,25.56,25.56,25.06,24.94,25.06,24.87,24.77,24.66,24.78,24.88,24.94,25.0,24.75,24.75,24.89,25.1,25.56,25.16,24.92,24.94,24.88,24.95,24.83,24.82,24.75,24.84,24.88,25.0,24.92,24.78,24.81,24.88,24.94,25.06,24.83,24.75,24.92,24.83,24.84,24.73,24.75,24.87,24.92,24.88,24.85,24.8,24.84,24.9,25.0,24.94,24.88,24.84,24.94,24.94,24.84,24.81,24.69,24.84,24.94,24.84,24.87,24.73,24.88,24.8,24.88,24.78,24.74,24.78,24.84,24.78,24.71,24.59,24.77,24.88,24.94,24.83,24.87,24.78,24.92,24.84,24.78,24.87,24.83,24.96,24.71,24.66,24.78,24.73,24.93,24.73,24.67,24.69,24.92,24.94,24.94,24.84,24.86,24.7,24.83,25.0,24.73,24.53,24.73
37.84,26.34,24.8,24.66,24.84,24.58,24.61,24.59,24.59,24.71,24.6,24.6,24.55,24.69,24.71,24.78,24.76,24.69,24.69,24.75,24.72,24.69,24.66,24.63,24.72,24.78,24.76,24.56,24.69,24.86,24.81,24.75,24.72,24.66,24.57,24.61,24.84,24.69,24.76,24.69,24.75,24.7,24.88,24.72,24.81,24.78,24.86,24.78,24.67,24.56,24.65,24.84,24.75,24.84,24.66,24.66,24.75,24.85,25.0,24.73,24.72,24.81,24.91,24.65,24.82,24.62,24.76,24.82,24.71,24.81,24.66,24.79,24.8,24.77,24.89,24.97,24.87,24.85,24.9,24.94,24.91,24.52,24.84,24.78,24.92,24.9,24.79,24.69,24.69,24.9,24.88,24.72,24.84,24.91,25.01,24.92,24.92,24.72,24.69,24.75,24.76,24.85,24.81,24.83,24.89,24.85,24.95,25.12,24.93,24.97,24.94,25.0,24.78,24.66,24.69,24.72,24.79,25.0,24.82,24.75,24.75,24.92,25.06,25.31,25.31,24.89,25.02,24.91,24.78,24.75,24.69,24.84,24.94,25.0,24.72,24.75,24.82,25.03,25.41,25.7,25.77,25.34,25.0,24.91,24.84,24.77,24.77,24.7,24.96,25.0,24.97,24.82,24.78,24.93,25.24,25.56,25.56,25.06,24.97,25.06,24.87,24.77,24.66,24.78,24.88,24.91,24.97,24.75,24.78,24.89,25.1,25.54,25.13,24.92,24.97,24.88,24.92,24.79,24.82,24.78,24.84,24.85,24.97,24.89,24.81,24.81,24.85,24.97,25.06,24.83,24.78,24.92,24.83,24.81,24.69,24.75,24.87,24.92,24.88,24.82,24.82,24.9,24.9,24.97,24.91,24.88,24.88,24.94,24.9,24.84,24.86,24.72,24.84,24.9,24.84,24.87,24.8,24.88,24.78,24.88,24.75,24.74,24.78,24.81,24.78,24.71,24.59,24.82,24.88,24.9,24.83,24.87,24.78,24.92,24.84,24.78,24.87,24.86,24.99,24.74,24.66,24.78,24.79,24.87,24.73,24.63,24.72,24.96,24.94,24.9,24.81,24.86,24.74,24.83,24.96,24.73,24.58,24.73
37.92,26.34,24.8,24.66,24.84,24.58,24.65,24.59,24.59,24.68,24.56,24.64,24.55,24.69,24.71,24.78,24.76,24.76,24.69,24.7,24.67,24.73,24.66,24.63,24.68,24.78,24.76,24.56,24.69,24.86,24.77,24.75,24.72,24.66,24.57,24.56,24.8,24.69,24.8,24.69,24.78,24.7,24.88,24.72,24.78,24.78,24.86,24.78,24.67,24.61,24.65,24.8,24.75,24.84,24.66,24.66,24.75,24.85,25.03,24.7,24.72,24.78,24.91,24.69,24.82,24.62,24.76,24.78,24.71,24.81,24.66,24.76,24.77,24.77,24.86,25.0,24.87,24.85,24.88,24.97,24.95,24.52,24.8,24.71,24.92,24.94,24.83,24.69,24.69,24.9,24.88,24.75,24.84,24.91,25.01,24.92,24.92,24.72,24.69,24.71,24.79,24.85,24.84,24.83,24.89,24.82,24.95,25.12,24.96,24.94,24.94,24.96,24.78,24.66,24.69,24.69,24.79,25.0,24.86,24.75,24.75,24.89,25.09,25.31,25.31,24.86,25.0,24.88,24.78,24.75,24.69,24.84,24.94,25.0,24.69,24.75,24.82,25.03,25.44,25.7,25.77,25.31,25.0,24.94,24.84,24.77,24.77,24.7,24.96,25.0,24.94,24.82,24.75,24.96,25.24,25.56,25.56,25.06,25.0,25.06,24.87,24.77,24.66,24.78,24.88,24.88,24.94,24.75,24.81,24.89,25.1,25.51,25.1,24.92,24.99,24.88,24.88,24.76,24.82,24.81,24.84,24.82,24.93,24.86,24.84,24.81,24.82,25.0,25.06,24.83,24.8,24.92,24.83,24.77,24.65,24.75,24.87,24.92,24.88,24.8,24.85,24.96,24.9,24.93,24.88,24.88,24.91,24.94,24.86,24.84,24.91,24.76,24.84,24.87,24.84,24.87,24.86,24.88,24.75,24.88,24.72,24.74,24.78,24.77,24.78,24.71,24.59,24.87,24.88,24.86,24.83,24.87,24.78,24.92,24.84,24.78,24.87,24.89,25.03,24.78,24.66,24.78,24.86,24.81,24.73,24.58,24.76,25.0,24.94,24.86,24.77,24.86,24.78,24.83,24.91,24.73,24.64,24.73
38.02,26.34,24.86,24.66,24.81,24.51,24.65,24.61,24.59,24.68,24.56,24.66,24.57,24.67,24.66,24.78,24.79,24.83,24.69,24.65,24.65,24.77,24.66,24.63,24.65,24.78,24.73,24.6,24.69,24.82,24.75,24.77,24.72,24.66,24.57,24.52,24.78,24.69,24.83,24.71,24.77,24.7,24.88,24.73,24.76,24.78,24.86,24.82,24.72,24.66,24.6,24.76,24.77,24.84,24.67,24.64,24.75,24.85,25.03,24.71,24.75,24.78,24.91,24.69,24.84,24.68,24.74,24.74,24.7,24.8,24.66,24.76,24.75,24.78,24.88,25.0,24.88,24.89,24.88,24.94,24.96,24.55,24.76,24.69,24.88,24.92,24.85,24.69,24.7,24.9,24.86,24.77,24.88,24.91,24.98,24.89,24.89,24.72,24.7,24.7,24.79,24.84,24.86,24.83,24.88,24.79,24.95,25.1,24.99,24.91,24.94,24.93,24.78,24.66,24.7,24.71,24.78,24.98,24.88,24.76,24.76,24.88,25.1,25.3,25.31,24.86,25.0,24.88,24.78,24.71,24.7,24.86,24.92,24.98,24.69,24.76,24.83,25.03,25.45,25.66,25.8,25.32,25.01,24.96,24.83,24.77,24.76,24.73,24.95,24.98,24.91,24.81,24.76,24.96,25.26,25.55,25.56,25.08,25.02,25.03,24.87,24.79,24.68,24.8,24.86,24.85,24.92,24.76,24.83,24.92,25.1,25.5,25.07,24.92,25.01,24.88,24.83,24.76,24.82,24.84,24.84,24.79,24.9,24.84,24.88,24.82,24.81,24.98,25.04,24.86,24.8,24.89,24.83,24.73,24.62,24.71,24.88,24.88,24.86,24.78,24.85,24.97,24.88,24.9,24.87,24.88,24.94,24.95,24.82,24.82,24.91,24.76,24.88,24.87,24.84,24.84,24.89,24.88,24.76,24.88,24.7,24.74,24.8,24.77,24.82,24.66,24.59,24.91,24.88,24.88,24.8,24.83,24.78,24.92,24.84,24.76,24.83,24.89,25.03,24.8,24.66,24.75,24.86,24.78,24.73,24.54,24.76,25.0,24.94,24.88,24.77,24.82,24.78,24.83,24.91,24.73,24.64,24.66
38.13,26.34,24.96,24.66,24.72,24.38,24.65,24.67,24.65,24.68,24.56,24.66,24.63,24.67,24.59,24.78,24.89,24.94,24.69,24.57,24.58,24.82,24.66,24.63,24.6,24.78,24.68,24.65,24.69,24.77,24.75,24.83,24.72,24.66,24.57,24.45,24.78,24.69,24.88,24.76,24.72,24.7,24.88,24.77,24.76,24.78,24.86,24.88,24.78,24.74,24.52,24.7,24.81,24.84,24.72,24.59,24.75,24.85,25.03,24.77,24.79,24.78,24.91,24.69,24.9,24.75,24.69,24.69,24.7,24.8,24.66,24.76,24.75,24.83,24.92,25.0,24.88,24.94,24.88,24.88,24.96,24.55,24.7,24.69,24.79,24.87,24.85,24.69,24.76,24.9,24.82,24.77,24.92,24.91,24.94,24.84,24.84,24.72,24.76,24.7,24.79,24.8,24.86,24.83,24.88,24.75,24.95,25.06,25.03,24.86,24.94,24.88,24.78,24.66,24.76,24.76,24.73,24.93,24.88,24.81,24.81,24.88,25.1,25.26,25.31,24.9,25.0,24.88,24.78,24.66,24.76,24.91,24.87,24.94,24.69,24.81,24.88,25.03,25.45,25.58,25.84,25.36,25.05,24.96,24.78,24.77,24.76,24.78,24.9,24.93,24.86,24.81,24.81,24.96,25.26,25.51,25.56,25.11,25.02,24.98,24.87,24.84,24.73,24.85,24.81,24.81,24.92,24.81,24.88,24.96,25.1,25.5,25.03,24.92,25.01,24.88,24.78,24.76,24.82,24.89,24.84,24.75,24.85,24.84,24.92,24.82,24.81,24.94,25.0,24.91,24.8,24.84,24.83,24.68,24.62,24.66,24.94,24.79,24.82,24.78,24.85,24.97,24.83,24.85,24.87,24.88,24.98,24.95,24.77,24.76,24.91,24.76,24.94,24.87,24.84,24.8,24.95,24.88,24.8,24.88,24.7,24.74,24.85,24.77,24.88,24.59,24.59,24.98,24.88,24.94,24.75,24.78,24.78,24.92,24.84,24.71,24.78,24.89,25.03,24.8,24.66,24.67,24.86,24.78,24.73,24.48,24.76,25.0,24.94,24.94,24.77,24.77,24.78,24.83,24.91,24.73,24.64,24.56
38.22,26.34,25.02,24.66,24.67,24.38,24.69,24.71,24.65,24.64,24.56,24.66,24.68,24.67,24.59,24.78,24.95,25.01,24.69,24.51,24.54,24.86,24.66,24.67,24.56,24.78,24.71,24.68,24.69,24.73,24.75,24.87,24.77,24.66,24.51,24.45,24.82,24.69,24.85,24.76,24.72,24.73,24.88,24.77,24.76,24.78,24.89,24.92,24.78,24.74,24.48,24.7,24.84,24.84,24.72,24.59,24.78,24.88,25.0,24.77,24.82,24.81,24.91,24.69,24.9,24.75,24.69,24.69,24.7,24.8,24.66,24.72,24.78,24.86,24.92,25.0,24.85,24.94,24.88,24.85,24.93,24.55,24.7,24.69,24.76,24.83,24.81,24.69,24.79,24.88,24.82,24.77,24.92,24.91,24.94,24.84,24.81,24.68,24.79,24.7,24.82,24.8,24.83,24.81,24.9,24.75,24.98,25.0,25.03,24.83,24.94,24.88,24.78,24.66,24.79,24.76,24.73,24.9,24.84,24.83,24.83,24.9,25.1,25.23,25.31,24.96,25.0,24.88,24.78,24.66,24.79,24.94,24.83,24.91,24.69,24.83,24.9,25.03,25.42,25.56,25.84,25.39,25.08,24.96,24.74,24.77,24.79,24.78,24.88,24.9,24.83,24.83,24.83,24.96,25.23,25.49,25.56,25.14,25.02,24.94,24.87,24.84,24.77,24.88,24.78,24.78,24.92,24.83,24.9,24.96,25.1,25.5,25.03,24.92,25.01,24.88,24.78,24.72,24.86,24.92,24.84,24.72,24.81,24.84,24.92,24.82,24.83,24.91,25.0,24.91,24.8,24.84,24.83,24.64,24.62,24.66,24.97,24.76,24.79,24.81,24.88,25.0,24.83,24.81,24.87,24.88,25.02,24.95,24.73,24.71,24.96,24.8,24.94,24.87,24.84,24.8,25.01,24.88,24.8,24.88,24.73,24.78,24.88,24.77,24.88,24.59,24.66,25.03,24.88,24.94,24.75,24.78,24.78,24.92,24.84,24.68,24.78,24.92,25.03,24.76,24.66,24.61,24.92,24.72,24.69,24.43,24.8,25.0,24.94,24.94,24.73,24.73,24.82,24.83,24.87,24.69,24.64,24.56
38.34,26.34,25.12,24.66,24.58,24.38,24.69,24.76,24.59,24.58,24.56,24.66,24.74,24.67,24.59,24.78,24.95,25.12,24.69,24.43,24.54,24.92,24.66,24.73,24.51,24.78,24.76,24.68,24.69,24.62,24.69,24.87,24.85,24.66,24.43,24.52,24.88,24.69,24.8,24.71,24.77,24.78,24.83,24.73,24.71,24.78,24.95,24.98,24.72,24.66,24.48,24.76,24.84,24.79,24.67,24.59,24.83,24.92,24.95,24.71,24.86,24.86,24.91,24.69,24.84,24.75,24.74,24.74,24.7,24.75,24.7,24.72,24.78,24.86,24.92,25.0,24.85,24.94,24.88,24.8,24.88,24.61,24.76,24.69,24.76,24.83,24.81,24.73,24.79,24.83,24.82,24.81,24.92,24.91,24.94,24.84,24.77,24.68,24.84,24.7,24.82,24.84,24.83,24.81,24.9,24.75,24.98,24.96,25.03,24.83,24.9,24.88,24.78,24.71,24.79,24.71,24.78,24.9,24.84,24.83,24.83,24.95,25.1,25.23,25.31,25.01,25.0,24.88,24.78,24.71,24.79,24.89,24.83,24.86,24.74,24.83,24.9,24.99,25.39,25.6,25.8,25.39,25.08,24.96,24.74,24.82,24.84,24.78,24.88,24.9,24.83,24.83,24.83,24.92,25.23,25.53,25.6,25.14,25.02,24.89,24.92,24.84,24.82,24.88,24.73,24.78,24.92,24.88,24.9,24.96,25.1,25.5,25.07,24.92,25.01,24.88,24.78,24.72,24.86,24.92,24.84,24.68,24.81,24.84,24.92,24.86,24.88,24.91,25.0,24.91,24.8,24.79,24.83,24.64,24.62,24.71,24.97,24.76,24.79,24.85,24.88,25.05,24.83,24.81,24.82,24.88,25.02,24.95,24.68,24.71,25.04,24.86,24.88,24.87,24.84,24.8,25.05,24.88,24.8,24.88,24.78,24.83,24.88,24.77,24.94,24.59,24.75,25.03,24.88,24.88,24.8,24.83,24.78,24.87,24.84,24.73,24.83,24.92,24.98,24.71,24.66,24.61,24.92,24.63,24.62,24.43,24.86,25.0,24.94,24.88,24.68,24.73,24.88,24.83,24.8,24.62,24.56,24.56
38.47,26.34,25.16,24.66,24.49,24.33,24.65,24.78,24.57,24.56,24.56,24.66,24.77,24.67,24.59,24.78,24.89,25.16,24.69,24.41,24.58,24.94,24.66,24.75,24.46,24.78,24.78,24.65,24.69,24.55,24.68,24.87,24.88,24.66,24.41,24.54,24.9,24.69,24.78,24.65,24.78,24.83,24.78,24.69,24.65,24.78,25.01,25.0,24.65,24.64,24.48,24.78,24.84,24.74,24.66,24.59,24.89,24.94,24.94,24.7,24.88,24.88,24.89,24.69,24.78,24.75,24.76,24.8,24.7,24.7,24.74,24.76,24.78,24.83,24.92,25.0,24.85,24.94,24.88,24.78,24.82,24.68,24.78,24.69,24.76,24.83,24.85,24.78,24.79,24.79,24.82,24.86,24.95,24.95,24.94,24.84,24.75,24.72,24.89,24.7,24.79,24.85,24.86,24.83,24.88,24.75,24.95,24.95,25.03,24.83,24.85,24.88,24.78,24.77,24.79,24.65,24.79,24.9,24.88,24.83,24.83,24.96,25.1,25.23,25.31,25.03,25.0,24.88,24.78,24.77,24.79,24.83,24.83,24.81,24.79,24.83,24.88,24.95,25.38,25.61,25.76,25.39,25.08,24.96,24.74,24.84,24.89,24.78,24.84,24.9,24.83,24.83,24.83,24.9,25.23,25.57,25.65,25.11,25.02,24.88,24.94,24.88,24.88,24.88,24.69,24.78,24.92,24.92,24.9,24.99,25.07,25.5,25.12,24.95,25.01,24.88,24.75,24.76,24.82,24.92,24.84,24.64,24.81,24.88,24.95,24.9,24.92,24.91,25.0,24.95,24.83,24.74,24.8,24.68,24.67,24.77,24.94,24.76,24.79,24.87,24.85,25.06,24.79,24.81,24.78,24.88,25.02,24.92,24.66,24.71,25.06,24.88,24.86,24.83,24.84,24.83,25.06,24.88,24.8,24.88,24.8,24.84,24.88,24.74,25.01,24.59,24.78,24.98,24.88,24.82,24.84,24.88,24.78,24.79,24.84,24.78,24.88,24.92,24.92,24.65,24.66,24.61,24.92,24.6,24.59,24.48,24.88,25.0,24.98,24.82,24.66,24.77,24.94,24.87,24.78,24.59,24.53,24.56
38.59,26.34,25.06,24.75,24.4,24.27,24.58,24.72,24.63,24.62,24.56,24.66,24.7,24.67,24.66,24.78,24.79,25.05,24.78,24.49,24.65,24.88,24.66,24.75,24.46,24.78,24.73,24.65,24.69,24.61,24.73,24.81,24.88,24.66,24.49,24.61,24.84,24.69,24.78,24.65,24.73,24.88,24.73,24.69,24.65,24.78,25.01,24.94,24.65,24.72,24.48,24.72,24.84,24.74,24.7,24.64,24.89,24.9,24.94,24.75,24.88,24.88,24.84,24.69,24.78,24.81,24.71,24.8,24.64,24.66,24.78,24.81,24.83,24.78,24.92,25.0,24.85,24.94,24.88,24.73,24.77,24.74,24.78,24.69,24.72,24.83,24.9,24.83,24.79,24.75,24.82,24.91,25.0,25.0,24.94,24.79,24.75,24.78,24.95,24.7,24.79,24.81,24.91,24.88,24.83,24.75,24.9,24.95,25.03,24.83,24.85,24.88,24.73,24.77,24.79,24.65,24.75,24.85,24.88,24.88,24.88,24.96,25.1,25.23,25.31,25.03,25.0,24.88,24.73,24.82,24.84,24.83,24.78,24.77,24.79,24.88,24.88,24.9,25.33,25.57,25.76,25.42,25.08,24.96,24.74,24.84,24.89,24.83,24.79,24.85,24.78,24.88,24.88,24.95,25.23,25.57,25.65,25.11,25.02,24.88,24.88,24.94,24.94,24.88,24.64,24.74,24.92,24.96,24.95,24.99,25.03,25.46,25.16,25.0,25.05,24.83,24.7,24.76,24.82,24.92,24.84,24.59,24.76,24.92,25.0,24.95,24.96,24.86,25.0,25.0,24.88,24.74,24.75,24.68,24.8,24.82,24.88,24.76,24.79,24.87,24.85,25.06,24.74,24.76,24.78,24.88,25.02,24.81,24.66,24.71,25.06,24.88,24.86,24.78,24.89,24.88,25.06,24.88,24.76,24.88,24.8,24.89,24.94,24.69,25.01,24.59,24.78,24.91,24.88,24.77,24.84,24.94,24.83,24.74,24.84,24.78,24.94,24.92,24.92,24.59,24.66,24.61,25.02,24.6,24.59,24.54,24.88,25.0,25.03,24.82,24.66,24.77,25.0,24.94,24.78,24.59,24.61,24.56
38.69,26.34,24.99,24.8,24.34,24.22,24.54,24.72,24.71,24.66,24.56,24.62,24.7,24.72,24.71,24.78,24.79,24.98,24.84,24.54,24.65,24.84,24.66,24.75,24.49,24.78,24.7,24.65,24.69,24.65,24.77,24.76,24.88,24.66,24.54,24.69,24.84,24.69,24.78,24.69,24.7,24.88,24.7,24.72,24.69,24.78,24.97,24.9,24.65,24.72,24.52,24.72,24.84,24.74,24.73,24.66,24.85,24.87,24.94,24.78,24.88,24.88,24.84,24.69,24.82,24.85,24.67,24.8,24.64,24.66,24.81,24.85,24.86,24.78,24.95,25.0,24.85,24.94,24.88,24.7,24.74,24.74,24.82,24.72,24.69,24.83,24.9,24.86,24.79,24.75,24.79,24.91,25.0,25.0,24.94,24.76,24.75,24.82,24.98,24.73,24.79,24.78,24.91,24.9,24.83,24.75,24.88,24.95,25.03,24.86,24.85,24.88,24.7,24.77,24.79,24.69,24.72,24.81,24.84,24.9,24.9,24.99,25.07,25.23,25.31,25.06,25.0,24.88,24.7,24.86,24.88,24.83,24.75,24.73,24.79,24.9,24.9,24.88,25.28,25.57,25.76,25.45,25.08,24.93,24.74,24.88,24.89,24.87,24.79,24.81,24.78,24.9,24.9,24.95,25.23,25.57,25.65,25.14,24.98,24.88,24.88,24.98,24.98,24.88,24.61,24.74,24.95,24.99,24.95,24.96,25.03,25.46,25.19,25.0,25.05,24.8,24.73,24.76,24.82,24.89,24.84,24.59,24.76,24.95,25.0,24.95,24.99,24.83,25.0,25.0,24.88,24.74,24.75,24.68,24.88,24.86,24.88,24.76,24.79,24.9,24.85,25.04,24.71,24.76,24.81,24.88,24.98,24.74,24.66,24.71,25.06,24.88,24.82,24.78,24.92,24.88,25.03,24.88,24.76,24.88,24.83,24.92,24.97,24.69,25.01,24.59,24.78,24.87,24.88,24.77,24.84,24.97,24.87,24.74,24.84,24.78,24.97,24.89,24.92,24.56,24.66,24.61,25.02,24.66,24.59,24.58,24.88,25.0,25.03,24.86,24.66,24.77,25.0,24.94,24.78,24.59,24.61,24.56
38.81,26.34,24.93,24.8,24.28,24.22,24.5,24.76,24.75,24.66,24.56,24.58,24.7,24.76,24.76,24.78,24.79,24.9,24.84,24.59,24.65,24.81,24.66,24.75,24.53,24.78,24.7,24.61,24.69,24.68,24.81,24.72,24.82,24.66,24.54,24.74,24.84,24.65,24.78,24.72,24.7,24.84,24.67,24.75,24.72,24.78,24.97,24.86,24.61,24.72,24.58,24.76,24.84,24.71,24.73,24.69,24.85,24.84,24.94,24.78,24.88,24.88,24.84,24.69,24.86,24.85,24.71,24.8,24.68,24.66,24.81,24.85,24.89,24.81,24.95,25.0,24.85,24.94,24.88,24.7,24.7,24.74,24.86,24.76,24.66,24.8,24.86,24.89,24.82,24.75,24.73,24.88,25.0,25.0,24.94,24.76,24.75,24.86,25.01,24.76,24.76,24.75,24.88,24.9,24.83,24.75,24.85,24.98,25.03,24.89,24.85,24.88,24.7,24.81,24.79,24.72,24.72,24.81,24.84,24.93,24.87,24.99,25.05,25.23,25.31,25.13,25.0,24.85,24.7,24.9,24.88,24.83,24.71,24.7,24.79,24.93,24.9,24.85,25.25,25.57,25.76,25.48,25.08,24.86,24.71,24.88,24.93,24.87,24.76,24.78,24.81,24.93,24.93,24.92,25.23,25.57,25.68,25.19,24.95,24.88,24.85,24.98,25.04,24.88,24.58,24.74,24.95,25.02,24.95,24.93,25.0,25.49,25.21,25.0,25.02,24.8,24.76,24.79,24.82,24.86,24.84,24.59,24.76,24.98,24.97,24.95,24.99,24.8,25.0,25.0,24.88,24.74,24.75,24.71,24.92,24.9,24.88,24.76,24.79,24.9,24.82,25.01,24.71,24.79,24.84,24.88,24.95,24.7,24.69,24.71,25.01,24.84,24.79,24.78,24.92,24.88,25.0,24.85,24.79,24.88,24.86,24.92,24.97,24.72,25.01,24.64,24.78,24.82,24.88,24.81,24.84,24.97,24.87,24.74,24.84,24.78,24.97,24.86,24.92,24.56,24.7,24.61,24.96,24.72,24.64,24.63,24.88,24.96,24.99,24.86,24.69,24.81,25.0,24.89,24.74,24.64,24.67,24.56
38.91,26.34,24.86,24.8,24.25,24.24,24.45,24.78,24.75,24.66,24.56,24.56,24.68,24.78,24.8,24.78,24.76,24.83,24.84,24.65,24.67,24.77,24.66,24.75,24.56,24.78,24.7,24.58,24.69,24.72,24.82,24.65,24.77,24.66,24.54,24.78,24.82,24.62,24.78,24.74,24.72,24.81,24.64,24.76,24.74,24.78,24.97,24.82,24.56,24.72,24.62,24.8,24.83,24.67,24.72,24.72,24.85,24.81,24.94,24.77,24.88,24.88,24.84,24.69,24.88,24.85,24.78,24.8,24.7,24.64,24.81,24.85,24.91,24.83,24.94,25.0,24.87,24.94,24.88,24.7,24.69,24.77,24.9,24.78,24.65,24.78,24.85,24.92,24.84,24.75,24.68,24.86,25.0,25.0,24.94,24.76,24.75,24.9,25.03,24.78,24.73,24.74,24.86,24.9,24.82,24.75,24.82,25.02,25.03,24.92,24.85,24.88,24.7,24.84,24.77,24.74,24.73,24.83,24.86,24.95,24.83,24.98,25.03,25.24,25.31,25.16,25.0,24.82,24.7,24.94,24.86,24.82,24.7,24.69,24.79,24.95,24.89,24.82,25.24,25.58,25.76,25.49,25.06,24.82,24.69,24.88,24.95,24.87,24.75,24.76,24.84,24.95,24.95,24.89,25.24,25.58,25.7,25.24,24.94,24.88,24.82,24.96,25.09,24.87,24.56,24.74,24.94,25.03,24.95,24.9,24.98,25.5,25.24,25.0,25.01,24.8,24.78,24.83,24.82,24.83,24.84,24.59,24.76,25.0,24.94,24.96,24.98,24.78,25.0,25.0,24.88,24.74,24.75,24.75,24.95,24.94,24.87,24.77,24.8,24.88,24.8,25.0,24.72,24.83,24.85,24.88,24.92,24.69,24.73,24.73,24.96,24.8,24.75,24.78,24.92,24.88,24.96,24.82,24.8,24.88,24.88,24.92,24.95,24.76,25.01,24.69,24.78,24.77,24.88,24.82,24.84,24.97,24.87,24.74,24.84,24.8,24.97,24.83,24.92,24.58,24.75,24.64,24.89,24.75,24.69,24.67,24.88,24.92,24.96,24.84,24.73,24.84,25.0,24.85,24.71,24.69,24.72,24.56
39.02,26.34,24.69,24.8,24.31,24.31,24.39,24.74,24.69,24.66,24.56,24.56,24.61,24.74,24.83,24.78,24.66,24.72,24.84,24.72,24.74,24.71,24.62,24.75,24.61,24.78,24.7,24.56,24.69,24.78,24.82,24.57,24.69,24.66,24.54,24.85,24.76,24.57,24.75,24.74,24.77,24.77,24.59,24.73,24.74,24.78,24.93,24.76,24.54,24.72,24.7,24.82,24.78,24.62,24.7,24.73,24.82,24.73,24.94,24.75,24.88,24.88,24.84,24.69,24.88,24.85,24.85,24.8,24.7,24.59,24.84,24.88,24.88,24.8,24.92,25.0,24.91,24.94,24.88,24.7,24.69,24.83,24.92,24.78,24.68,24.82,24.88,24.97,24.81,24.75,24.69,24.89,25.0,25.0,24.94,24.76,24.75,24.96,25.0,24.78,24.69,24.74,24.86,24.9,24.78,24.75,24.81,25.07,25.03,24.94,24.85,24.88,24.7,24.86,24.72,24.71,24.78,24.88,24.88,24.92,24.8,24.93,25.03,25.31,25.28,25.13,25.0,24.8,24.7,24.99,24.81,24.74,24.73,24.72,24.82,24.95,24.85,24.78,25.24,25.62,25.76,25.46,25.02,24.8,24.72,24.91,24.95,24.87,24.78,24.79,24.89,24.95,24.95,24.85,25.28,25.6,25.72,25.25,24.94,24.88,24.8,24.94,25.07,24.82,24.59,24.77,24.92,25.03,24.92,24.86,24.96,25.5,25.28,25.0,25.01,24.8,24.78,24.88,24.82,24.75,24.84,24.62,24.79,25.0,24.92,24.98,24.93,24.81,25.0,25.0,24.88,24.74,24.75,24.77,24.95,24.99,24.82,24.82,24.85,24.87,24.78,24.97,24.74,24.88,24.85,24.88,24.88,24.69,24.75,24.8,24.94,24.78,24.69,24.78,24.95,24.88,24.91,24.78,24.8,24.88,24.88,24.89,24.9,24.77,25.01,24.76,24.78,24.7,24.88,24.82,24.88,24.97,24.87,24.74,24.88,24.85,24.97,24.74,24.88,24.63,24.77,24.72,24.79,24.75,24.76,24.78,24.88,24.86,24.94,24.82,24.79,24.9,25.0,24.78,24.69,24.76,24.75,24.63
39.11,26.34,24.55,24.8,24.37,24.35,24.34,24.71,24.66,24.66,24.56,24.56,24.57,24.69,24.83,24.78,24.59,24.65,24.84,24.78,24.78,24.68,24.59,24.75,24.65,24.78,24.7,24.56,24.69,24.82,24.82,24.53,24.64,24.66,24.54,24.89,24.72,24.53,24.71,24.74,24.8,24.73,24.56,24.7,24.74,24.78,24.89,24.72,24.54,24.72,24.75,24.82,24.75,24.59,24.7,24.73,24.78,24.67,24.94,24.75,24.88,24.88,24.84,24.69,24.88,24.85,24.89,24.8,24.7,24.56,24.87,24.91,24.84,24.77,24.92,25.0,24.94,24.94,24.88,24.7,24.69,24.88,24.92,24.78,24.7,24.85,24.91,25.0,24.77,24.75,24.72,24.92,25.0,25.0,24.94,24.76,24.75,25.0,24.96,24.78,24.66,24.74,24.86,24.9,24.75,24.75,24.81,25.1,25.03,24.94,24.85,24.88,24.7,24.86,24.69,24.67,24.8,24.91,24.88,24.89,24.8,24.9,25.03,25.36,25.26,25.1,25.0,24.8,24.7,25.03,24.77,24.67,24.77,24.75,24.86,24.95,24.82,24.75,25.24,25.65,25.76,25.44,25.0,24.8,24.76,24.95,24.95,24.87,24.8,24.83,24.92,24.95,24.95,24.82,25.31,25.6,25.72,25.25,24.94,24.88,24.8,24.94,25.03,24.78,24.62,24.8,24.92,25.03,24.89,24.83,24.96,25.5,25.31,25.0,25.01,24.8,24.78,24.91,24.82,24.68,24.84,24.65,24.83,25.0,24.92,24.98,24.9,24.84,25.0,25.0,24.88,24.74,24.75,24.77,24.95,25.03,24.78,24.84,24.88,24.87,24.78,24.94,24.74,24.91,24.85,24.88,24.84,24.69,24.75,24.84,24.94,24.78,24.66,24.78,24.98,24.88,24.88,24.75,24.8,24.88,24.88,24.85,24.87,24.77,25.01,24.8,24.78,24.66,24.88,24.82,24.91,24.97,24.87,24.74,24.91,24.88,24.97,24.67,24.84,24.67,24.77,24.78,24.73,24.75,24.8,24.87,24.88,24.82,24.94,24.82,24.82,24.94,25.0,24.74,24.69,24.8,24.75,24.69
39.22,26.34,24.35,24.8,24.46,24.42,24.34,24.65,24.66,24.66,24.56,24.56,24.5,24.63,24.83,24.78,24.59,24.55,24.84,24.86,24.78,24.62,24.54,24.75,24.7,24.78,24.7,24.61,24.69,24.92,24.88,24.53,24.56,24.66,24.54,24.89,24.65,24.48,24.66,24.79,24.8,24.69,24.56,24.7,24.79,24.78,24.84,24.65,24.61,24.8,24.75,24.76,24.75,24.59,24.75,24.73,24.73,24.58,24.94,24.8,24.88,24.88,24.84,24.69,24.94,24.85,24.89,24.74,24.7,24.56,24.87,24.91,24.84,24.77,24.92,25.0,24.94,24.94,24.88,24.7,24.69,24.88,24.86,24.78,24.7,24.85,24.91,25.0,24.77,24.75,24.76,24.92,25.0,25.0,24.94,24.76,24.75,25.0,24.91,24.78,24.66,24.7,24.81,24.86,24.75,24.75,24.85,25.1,25.03,24.89,24.9,24.88,24.7,24.81,24.69,24.67,24.8,24.91,24.82,24.89,24.84,24.86,25.03,25.4,25.21,25.1,25.0,24.8,24.7,25.03,24.77,24.67,24.77,24.8,24.86,24.99,24.82,24.75,25.24,25.6,25.8,25.44,25.0,24.8,24.76,24.95,24.95,24.87,24.8,24.83,24.92,24.99,24.99,24.82,25.31,25.52,25.68,25.29,24.94,24.88,24.75,24.94,24.98,24.78,24.67,24.8,24.92,25.03,24.89,24.79,24.96,25.5,25.31,25.0,25.01,24.8,24.78,24.91,24.88,24.63,24.84,24.69,24.83,25.0,24.92,24.93,24.86,24.84,25.0,25.0,24.88,24.79,24.75,24.71,24.95,25.03,24.78,24.84,24.88,24.87,24.82,24.89,24.74,24.91,24.9,24.88,24.84,24.69,24.75,24.84,24.94,24.78,24.66,24.78,25.03,24.88,24.88,24.71,24.8,24.88,24.88,24.8,24.87,24.77,24.94,24.88,24.78,24.66,24.88,24.88,24.91,24.92,24.87,24.79,24.95,24.83,24.92,24.61,24.84,24.72,24.77,24.78,24.73,24.75,24.88,24.93,24.88,24.76,24.94,24.88,24.88,24.94,25.0,24.68,24.69,24.88,24.84,24.79
39.33,26.34,24.25,24.8,24.55,24.48,24.34,24.59,24.66,24.66,24.62,24.62,24.44,24.56,24.9,24.78,24.59,24.44,24.84,24.86,24.78,24.56,24.54,24.75,24.75,24.78,24.7,24.66,24.69,25.03,24.94,24.47,24.56,24.66,24.62,24.89,24.59,24.43,24.66,24.84,24.75,24.64,24.56,24.7,24.84,24.78,24.78,24.59,24.67,24.88,24.75,24.7,24.69,24.59,24.8,24.78,24.68,24.54,24.9,24.85,24.88,24.88,24.84,24.69,25.0,24.91,24.89,24.69,24.64,24.56,24.87,24.86,24.84,24.81,24.88,25.0,24.94,24.89,24.88,24.7,24.69,24.88,24.8,24.78,24.66,24.85,24.91,25.0,24.77,24.75,24.76,24.92,25.0,25.0,24.89,24.76,24.75,25.0,24.86,24.73,24.71,24.7,24.81,24.82,24.75,24.79,24.85,25.14,25.03,24.89,24.94,24.88,24.7,24.81,24.69,24.72,24.8,24.91,24.82,24.89,24.84,24.82,25.03,25.4,25.25,25.1,25.0,24.8,24.7,25.03,24.77,24.67,24.77,24.84,24.86,25.03,24.82,24.75,25.24,25.56,25.89,25.48,25.0,24.8,24.76,24.89,24.89,24.87,24.76,24.83,24.92,25.03,25.03,24.82,25.27,25.48,25.63,25.29,24.94,24.88,24.7,24.94,24.98,24.78,24.72,24.8,24.92,25.03,24.89,24.75,24.96,25.5,25.31,25.04,25.01,24.8,24.78,24.91,24.94,24.63,24.84,24.73,24.83,25.0,24.92,24.89,24.82,24.84,25.0,25.0,24.88,24.84,24.75,24.71,24.95,25.03,24.78,24.84,24.83,24.87,24.87,24.89,24.79,24.86,24.94,24.88,24.84,24.69,24.75,24.78,24.86,24.78,24.66,24.72,25.03,24.88,24.88,24.71,24.8,24.88,24.92,24.8,24.87,24.77,24.88,24.95,24.78,24.66,24.88,24.94,24.91,24.92,24.87,24.84,24.95,24.78,24.92,24.61,24.9,24.72,24.77,24.78,24.82,24.75,24.88,24.93,24.88,24.76,24.94,24.94,24.88,24.88,25.0,24.68,24.69,24.88,24.92,24.89
39.45,26.34,24.25,24.72,24.64,24.55,24.34,24.59,24.6,24.6,24.68,24.68,24.44,24.5,24.9,24.78,24.59,24.44,24.75,24.78,24.78,24.56,24.54,24.75,24.75,24.78,24.75,24.66,24.69,25.03,24.94,24.47,24.56,24.66,24.62,24.82,24.59,24.38,24.66,24.84,24.75,24.59,24.56,24.66,24.84,24.78,24.78,24.59,24.67,24.88,24.75,24.7,24.63,24.53,24.8,24.78,24.68,24.54,24.85,24.85,24.88,24.88,24.84,24.69,25.0,24.91,24.95,24.69,24.64,24.56,24.87,24.81,24.8,24.86,24.83,25.0,24.94,24.83,24.88,24.75,24.69,24.88,24.74,24.78,24.66,24.85,24.91,25.0,24.77,24.75,24.76,24.92,25.0,25.0,24.83,24.81,24.75,25.0,24.81,24.68,24.71,24.74,24.81,24.78,24.75,24.83,24.85,25.19,25.03,24.89,24.94,24.88,24.75,24.86,24.69,24.72,24.85,24.97,24.88,24.85,24.8,24.78,25.03,25.4,25.29,25.1,25.0,24.8,24.75,25.03,24.72,24.62,24.82,24.89,24.91,25.03,24.78,24.75,25.28,25.56,25.93,25.48,25.0,24.8,24.76,24.84,24.89,24.82,24.72,24.88,24.97,25.03,25.03,24.78,25.23,25.48,25.63,25.25,24.94,24.88,24.7,24.94,24.98,24.78,24.77,24.84,24.92,25.03,24.85,24.75,24.96,25.54,25.31,25.08,24.97,24.84,24.78,24.97,24.94,24.63,24.84,24.78,24.88,25.0,24.92,24.85,24.78,24.89,25.0,25.0,24.88,24.84,24.75,24.77,24.88,25.03,24.78,24.84,24.79,24.87,24.87,24.89,24.85,24.86,24.94,24.88,24.84,24.74,24.75,24.71,24.79,24.78,24.66,24.67,24.98,24.88,24.88,24.71,24.85,24.88,24.96,24.75,24.82,24.77,24.88,25.02,24.78,24.66,24.88,24.99,24.95,24.92,24.82,24.84,24.95,24.78,24.92,24.61,24.9,24.72,24.77,24.78,24.82,24.75,24.88,24.93,24.88,24.76,24.94,24.94,24.88,24.88,25.0,24.68,24.69,24.88,24.92,24.99
39.53,26.34,24.31,24.66,24.7,24.59,24.39,24.59,24.56,24.56,24.68,24.71,24.48,24.5,24.85,24.78,24.59,24.44,24.62,24.78,24.82,24.56,24.54,24.75,24.75,24.78,24.78,24.66,24.69,24.99,24.94,24.55,24.56,24.66,24.62,24.78,24.59,24.38,24.63,24.81,24.78,24.59,24.56,24.63,24.84,24.78,24.78,24.59,24.63,24.88,24.79,24.74,24.63,24.53,24.77,24.78,24.68,24.54,24.85,24.85,24.88,24.88,24.84,24.69,24.96,24.91,24.95,24.69,24.64,24.59,24.87,24.81,24.8,24.86,24.83,24.97,24.94,24.83,24.84,24.78,24.69,24.88,24.74,24.82,24.66,24.82,24.88,24.97,24.81,24.75,24.76,24.92,24.97,25.0,24.83,24.84,24.72,24.96,24.81,24.68,24.71,24.74,24.78,24.75,24.78,24.83,24.88,25.16,25.0,24.89,24.94,24.88,24.78,24.86,24.69,24.72,24.88,25.0,24.88,24.82,24.77,24.78,25.03,25.37,25.29,25.13,25.0,24.8,24.75,24.99,24.69,24.65,24.85,24.89,24.91,24.97,24.78,24.78,25.31,25.56,25.9,25.48,25.02,24.8,24.76,24.81,24.93,24.82,24.72,24.91,24.97,25.0,25.03,24.78,25.23,25.48,25.63,25.25,24.97,24.88,24.7,24.9,24.94,24.82,24.8,24.87,24.89,25.0,24.85,24.78,24.96,25.54,25.28,25.08,24.94,24.88,24.78,24.97,24.9,24.66,24.84,24.8,24.88,24.97,24.92,24.85,24.78,24.89,25.0,25.0,24.88,24.84,24.75,24.77,24.84,25.03,24.78,24.84,24.76,24.84,24.84,24.89,24.88,24.86,24.91,24.85,24.84,24.78,24.75,24.67,24.74,24.78,24.69,24.67,24.95,24.88,24.88,24.74,24.88,24.88,24.96,24.72,24.78,24.81,24.84,25.02,24.78,24.7,24.88,25.03,24.95,24.88,24.78,24.84,24.95,24.78,24.88,24.61,24.9,24.76,24.77,24.78,24.76,24.75,24.88,24.93,24.84,24.76,24.94,24.94,24.92,24.88,24.96,24.68,24.69,24.88,24.92,24.99
39.64,26.34,24.41,24.66,24.78,24.59,24.45,24.54,24.56,24.56,24.68,24.77,24.55,24.5,24.78,24.78,24.59,24.44,24.53,24.78,24.89,24.56,24.54,24.75,24.75,24.78,24.78,24.72,24.69,24.94,24.94,24.68,24.64,24.66,24.7,24.78,24.59,24.43,24.58,24.76,24.78,24.64,24.56,24.59,24.84,24.78,24.72,24.59,24.63,24.88,24.85,24.74,24.63,24.59,24.77,24.78,24.63,24.54,24.85,24.9,24.88,24.88,24.84,24.69,24.9,24.97,24.82,24.69,24.59,24.64,24.91,24.86,24.8,24.81,24.88,24.92,24.94,24.83,24.8,24.78,24.69,24.88,24.74,24.87,24.66,24.82,24.88,24.92,24.81,24.75,24.81,24.97,24.92,25.0,24.83,24.84,24.66,24.9,24.81,24.68,24.75,24.74,24.78,24.75,24.82,24.83,24.92,25.07,24.96,24.89,24.94,24.88,24.78,24.81,24.69,24.72,24.88,25.0,24.82,24.78,24.82,24.82,25.03,25.33,25.29,25.13,25.0,24.85,24.7,24.94,24.69,24.7,24.9,24.89,24.91,24.88,24.82,24.82,25.31,25.56,25.86,25.48,25.06,24.85,24.81,24.81,24.93,24.87,24.76,24.97,24.92,24.96,25.03,24.82,25.23,25.48,25.59,25.21,25.02,24.88,24.75,24.9,24.84,24.87,24.84,24.91,24.89,24.96,24.85,24.82,25.0,25.5,25.24,25.08,24.94,24.88,24.78,24.91,24.84,24.71,24.84,24.85,24.88,24.92,24.97,24.85,24.82,24.89,25.0,25.0,24.88,24.84,24.75,24.71,24.84,25.03,24.78,24.84,24.72,24.84,24.84,24.89,24.88,24.81,24.87,24.8,24.84,24.78,24.69,24.6,24.74,24.84,24.75,24.67,24.95,24.88,24.88,24.83,24.88,24.88,24.96,24.72,24.78,24.81,24.78,24.95,24.78,24.77,24.88,25.03,24.95,24.88,24.78,24.84,24.95,24.78,24.88,24.61,24.9,24.76,24.7,24.78,24.76,24.75,24.8,24.93,24.78,24.82,24.99,24.99,24.92,24.82,24.9,24.74,24.74,24.8,24.84,24.99
39.76,26.34,24.45,24.66,24.81,24.57,24.48,24.52,24.58,24.56,24.68,24.79,24.57,24.5,24.73,24.78,24.59,24.47,24.5,24.78,24.91,24.56,24.54,24.75,24.75,24.78,24.76,24.75,24.69,24.92,24.94,24.72,24.66,24.69,24.75,24.78,24.59,24.46,24.56,24.74,24.78,24.66,24.56,24.56,24.84,24.78,24.69,24.59,24.65,24.88,24.89,24.72,24.61,24.6,24.78,24.76,24.59,24.54,24.85,24.94,24.88,24.88,24.84,24.69,24.86,24.99,24.76,24.69,24.58,24.67,24.92,24.88,24.78,24.78,24.89,24.91,24.94,24.83,24.78,24.76,24.7,24.88,24.74,24.88,24.68,24.83,24.9,24.91,24.79,24.73,24.85,25.0,24.91,25.0,24.83,24.84,24.65,24.88,24.81,24.68,24.76,24.74,24.8,24.75,24.83,24.83,24.93,25.03,24.96,24.89,24.94,24.86,24.78,24.79,24.7,24.72,24.86,24.98,24.79,24.76,24.85,24.83,25.03,25.32,25.29,25.12,25.0,24.88,24.68,24.92,24.69,24.71,24.92,24.91,24.91,24.85,24.85,24.83,25.31,25.56,25.84,25.48,25.09,24.88,24.84,24.81,24.93,24.88,24.78,24.98,24.91,24.95,25.03,24.83,25.23,25.46,25.58,25.18,25.05,24.88,24.76,24.9,24.79,24.9,24.88,24.92,24.89,24.95,24.85,24.85,25.03,25.48,25.21,25.09,24.94,24.88,24.78,24.88,24.82,24.74,24.84,24.88,24.88,24.89,25.0,24.85,24.83,24.89,25.0,25.0,24.88,24.84,24.73,24.69,24.84,25.03,24.78,24.84,24.71,24.84,24.85,24.89,24.88,24.79,24.85,24.81,24.84,24.78,24.66,24.58,24.76,24.88,24.79,24.67,24.95,24.86,24.88,24.88,24.88,24.86,24.96,24.72,24.78,24.79,24.74,24.9,24.81,24.82,24.88,25.01,24.95,24.9,24.8,24.84,24.95,24.78,24.88,24.62,24.88,24.74,24.66,24.78,24.79,24.75,24.78,24.93,24.76,24.86,25.03,25.01,24.9,24.81,24.88,24.78,24.78,24.76,24.78,25.02
39.92,26.34,24.55,24.66,24.72,24.51,24.48,24.58,24.64,24.56,24.68,24.79,24.57,24.56,24.73,24.78,24.59,24.58,24.5,24.78,24.91,24.56,24.59,24.75,24.75,24.78,24.71,24.75,24.69,24.92,24.94,24.65,24.66,24.79,24.83,24.78,24.59,24.52,24.61,24.74,24.78,24.66,24.56,24.56,24.84,24.78,24.69,24.59,24.65,24.88,24.95,24.72,24.55,24.6,24.78,24.76,24.59,24.59,24.85,24.94,24.88,24.88,24.84,24.69,24.8,24.99,24.76,24.69,24.58,24.72,24.88,24.83,24.78,24.78,24.84,24.91,24.94,24.83,24.78,24.71,24.76,24.88,24.8,24.88,24.68,24.83,24.9,24.91,24.79,24.69,24.81,25.0,24.91,25.0,24.83,24.84,24.65,24.88,24.86,24.68,24.76,24.74,24.84,24.75,24.83,24.83,24.89,25.03,25.0,24.94,24.94,24.81,24.78,24.84,24.76,24.78,24.82,24.93,24.79,24.81,24.81,24.83,25.03,25.28,25.33,25.12,25.0,24.88,24.68,24.92,24.69,24.77,24.87,24.91,24.86,24.85,24.89,24.83,25.31,25.56,25.84,25.51,25.12,24.88,24.84,24.76,24.93,24.88,24.73,24.93,24.91,24.95,25.03,24.83,25.23,25.46,25.62,25.18,25.09,24.88,24.71,24.84,24.84,24.95,24.88,24.88,24.84,24.95,24.89,24.89,25.03,25.44,25.17,25.12,24.94,24.88,24.78,24.83,24.82,24.84,24.84,24.88,24.83,24.84,25.0,24.89,24.83,24.84,25.0,25.0,24.88,24.84,24.67,24.75,24.84,25.03,24.78,24.84,24.71,24.8,24.85,24.94,24.93,24.79,24.85,24.86,24.84,24.78,24.66,24.58,24.76,24.88,24.84,24.67,24.91,24.81,24.88,24.92,24.88,24.82,24.96,24.78,24.78,24.79,24.69,24.83,24.89,24.89,24.88,24.96,24.91,24.95,24.85,24.84,24.91,24.78,24.88,24.73,24.88,24.69,24.66,24.78,24.89,24.75,24.78,24.87,24.76,24.92,25.03,24.96,24.84,24.81,24.88,24.85,24.78,24.69,24.78,25.02
39.98,26.34,24.66,24.66,24.7,24.48,24.48,24.59,24.66,24.56,24.69,24.81,24.57,24.58,24.73,24.78,24.59,24.62,24.5,24.78,24.91,24.56,24.62,24.75,24.75,24.78,24.7,24.75,24.67,24.92,24.94,24.63,24.66,24.79,24.86,24.78,24.61,24.55,24.63,24.72,24.78,24.67,24.56,24.56,24.84,24.78,24.71,24.59,24.63,24.88,24.97,24.72,24.53,24.6,24.78,24.78,24.59,24.62,24.84,24.94,24.88,24.88,24.84,24.69,24.76,24.99,24.76,24.69,24.58,24.73,24.87,24.81,24.78,24.78,24.81,24.91,24.94,24.83,24.78,24.68,24.77,24.89,24.82,24.88,24.68,24.82,24.88,24.89,24.79,24.67,24.78,25.0,24.91,25.0,24.83,24.84,24.65,24.86,24.88,24.66,24.78,24.75,24.88,24.75,24.83,24.83,24.88,25.03,25.02,24.97,24.94,24.8,24.78,24.86,24.77,24.81,24.8,24.91,24.79,24.82,24.79,24.83,25.03,25.25,25.35,25.12,25.0,24.88,24.68,24.92,24.67,24.8,24.85,24.89,24.82,24.84,24.92,24.85,25.31,25.56,25.83,25.52,25.15,24.88,24.84,24.72,24.91,24.9,24.72,24.9,24.89,24.93,25.03,24.85,25.23,25.48,25.65,25.16,25.12,24.89,24.7,24.81,24.88,24.97,24.88,24.85,24.81,24.93,24.92,24.92,25.05,25.42,25.14,25.14,24.94,24.89,24.78,24.81,24.81,24.89,24.84,24.88,24.81,24.83,24.98,24.92,24.83,24.83,25.0,25.0,24.88,24.84,24.65,24.77,24.84,25.01,24.78,24.84,24.71,24.78,24.84,24.97,24.97,24.79,24.85,24.88,24.83,24.8,24.68,24.58,24.74,24.88,24.88,24.69,24.88,24.8,24.88,24.94,24.88,24.8,24.96,24.81,24.78,24.81,24.67,24.78,24.92,24.91,24.88,24.94,24.88,24.97,24.87,24.84,24.88,24.78,24.88,24.79,24.88,24.67,24.66,24.78,24.92,24.75,24.78,24.8,24.74,24.94,25.01,24.94,24.82,24.79,24.86,24.89,24.78,24.64,24.78,24.99
40.09,26.34,24.83,24.66,24.7,24.48,24.48,24.59,24.66,24.56,24.73,24.84,24.57,24.58,24.71,24.78,24.59,24.62,24.5,24.8,24.91,24.56,24.66,24.75,24.75,24.78,24.7,24.75,24.62,24.92,24.94,24.65,24.64,24.69,24.83,24.78,24.68,24.6,24.61,24.67,24.8,24.72,24.56,24.56,24.84,24.78,24.76,24.59,24.56,24.88,24.97,24.72,24.55,24.6,24.78,24.8,24.59,24.66,24.81,24.94,24.88,24.88,24.84,24.69,24.7,24.97,24.76,24.69,24.59,24.73,24.87,24.83,24.78,24.77,24.78,24.91,24.94,24.85,24.78,24.63,24.77,24.95,24.82,24.88,24.69,24.77,24.83,24.84,24.79,24.67,24.75,25.0,24.91,25.0,24.85,24.84,24.65,24.8,24.88,24.63,24.8,24.78,24.91,24.75,24.83,24.82,24.89,25.02,25.02,25.0,24.94,24.8,24.78,24.84,24.77,24.84,24.8,24.91,24.77,24.82,24.81,24.83,25.03,25.23,25.32,25.12,25.0,24.88,24.68,24.92,24.62,24.85,24.85,24.84,24.77,24.8,24.96,24.89,25.31,25.56,25.77,25.51,25.19,24.88,24.84,24.69,24.88,24.95,24.73,24.85,24.84,24.89,25.03,24.89,25.24,25.5,25.69,25.14,25.17,24.94,24.7,24.75,24.92,24.97,24.88,24.81,24.77,24.89,24.96,24.96,25.09,25.42,25.1,25.12,24.94,24.93,24.78,24.81,24.75,24.92,24.84,24.88,24.81,24.83,24.94,24.96,24.83,24.83,25.0,25.0,24.88,24.84,24.65,24.75,24.84,24.96,24.78,24.84,24.72,24.78,24.8,25.0,25.0,24.81,24.85,24.88,24.79,24.85,24.73,24.6,24.69,24.88,24.94,24.76,24.84,24.8,24.88,24.92,24.88,24.8,24.95,24.84,24.78,24.86,24.67,24.71,24.92,24.91,24.88,24.94,24.83,24.95,24.87,24.84,24.84,24.78,24.87,24.83,24.86,24.69,24.66,24.78,24.89,24.75,24.8,24.69,24.69,24.92,24.96,24.94,24.84,24.75,24.8,24.94,24.78,24.59,24.78,24.89
40.2,26.34,24.93,24.66,24.7,24.48,24.48,24.59,24.66,24.56,24.73,24.84,24.57,24.58,24.64,24.78,24.59,24.62,24.5,24.88,24.91,24.56,24.66,24.75,24.75,24.78,24.7,24.75,24.57,24.92,24.94,24.72,24.56,24.59,24.75,24.78,24.74,24.65,24.56,24.62,24.84,24.77,24.56,24.56,24.84,24.78,24.82,24.59,24.5,24.88,24.97,24.72,24.61,24.6,24.78,24.8,24.59,24.66,24.81,24.94,24.88,24.88,24.84,24.69,24.63,24.91,24.76,24.69,24.64,24.73,24.87,24.88,24.78,24.72,24.78,24.91,24.94,24.9,24.78,24.58,24.77,25.01,24.82,24.88,24.73,24.71,24.78,24.8,24.79,24.67,24.75,25.0,24.91,25.0,24.9,24.84,24.65,24.74,24.88,24.63,24.8,24.78,24.91,24.75,24.83,24.78,24.93,24.98,25.02,25.0,24.94,24.8,24.78,24.79,24.77,24.84,24.8,24.91,24.72,24.82,24.85,24.83,25.03,25.23,25.24,25.12,25.0,24.88,24.68,24.92,24.57,24.9,24.85,24.8,24.72,24.75,25.0,24.93,25.31,25.56,25.69,25.48,25.22,24.88,24.84,24.69,24.88,25.0,24.78,24.79,24.8,24.85,25.03,24.93,25.28,25.5,25.73,25.14,25.22,25.0,24.7,24.69,24.92,24.97,24.88,24.77,24.72,24.85,25.0,25.0,25.13,25.42,25.06,25.09,24.94,24.97,24.78,24.81,24.69,24.92,24.84,24.88,24.81,24.83,24.89,25.0,24.83,24.83,25.0,25.0,24.88,24.84,24.65,24.69,24.84,24.9,24.78,24.84,24.76,24.78,24.75,25.0,25.0,24.86,24.85,24.88,24.75,24.9,24.79,24.67,24.69,24.88,24.99,24.86,24.84,24.8,24.88,24.88,24.88,24.8,24.9,24.84,24.78,24.91,24.67,24.64,24.92,24.91,24.88,24.94,24.78,24.9,24.87,24.84,24.84,24.78,24.82,24.83,24.81,24.74,24.66,24.78,24.79,24.75,24.88,24.63,24.63,24.86,24.9,24.94,24.9,24.75,24.74,24.94,24.78,24.59,24.78,24.79
40.31,26.34,24.89,24.75,24.61,24.42,24.45,24.59,24.66,24.62,24.69,24.79,24.61,24.63,24.59,24.78,24.59,24.62,24.62,24.94,24.82,24.56,24.66,24.75,24.75,24.78,24.64,24.7,24.57,24.88,24.88,24.68,24.48,24.59,24.67,24.78,24.68,24.69,24.58,24.64,24.88,24.75,24.51,24.56,24.84,24.78,24.82,24.59,24.45,24.88,25.01,24.7,24.59,24.59,24.8,24.8,24.59,24.66,24.8,24.89,24.88,24.88,24.79,24.69,24.59,24.85,24.78,24.69,24.64,24.72,24.87,24.91,24.77,24.69,24.77,24.92,24.94,24.89,24.8,24.58,24.82,25.01,24.86,24.87,24.77,24.73,24.79,24.77,24.77,24.67,24.79,24.95,24.92,24.95,24.94,24.89,24.66,24.76,24.86,24.61,24.76,24.8,24.92,24.79,24.82,24.75,24.96,24.96,25.03,24.95,24.94,24.75,24.78,24.81,24.77,24.84,24.8,24.91,24.74,24.82,24.85,24.82,25.03,25.24,25.17,25.14,25.0,24.88,24.75,24.88,24.57,24.92,24.8,24.81,24.69,24.74,24.99,24.92,25.31,25.56,25.6,25.44,25.16,24.88,24.84,24.74,24.91,24.99,24.76,24.79,24.81,24.86,24.99,24.92,25.27,25.5,25.77,25.21,25.2,25.0,24.75,24.66,24.94,24.95,24.83,24.73,24.73,24.86,25.03,24.99,25.13,25.4,25.11,25.1,24.94,24.97,24.78,24.83,24.71,24.91,24.84,24.83,24.78,24.84,24.89,25.03,24.86,24.8,25.0,25.04,24.88,24.84,24.65,24.66,24.84,24.9,24.78,24.84,24.76,24.8,24.77,24.95,25.0,24.86,24.87,24.89,24.75,24.9,24.79,24.73,24.76,24.88,24.98,24.9,24.84,24.8,24.88,24.86,24.88,24.8,24.88,24.89,24.78,24.89,24.63,24.59,25.01,24.89,24.82,24.88,24.75,24.87,24.92,24.84,24.84,24.78,24.78,24.88,24.81,24.72,24.66,24.78,24.73,24.75,24.88,24.56,24.59,24.86,24.9,24.88,24.88,24.75,24.76,24.94,24.78,24.59,24.7,24.73
40.4,26.34,24.8,24.83,24.52,24.35,24.39,24.59,24.66,24.68,24.69,24.73,24.61,24.63,24.59,24.78,24.59,24.62,24.81,24.94,24.69,24.56,24.66,24.75,24.75,24.78,24.59,24.65,24.57,24.88,24.82,24.55,24.4,24.59,24.59,24.78,24.62,24.69,24.63,24.69,24.88,24.7,24.46,24.56,24.84,24.78,24.82,24.59,24.45,24.88,25.01,24.63,24.53,24.53,24.84,24.8,24.59,24.66,24.75,24.83,24.88,24.88,24.74,24.69,24.59,24.79,24.84,24.69,24.64,24.67,24.87,24.91,24.72,24.69,24.72,24.97,24.94,24.83,24.84,24.58,24.88,25.01,24.86,24.82,24.82,24.78,24.85,24.77,24.72,24.67,24.83,24.91,24.97,24.9,24.94,24.94,24.72,24.82,24.81,24.56,24.72,24.84,24.97,24.83,24.78,24.75,24.96,25.0,25.07,24.91,24.94,24.7,24.78,24.86,24.77,24.84,24.8,24.91,24.79,24.82,24.85,24.78,25.03,25.28,25.13,25.14,25.0,24.88,24.85,24.88,24.57,24.88,24.75,24.86,24.69,24.79,24.95,24.88,25.31,25.56,25.56,25.4,25.07,24.88,24.84,24.79,24.91,24.94,24.72,24.79,24.86,24.9,24.95,24.88,25.23,25.5,25.82,25.26,25.16,25.0,24.8,24.66,24.99,24.9,24.78,24.68,24.78,24.9,25.03,24.95,25.13,25.4,25.19,25.14,24.94,24.97,24.78,24.88,24.77,24.86,24.84,24.79,24.78,24.89,24.89,25.03,24.86,24.8,25.0,25.08,24.88,24.84,24.65,24.66,24.84,24.9,24.78,24.84,24.76,24.84,24.81,24.91,25.0,24.86,24.91,24.93,24.75,24.9,24.79,24.8,24.84,24.88,24.92,24.9,24.84,24.8,24.88,24.81,24.88,24.8,24.88,24.94,24.78,24.84,24.63,24.59,25.09,24.82,24.76,24.82,24.75,24.87,24.97,24.84,24.84,24.78,24.78,24.92,24.81,24.67,24.66,24.78,24.73,24.75,24.88,24.5,24.59,24.86,24.9,24.82,24.82,24.75,24.82,24.94,24.78,24.59,24.61,24.73
40.54,26.34,24.73,24.86,24.55,24.31,24.34,24.56,24.62,24.75,24.75,24.69,24.59,24.56,24.59,24.78,24.59,24.55,24.91,24.94,24.63,24.56,24.6,24.75,24.75,24.78,24.61,24.63,24.57,24.9,24.81,24.53,24.42,24.52,24.57,24.78,24.6,24.64,24.61,24.72,24.88,24.67,24.44,24.6,24.84,24.83,24.88,24.59,24.48,24.88,25.01,24.59,24.55,24.5,24.88,24.83,24.59,24.66,24.74,24.77,24.88,24.88,24.72,24.69,24.59,24.75,24.88,24.69,24.66,24.66,24.85,24.9,24.69,24.69,24.73,25.0,24.94,24.82,24.88,24.61,24.86,24.94,24.8,24.78,24.84,24.82,24.83,24.73,24.69,24.7,24.89,24.84,24.95,24.88,24.94,24.95,24.8,24.8,24.74,24.54,24.73,24.85,24.95,24.85,24.75,24.79,24.99,25.03,25.03,24.89,24.94,24.77,24.73,24.84,24.74,24.89,24.83,24.95,24.81,24.83,24.85,24.75,25.03,25.27,25.07,25.08,25.0,24.88,24.9,24.9,24.57,24.79,24.77,24.89,24.69,24.79,24.89,24.85,25.31,25.56,25.48,25.3,25.0,24.88,24.84,24.81,24.86,24.85,24.73,24.83,24.84,24.89,24.89,24.85,25.21,25.52,25.76,25.27,25.14,25.0,24.85,24.66,24.98,24.83,24.77,24.7,24.84,24.89,24.99,24.93,25.13,25.44,25.3,25.08,24.94,25.02,24.78,24.95,24.81,24.8,24.84,24.78,24.83,24.91,24.84,24.99,24.89,24.89,25.08,25.09,24.88,24.84,24.69,24.68,24.84,24.84,24.78,24.84,24.78,24.85,24.8,24.89,25.0,24.88,24.94,24.93,24.75,24.9,24.84,24.84,24.81,24.82,24.9,24.9,24.84,24.83,24.83,24.78,24.88,24.83,24.88,24.95,24.78,24.81,24.69,24.66,25.06,24.73,24.74,24.84,24.75,24.83,24.95,24.84,24.89,24.78,24.78,24.91,24.79,24.69,24.66,24.78,24.66,24.75,24.83,24.48,24.61,24.86,24.84,24.79,24.84,24.77,24.8,24.87,24.78,24.59,24.58,24.66
40.65,26.34,24.73,24.86,24.64,24.31,24.34,24.5,24.56,24.81,24.81,24.69,24.59,24.5,24.59,24.78,24.59,24.44,24.91,24.94,24.63,24.56,24.55,24.75,24.75,24.78,24.66,24.63,24.57,24.9,24.81,24.6,24.5,24.43,24.57,24.78,24.6,24.58,24.56,24.72,24.88,24.67,24.44,24.65,24.84,24.88,24.93,24.59,24.48,24.88,25.01,24.59,24.61,24.5,24.88,24.88,24.59,24.66,24.74,24.71,24.88,24.88,24.72,24.69,24.59,24.75,24.88,24.69,24.66,24.66,24.85,24.9,24.69,24.69,24.78,25.0,24.94,24.82,24.88,24.66,24.81,24.88,24.74,24.78,24.84,24.82,24.78,24.69,24.69,24.75,24.93,24.8,24.91,24.88,24.94,24.95,24.84,24.74,24.69,24.54,24.78,24.85,24.91,24.85,24.75,24.83,25.03,25.03,24.95,24.89,24.94,24.87,24.68,24.79,24.69,24.94,24.88,25.0,24.81,24.83,24.85,24.75,25.03,25.23,25.03,25.03,25.0,24.88,24.9,24.9,24.57,24.74,24.82,24.89,24.69,24.75,24.85,24.85,25.31,25.56,25.4,25.22,24.97,24.88,24.84,24.81,24.81,24.8,24.78,24.88,24.8,24.85,24.85,24.85,25.21,25.56,25.68,25.27,25.14,25.0,24.9,24.66,24.92,24.78,24.77,24.74,24.89,24.85,24.95,24.93,25.13,25.48,25.38,24.99,24.94,25.06,24.78,25.0,24.81,24.75,24.84,24.78,24.88,24.91,24.8,24.95,24.93,24.98,25.16,25.09,24.88,24.84,24.75,24.68,24.84,24.79,24.78,24.84,24.78,24.85,24.75,24.89,25.0,24.88,24.94,24.88,24.75,24.9,24.9,24.84,24.74,24.76,24.9,24.9,24.84,24.88,24.79,24.78,24.88,24.88,24.88,24.95,24.78,24.81,24.74,24.73,24.98,24.66,24.74,24.9,24.75,24.78,24.9,24.84,24.94,24.78,24.78,24.86,24.79,24.74,24.66,24.78,24.56,24.75,24.76,24.48,24.61,24.86,24.79,24.79,24.9,24.77,24.74,24.81,24.78,24.59,24.58,24.56
40.83,26.34,24.7,24.86,24.58,24.29,24.34,24.5,24.52,24.82,24.81,24.68,24.59,24.5,24.59,24.78,24.66,24.51,24.91,24.88,24.58,24.56,24.54,24.71,24.75,24.78,24.66,24.63,24.58,24.86,24.77,24.6,24.58,24.52,24.59,24.78,24.54,24.6,24.56,24.74,24.84,24.62,24.44,24.69,24.84,24.9,24.93,24.63,24.54,24.82,25.03,24.59,24.61,24.5,24.84,24.85,24.63,24.66,24.78,24.66,24.88,24.88,24.72,24.69,24.63,24.7,24.88,24.69,24.63,24.7,24.81,24.88,24.72,24.69,24.8,24.97,24.91,24.82,24.88,24.71,24.77,24.8,24.74,24.82,24.82,24.87,24.78,24.72,24.72,24.75,24.95,24.75,24.89,24.88,24.94,24.95,24.86,24.74,24.72,24.59,24.75,24.81,24.86,24.88,24.78,24.85,25.03,25.0,24.93,24.89,24.94,24.89,24.66,24.79,24.72,24.95,24.88,24.97,24.81,24.88,24.81,24.78,25.0,25.19,25.03,25.01,25.0,24.88,24.9,24.86,24.65,24.72,24.78,24.91,24.69,24.75,24.81,24.81,25.28,25.54,25.36,25.17,24.95,24.85,24.84,24.81,24.84,24.73,24.75,24.9,24.83,24.88,24.83,24.81,25.19,25.56,25.6,25.31,25.11,24.94,24.9,24.69,24.86,24.78,24.73,24.75,24.94,24.88,24.93,24.93,25.12,25.48,25.43,25.0,24.94,25.03,24.78,24.97,24.86,24.75,24.84,24.78,24.85,24.89,24.83,24.93,24.98,25.03,25.21,25.11,24.88,24.84,24.75,24.73,24.88,24.82,24.78,24.82,24.78,24.84,24.78,24.89,25.0,24.9,25.0,24.91,24.79,24.85,24.86,24.84,24.79,24.74,24.86,24.85,24.81,24.88,24.81,24.82,24.88,24.88,24.88,24.98,24.78,24.76,24.71,24.76,25.03,24.66,24.74,24.86,24.78,24.82,24.94,24.84,24.95,24.78,24.78,24.89,24.82,24.71,24.66,24.78,24.63,24.75,24.73,24.54,24.63,24.92,24.82,24.73,24.86,24.82,24.78,24.78,24.78,24.59,24.58,24.56
40.86,26.34,24.7,24.86,24.55,24.29,24.34,24.5,24.5,24.82,24.81,24.68,24.59,24.5,24.59,24.78,24.69,24.55,24.91,24.86,24.56,24.56,24.54,24.69,24.75,24.78,24.66,24.63,24.58,24.84,24.75,24.6,24.61,24.56,24.59,24.78,24.52,24.62,24.56,24.74,24.83,24.61,24.44,24.7,24.84,24.9,24.93,24.65,24.56,24.8,25.03,24.59,24.61,24.5,24.83,24.83,24.65,24.66,24.8,24.65,24.88,24.88,24.72,24.69,24.65,24.68,24.88,24.69,24.61,24.72,24.8,24.88,24.73,24.69,24.8,24.95,24.9,24.82,24.88,24.73,24.75,24.78,24.74,24.83,24.8,24.89,24.78,24.73,24.74,24.75,24.95,24.73,24.89,24.88,24.94,24.95,24.86,24.74,24.74,24.61,24.73,24.8,24.84,24.89,24.79,24.85,25.03,24.99,24.93,24.89,24.94,24.89,24.66,24.79,24.74,24.95,24.88,24.95,24.81,24.89,24.79,24.79,24.99,25.17,25.03,25.01,25.0,24.88,24.9,24.84,24.69,24.72,24.77,24.91,24.69,24.75,24.79,24.79,25.27,25.52,25.35,25.16,24.95,24.83,24.84,24.81,24.86,24.71,24.73,24.9,24.84,24.89,24.83,24.79,25.17,25.56,25.58,25.32,25.09,24.93,24.9,24.71,24.84,24.78,24.72,24.75,24.95,24.89,24.93,24.93,25.12,25.48,25.45,25.02,24.94,25.02,24.78,24.95,24.88,24.75,24.84,24.78,24.83,24.89,24.84,24.93,24.99,25.05,25.22,25.12,24.88,24.84,24.75,24.75,24.9,24.84,24.78,24.8,24.78,24.84,24.8,24.89,25.0,24.92,25.03,24.93,24.8,24.83,24.84,24.84,24.81,24.74,24.84,24.83,24.79,24.88,24.83,24.83,24.88,24.88,24.88,25.0,24.78,24.74,24.69,24.76,25.06,24.66,24.74,24.84,24.8,24.83,24.95,24.84,24.95,24.78,24.78,24.91,24.84,24.69,24.66,24.78,24.66,24.75,24.73,24.56,24.63,24.94,24.84,24.71,24.84,24.84,24.8,24.78,24.78,24.59,24.58,24.56
40.96,26.34,24.7,24.86,24.46,24.29,24.34,24.5,24.44,24.82,24.81,24.68,24.59,24.5,24.59,24.78,24.79,24.65,24.91,24.78,24.5,24.56,24.54,24.63,24.75,24.78,24.66,24.63,24.58,24.79,24.69,24.6,24.69,24.66,24.59,24.78,24.46,24.68,24.56,24.74,24.78,24.56,24.44,24.75,24.84,24.9,24.93,24.72,24.63,24.72,25.03,24.59,24.61,24.5,24.78,24.79,24.7,24.66,24.84,24.59,24.88,24.88,24.72,24.69,24.72,24.6,24.88,24.69,24.56,24.77,24.75,24.88,24.78,24.69,24.8,24.91,24.85,24.82,24.88,24.78,24.7,24.72,24.74,24.88,24.76,24.94,24.78,24.78,24.79,24.75,24.95,24.69,24.89,24.88,24.94,24.95,24.86,24.74,24.79,24.66,24.69,24.75,24.8,24.93,24.83,24.85,25.03,24.95,24.93,24.89,24.94,24.89,24.66,24.79,24.79,24.95,24.88,24.9,24.81,24.93,24.75,24.83,24.95,25.13,25.03,25.01,25.0,24.88,24.9,24.79,24.79,24.72,24.71,24.91,24.69,24.75,24.75,24.75,25.23,25.49,25.31,25.11,24.95,24.79,24.84,24.81,24.91,24.66,24.69,24.9,24.89,24.93,24.83,24.75,25.13,25.56,25.5,25.36,25.05,24.88,24.9,24.77,24.79,24.78,24.67,24.75,25.0,24.93,24.93,24.93,25.12,25.48,25.49,25.05,24.94,24.97,24.78,24.9,24.94,24.75,24.84,24.78,24.78,24.89,24.89,24.93,25.03,25.09,25.26,25.16,24.88,24.84,24.75,24.81,24.97,24.9,24.78,24.76,24.78,24.84,24.84,24.89,25.0,24.95,25.12,24.98,24.84,24.78,24.79,24.84,24.89,24.74,24.79,24.78,24.74,24.88,24.88,24.88,24.88,24.88,24.88,25.05,24.78,24.69,24.63,24.76,25.15,24.66,24.74,24.79,24.84,24.88,25.0,24.84,24.95,24.78,24.78,24.95,24.9,24.63,24.66,24.78,24.76,24.75,24.73,24.63,24.63,25.0,24.9,24.66,24.79,24.9,24.86,24.78,24.78,24.59,24.58,24.56
41.08,26.34,24.8,24.86,24.46,24.35,24.34,24.56,24.44,24.71,24.81,24.68,24.59,24.5,24.59,24.78,24.79,24.76,24.81,24.78,24.56,24.62,24.54,24.63,24.75,24.78,24.71,24.73,24.58,24.84,24.69,24.6,24.77,24.75,24.59,24.72,24.52,24.68,24.56,24.74,24.78,24.56,24.54,24.79,24.84,24.9,24.93,24.72,24.69,24.72,24.97,24.59,24.67,24.55,24.73,24.75,24.7,24.7,24.88,24.65,24.88,24.88,24.78,24.69,24.78,24.6,24.82,24.69,24.61,24.81,24.75,24.83,24.78,24.69,24.84,24.91,24.81,24.82,24.88,24.78,24.7,24.66,24.68,24.83,24.76,24.94,24.72,24.78,24.84,24.75,24.95,24.69,24.8,24.93,24.94,24.91,24.91,24.74,24.79,24.71,24.73,24.75,24.8,24.93,24.83,24.85,25.03,24.95,24.93,24.89,24.94,24.98,24.66,24.73,24.79,24.95,24.83,24.9,24.76,24.93,24.75,24.83,24.95,25.13,25.03,24.92,25.0,24.88,24.85,24.79,24.79,24.72,24.77,24.86,24.69,24.75,24.79,24.79,25.19,25.45,25.31,25.06,25.01,24.84,24.84,24.76,24.86,24.66,24.73,24.9,24.84,24.93,24.83,24.79,25.17,25.52,25.38,25.28,25.05,24.88,24.85,24.77,24.73,24.83,24.72,24.8,24.95,24.89,24.93,24.98,25.16,25.51,25.45,25.05,24.98,25.02,24.78,24.85,24.94,24.8,24.84,24.82,24.78,24.84,24.89,24.89,25.07,25.22,25.3,25.2,24.93,24.89,24.75,24.86,24.97,24.9,24.83,24.76,24.82,24.8,24.84,24.94,25.0,25.01,25.2,25.08,24.84,24.78,24.79,24.84,24.81,24.74,24.84,24.78,24.69,24.88,24.88,24.88,24.88,24.88,24.92,25.05,24.83,24.74,24.69,24.76,25.06,24.73,24.8,24.84,24.84,24.88,24.95,24.89,24.95,24.78,24.78,24.91,24.9,24.69,24.66,24.78,24.86,24.75,24.73,24.69,24.63,24.94,24.9,24.71,24.79,24.9,24.86,24.78,24.78,24.66,24.58,24.56
41.2,26.34,24.93,24.86,24.46,24.44,24.34,24.63,24.44,24.55,24.81,24.68,24.59,24.5,24.59,24.78,24.79,24.9,24.69,24.78,24.65,24.69,24.54,24.63,24.75,24.78,24.78,24.86,24.58,24.92,24.69,24.6,24.88,24.89,24.59,24.63,24.59,24.68,24.56,24.74,24.78,24.56,24.67,24.84,24.84,24.9,24.93,24.72,24.78,24.72,24.89,24.59,24.75,24.62,24.67,24.69,24.7,24.75,24.94,24.71,24.88,24.88,24.84,24.69,24.86,24.6,24.74,24.69,24.68,24.88,24.75,24.76,24.78,24.69,24.91,24.91,24.75,24.82,24.88,24.78,24.7,24.57,24.59,24.75,24.76,24.94,24.66,24.78,24.91,24.75,24.95,24.69,24.68,25.0,24.94,24.84,24.97,24.74,24.79,24.78,24.79,24.75,24.8,24.93,24.83,24.85,25.03,24.95,24.93,24.89,24.94,25.12,24.66,24.66,24.79,24.95,24.78,24.9,24.69,24.93,24.75,24.83,24.95,25.13,25.03,24.79,25.0,24.88,24.78,24.79,24.79,24.72,24.83,24.8,24.69,24.75,24.85,24.85,25.13,25.4,25.31,25.0,25.08,24.91,24.84,24.69,24.79,24.66,24.79,24.9,24.78,24.93,24.83,24.85,25.23,25.48,25.21,25.16,25.05,24.88,24.78,24.77,24.66,24.9,24.78,24.85,24.89,24.83,24.93,25.03,25.21,25.56,25.4,25.05,25.04,25.07,24.78,24.78,24.94,24.86,24.84,24.88,24.78,24.78,24.89,24.83,25.13,25.4,25.35,25.26,25.0,24.95,24.75,24.94,24.97,24.9,24.9,24.76,24.88,24.74,24.84,25.0,25.0,25.08,25.32,25.21,24.84,24.78,24.79,24.84,24.71,24.74,24.92,24.78,24.62,24.88,24.88,24.88,24.88,24.88,24.97,25.05,24.9,24.81,24.76,24.76,24.95,24.82,24.88,24.92,24.84,24.88,24.88,24.95,24.95,24.78,24.78,24.84,24.9,24.76,24.66,24.78,24.99,24.75,24.73,24.78,24.63,24.86,24.9,24.79,24.79,24.9,24.86,24.78,24.78,24.76,24.58,24.56
41.31,26.34,24.93,24.77,24.46,24.51,24.41,24.63,24.44,24.5,24.81,24.73,24.66,24.56,24.59,24.78,24.89,24.9,24.59,24.7,24.65,24.75,24.59,24.63,24.75,24.83,24.78,24.86,24.53,24.86,24.69,24.6,24.8,24.89,24.51,24.63,24.65,24.73,24.61,24.69,24.78,24.61,24.72,24.84,24.84,24.9,24.88,24.72,24.72,24.72,24.83,24.59,24.75,24.62,24.67,24.69,24.7,24.8,24.9,24.77,24.88,24.88,24.84,24.69,24.86,24.6,24.74,24.69,24.63,24.83,24.75,24.81,24.78,24.69,24.91,24.91,24.75,24.82,24.83,24.78,24.75,24.63,24.65,24.75,24.72,24.94,24.66,24.78,24.91,24.79,24.9,24.73,24.68,25.0,24.89,24.84,24.92,24.8,24.79,24.78,24.75,24.8,24.84,24.98,24.83,24.81,24.99,24.95,24.98,24.89,24.94,25.06,24.71,24.66,24.79,24.91,24.73,24.9,24.69,24.89,24.75,24.83,24.95,25.17,25.03,24.84,25.0,24.88,24.83,24.79,24.79,24.78,24.78,24.75,24.74,24.79,24.85,24.89,25.09,25.4,25.31,25.0,25.08,24.91,24.84,24.69,24.79,24.71,24.79,24.9,24.83,24.93,24.88,24.85,25.23,25.44,25.21,25.12,25.0,24.93,24.83,24.82,24.66,24.9,24.78,24.85,24.89,24.83,24.93,25.03,25.26,25.56,25.36,25.14,25.04,25.03,24.83,24.72,24.88,24.86,24.84,24.93,24.78,24.78,24.89,24.88,25.21,25.48,25.31,25.34,25.05,24.95,24.75,24.88,24.97,24.9,24.95,24.76,24.88,24.74,24.84,24.95,25.04,25.11,25.41,25.34,24.89,24.83,24.79,24.84,24.71,24.8,24.92,24.83,24.62,24.83,24.92,24.88,24.93,24.88,25.02,25.14,24.95,24.81,24.76,24.69,24.86,24.89,24.88,24.92,24.84,24.88,24.88,24.95,24.95,24.78,24.78,24.84,24.96,24.76,24.66,24.7,24.99,24.75,24.8,24.78,24.63,24.8,24.9,24.84,24.79,24.9,24.86,24.85,24.78,24.83,24.58,24.56
41.4,26.34,24.93,24.67,24.46,24.57,24.48,24.63,24.44,24.44,24.81,24.79,24.72,24.63,24.59,24.78,24.99,24.9,24.5,24.62,24.65,24.81,24.64,24.63,24.75,24.88,24.78,24.86,24.48,24.81,24.69,24.6,24.72,24.89,24.43,24.63,24.72,24.78,24.66,24.64,24.78,24.66,24.77,24.84,24.84,24.9,24.82,24.72,24.65,24.72,24.77,24.59,24.75,24.62,24.67,24.69,24.7,24.84,24.85,24.82,24.88,24.88,24.84,24.69,24.86,24.6,24.74,24.69,24.58,24.78,24.75,24.86,24.78,24.69,24.91,24.91,24.75,24.82,24.78,24.78,24.8,24.7,24.72,24.75,24.68,24.94,24.66,24.78,24.91,24.83,24.86,24.78,24.68,25.0,24.83,24.84,24.88,24.86,24.79,24.78,24.71,24.84,24.89,25.02,24.83,24.76,24.95,24.95,25.02,24.89,24.94,25.01,24.76,24.66,24.79,24.86,24.69,24.9,24.69,24.85,24.75,24.83,24.95,25.21,25.03,24.89,25.0,24.88,24.88,24.79,24.79,24.83,24.73,24.7,24.79,24.83,24.85,24.93,25.05,25.4,25.31,25.0,25.08,24.91,24.84,24.69,24.79,24.76,24.79,24.9,24.88,24.93,24.92,24.85,25.23,25.4,25.21,25.09,24.95,24.98,24.88,24.88,24.66,24.9,24.78,24.85,24.89,24.83,24.93,25.03,25.3,25.56,25.32,25.22,25.04,24.99,24.88,24.67,24.82,24.86,24.84,24.98,24.78,24.78,24.89,24.92,25.29,25.56,25.26,25.42,25.1,24.95,24.75,24.82,24.97,24.9,25.0,24.76,24.88,24.74,24.84,24.91,25.08,25.15,25.5,25.48,24.94,24.88,24.79,24.84,24.71,24.86,24.92,24.88,24.62,24.78,24.96,24.88,24.98,24.88,25.06,25.23,25.0,24.81,24.76,24.62,24.76,24.96,24.88,24.92,24.84,24.88,24.88,24.95,24.95,24.78,24.78,24.84,25.01,24.76,24.66,24.61,24.99,24.75,24.88,24.78,24.63,24.74,24.9,24.9,24.79,24.9,24.86,24.92,24.78,24.9,24.58,24.56
41.5,26.34,24.86,24.6,24.49,24.57,24.52,24.63,24.48,24.44,24.81,24.81,24.79,24.69,24.59,24.78,24.99,24.83,24.44,24.62,24.69,24.84,24.66,24.67,24.75,24.92,24.76,24.86,24.48,24.81,24.71,24.58,24.64,24.89,24.43,24.61,24.76,24.75,24.71,24.64,24.81,24.7,24.8,24.84,24.84,24.92,24.76,24.68,24.61,24.77,24.77,24.59,24.73,24.62,24.7,24.72,24.66,24.87,24.81,24.87,24.88,24.88,24.84,24.69,24.84,24.65,24.72,24.71,24.58,24.73,24.77,24.88,24.75,24.69,24.92,24.94,24.78,24.82,24.75,24.78,24.89,24.72,24.76,24.72,24.68,24.94,24.67,24.75,24.88,24.86,24.85,24.83,24.65,24.98,24.8,24.84,24.86,24.9,24.76,24.78,24.69,24.88,24.92,25.02,24.82,24.75,24.92,24.98,25.03,24.88,24.94,25.01,24.78,24.68,24.76,24.84,24.66,24.93,24.69,24.81,24.75,24.81,24.98,25.24,25.03,24.91,25.0,24.88,24.92,24.81,24.76,24.84,24.73,24.7,24.84,24.86,24.85,24.96,25.03,25.42,25.3,25.0,25.06,24.94,24.86,24.69,24.76,24.78,24.82,24.93,24.89,24.9,24.92,24.85,25.26,25.38,25.21,25.05,24.94,25.01,24.92,24.9,24.68,24.9,24.81,24.88,24.89,24.82,24.9,25.03,25.3,25.56,25.31,25.25,25.04,24.97,24.92,24.67,24.79,24.88,24.83,25.0,24.81,24.77,24.86,24.93,25.36,25.64,25.26,25.48,25.15,24.95,24.75,24.79,24.92,24.86,25.04,24.79,24.88,24.73,24.82,24.86,25.1,25.16,25.54,25.58,24.98,24.92,24.81,24.84,24.69,24.88,24.94,24.92,24.65,24.76,24.94,24.88,25.01,24.88,25.12,25.3,25.06,24.81,24.78,24.62,24.64,25.03,24.88,24.94,24.81,24.87,24.87,24.97,24.97,24.78,24.8,24.83,25.03,24.78,24.66,24.56,24.92,24.78,24.9,24.76,24.67,24.7,24.88,24.94,24.81,24.9,24.84,24.94,24.78,24.95,24.58,24.6
41.62,26.34,24.73,24.6,24.49,24.48,24.52,24.63,24.56,24.51,24.81,24.81,24.88,24.78,24.59,24.78,24.86,24.69,24.44,24.72,24.78,24.84,24.66,24.75,24.75,24.92,24.7,24.86,24.55,24.88,24.71,24.49,24.53,24.89,24.54,24.52,24.76,24.6,24.78,24.71,24.88,24.77,24.8,24.84,24.84,24.92,24.69,24.59,24.61,24.88,24.85,24.59,24.65,24.62,24.77,24.78,24.59,24.87,24.75,24.94,24.88,24.88,24.84,24.69,24.84,24.75,24.65,24.78,24.64,24.67,24.82,24.88,24.69,24.69,24.92,25.0,24.84,24.82,24.75,24.78,25.03,24.72,24.76,24.65,24.73,24.94,24.74,24.69,24.81,24.86,24.85,24.89,24.59,24.91,24.8,24.84,24.86,24.9,24.69,24.78,24.69,24.94,24.92,24.96,24.82,24.75,24.92,25.03,25.03,24.81,24.94,25.08,24.78,24.75,24.69,24.84,24.66,25.0,24.69,24.75,24.75,24.75,25.03,25.24,25.03,24.91,25.0,24.88,24.92,24.81,24.69,24.84,24.8,24.77,24.91,24.86,24.85,24.96,25.03,25.48,25.24,25.0,25.06,25.0,24.91,24.69,24.69,24.78,24.88,25.0,24.89,24.85,24.86,24.85,25.31,25.38,25.21,25.0,24.94,25.01,24.92,24.9,24.75,24.9,24.88,24.94,24.89,24.82,24.85,25.03,25.24,25.56,25.31,25.25,25.04,24.97,24.92,24.74,24.79,24.94,24.76,24.94,24.88,24.77,24.8,24.93,25.41,25.75,25.32,25.53,25.22,24.95,24.75,24.79,24.84,24.79,25.04,24.84,24.88,24.73,24.82,24.8,25.1,25.16,25.59,25.69,25.05,24.92,24.81,24.84,24.69,24.88,24.94,24.92,24.72,24.82,24.88,24.88,25.01,24.88,25.23,25.36,25.12,24.81,24.78,24.71,24.53,25.12,24.88,24.94,24.75,24.87,24.87,25.03,24.97,24.78,24.87,24.83,25.03,24.78,24.66,24.56,24.79,24.9,24.9,24.67,24.74,24.7,24.88,24.94,24.81,24.9,24.84,24.94,24.78,24.95,24.58,24.73
41.73,26.34,24.63,24.51,24.49,24.44,24.52,24.58,24.56,24.61,24.86,24.84,24.85,24.76,24.59,24.78,24.86,24.58,24.44,24.72,24.78,24.79,24.66,24.73,24.75,24.92,24.64,24.81,24.55,24.88,24.73,24.51,24.48,24.79,24.62,24.54,24.76,24.57,24.78,24.71,24.88,24.8,24.75,24.83,24.84,24.92,24.69,24.59,24.58,24.88,24.89,24.59,24.61,24.59,24.81,24.8,24.59,24.82,24.73,24.94,24.88,24.88,24.84,24.69,24.84,24.75,24.67,24.82,24.64,24.64,24.82,24.91,24.69,24.69,24.89,25.0,24.88,24.87,24.75,24.78,25.03,24.79,24.76,24.71,24.73,24.94,24.79,24.69,24.76,24.86,24.81,24.92,24.65,24.88,24.8,24.84,24.83,24.86,24.69,24.76,24.65,24.94,24.88,24.93,24.85,24.75,24.9,25.03,25.03,24.81,24.94,25.06,24.78,24.81,24.69,24.84,24.71,25.0,24.69,24.73,24.75,24.75,25.03,25.21,25.03,24.96,25.0,24.88,24.92,24.81,24.69,24.84,24.8,24.81,24.95,24.86,24.81,24.92,25.05,25.5,25.2,24.98,25.1,24.94,24.94,24.69,24.7,24.8,24.88,25.0,24.92,24.81,24.86,24.82,25.31,25.4,25.24,25.0,24.94,25.03,24.9,24.94,24.81,24.87,24.89,24.94,24.92,24.85,24.82,25.02,25.21,25.56,25.31,25.24,24.99,24.93,24.92,24.78,24.77,24.92,24.72,24.91,24.93,24.8,24.75,24.98,25.42,25.79,25.35,25.52,25.22,24.91,24.75,24.79,24.84,24.73,25.0,24.84,24.88,24.77,24.82,24.77,25.11,25.2,25.62,25.72,25.09,24.92,24.82,24.84,24.76,24.88,24.9,24.92,24.78,24.83,24.88,24.88,25.03,24.88,25.27,25.41,25.12,24.77,24.74,24.76,24.53,25.12,24.88,24.88,24.75,24.9,24.9,25.02,24.97,24.78,24.9,24.86,25.05,24.74,24.63,24.56,24.73,24.99,24.97,24.63,24.8,24.76,24.88,24.9,24.82,24.94,24.82,24.94,24.78,24.9,24.64,24.79
41.84,26.34,24.5,24.39,24.49,24.44,24.52,24.5,24.56,24.69,24.94,24.84,24.77,24.67,24.59,24.78,24.86,24.44,24.44,24.72,24.78,24.71,24.66,24.65,24.75,24.92,24.58,24.75,24.55,24.88,24.81,24.6,24.48,24.66,24.72,24.63,24.76,24.57,24.78,24.71,24.88,24.8,24.69,24.77,24.84,24.92,24.69,24.59,24.5,24.88,24.89,24.59,24.61,24.59,24.88,24.8,24.59,24.77,24.73,24.94,24.88,24.88,24.84,24.69,24.84,24.75,24.74,24.82,24.64,24.64,24.82,24.91,24.69,24.69,24.89,25.0,24.94,24.94,24.75,24.78,25.03,24.88,24.76,24.78,24.73,24.94,24.86,24.69,24.69,24.86,24.75,24.92,24.77,24.88,24.8,24.84,24.83,24.86,24.69,24.7,24.59,24.94,24.81,24.93,24.85,24.75,24.85,25.03,25.03,24.81,24.94,25.0,24.78,24.88,24.69,24.84,24.76,25.0,24.69,24.67,24.75,24.75,25.03,25.21,25.03,25.03,25.0,24.88,24.92,24.81,24.69,24.84,24.8,24.88,24.95,24.86,24.75,24.86,25.1,25.5,25.14,24.92,25.15,24.88,24.94,24.69,24.77,24.87,24.88,25.0,24.92,24.75,24.86,24.82,25.31,25.4,25.24,25.0,24.94,25.1,24.83,24.94,24.88,24.87,24.96,24.94,24.92,24.85,24.82,24.96,25.21,25.56,25.31,25.19,24.94,24.88,24.92,24.78,24.69,24.86,24.72,24.91,25.0,24.8,24.69,25.03,25.48,25.84,25.35,25.46,25.22,24.84,24.75,24.79,24.84,24.66,25.0,24.84,24.88,24.82,24.82,24.77,25.16,25.25,25.62,25.72,25.16,24.92,24.9,24.84,24.86,24.88,24.9,24.92,24.84,24.77,24.88,24.88,25.1,24.88,25.27,25.47,25.12,24.77,24.74,24.76,24.53,25.12,24.88,24.81,24.75,24.9,24.9,24.95,24.97,24.78,24.9,24.86,25.11,24.74,24.55,24.56,24.73,25.11,25.06,24.63,24.88,24.84,24.88,24.9,24.9,24.94,24.74,24.94,24.78,24.9,24.64,24.79
41.95,26.34,24.5,24.46,24.43,24.44,24.48,24.5,24.56,24.69,24.94,24.81,24.72,24.63,24.59,24.78,24.79,24.44,24.5,24.78,24.78,24.68,24.66,24.61,24.75,24.88,24.54,24.75,24.58,24.92,24.81,24.6,24.53,24.66,24.78,24.63,24.72,24.57,24.78,24.74,24.88,24.77,24.66,24.75,24.84,24.88,24.69,24.59,24.5,24.88,24.89,24.59,24.61,24.62,24.88,24.78,24.59,24.74,24.75,24.94,24.88,24.88,24.84,24.69,24.88,24.75,24.74,24.82,24.68,24.67,24.85,24.88,24.69,24.69,24.89,25.0,24.94,24.94,24.78,24.78,25.03,24.88,24.72,24.78,24.76,24.94,24.9,24.69,24.69,24.83,24.75,24.89,24.8,24.88,24.83,24.84,24.86,24.86,24.69,24.66,24.59,24.94,24.78,24.93,24.85,24.75,24.85,25.03,25.03,24.78,24.94,25.0,24.78,24.92,24.69,24.84,24.79,25.0,24.69,24.64,24.75,24.75,25.03,25.21,25.03,25.03,25.0,24.88,24.88,24.77,24.69,24.84,24.83,24.91,24.91,24.83,24.75,24.83,25.13,25.48,25.12,24.89,25.18,24.88,24.94,24.69,24.81,24.9,24.88,25.0,24.89,24.75,24.83,24.85,25.31,25.4,25.21,25.0,24.94,25.1,24.76,24.9,24.92,24.9,25.0,24.94,24.89,24.85,24.85,24.93,25.21,25.56,25.31,25.16,24.94,24.88,24.88,24.78,24.69,24.86,24.72,24.88,25.0,24.8,24.69,25.03,25.48,25.84,25.35,25.43,25.22,24.84,24.75,24.82,24.84,24.66,25.0,24.84,24.88,24.85,24.85,24.8,25.16,25.25,25.62,25.69,25.16,24.88,24.9,24.84,24.91,24.88,24.9,24.88,24.84,24.77,24.88,24.88,25.1,24.88,25.27,25.47,25.12,24.81,24.74,24.76,24.59,25.12,24.88,24.77,24.75,24.9,24.9,24.95,24.94,24.78,24.9,24.86,25.14,24.74,24.5,24.61,24.79,25.17,25.06,24.63,24.88,24.88,24.92,24.9,24.9,24.9,24.74,24.94,24.78,24.9,24.58,24.79
42.04,26.34,24.5,24.52,24.43,24.44,24.43,24.5,24.56,24.69,24.94,24.81,24.68,24.58,24.59,24.78,24.72,24.44,24.56,24.83,24.78,24.68,24.62,24.61,24.75,24.85,24.54,24.75,24.62,24.96,24.81,24.6,24.58,24.66,24.83,24.67,24.68,24.57,24.78,24.78,24.88,24.73,24.62,24.72,24.84,24.85,24.69,24.59,24.5,24.88,24.93,24.63,24.61,24.65,24.88,24.78,24.59,24.71,24.78,24.94,24.88,24.88,24.84,24.69,24.88,24.75,24.71,24.82,24.71,24.7,24.85,24.85,24.69,24.72,24.89,25.0,24.94,24.94,24.78,24.78,25.03,24.83,24.68,24.78,24.79,24.94,24.9,24.69,24.72,24.83,24.78,24.89,24.8,24.88,24.87,24.84,24.86,24.86,24.69,24.66,24.59,24.94,24.75,24.9,24.85,24.75,24.88,25.03,25.03,24.75,24.94,25.0,24.78,24.88,24.69,24.84,24.82,25.0,24.69,24.61,24.78,24.75,25.03,25.19,25.03,25.0,25.02,24.88,24.85,24.73,24.69,24.81,24.87,24.91,24.91,24.81,24.78,24.81,25.16,25.45,25.09,24.89,25.18,24.91,24.94,24.69,24.81,24.9,24.88,25.0,24.89,24.78,24.81,24.85,25.31,25.42,25.21,24.97,24.97,25.06,24.73,24.9,24.92,24.9,25.0,24.94,24.89,24.88,24.85,24.93,25.21,25.56,25.31,25.14,24.94,24.88,24.85,24.78,24.69,24.86,24.72,24.85,25.0,24.8,24.69,25.03,25.48,25.82,25.35,25.4,25.22,24.88,24.78,24.82,24.8,24.69,25.0,24.84,24.88,24.85,24.85,24.83,25.16,25.28,25.64,25.67,25.16,24.85,24.9,24.84,24.91,24.84,24.9,24.85,24.84,24.8,24.85,24.88,25.06,24.91,25.27,25.47,25.09,24.84,24.79,24.8,24.59,25.08,24.88,24.77,24.75,24.9,24.9,24.95,24.91,24.82,24.9,24.86,25.14,24.71,24.55,24.67,24.79,25.17,25.06,24.67,24.88,24.92,24.92,24.9,24.9,24.9,24.78,24.94,24.78,24.9,24.64,24.86
42.15,26.34,24.5,24.62,24.43,24.44,24.37,24.5,24.56,24.69,24.94,24.81,24.61,24.52,24.59,24.78,24.63,24.44,24.66,24.91,24.78,24.68,24.57,24.61,24.75,24.8,24.54,24.75,24.67,25.01,24.81,24.6,24.66,24.66,24.91,24.74,24.61,24.57,24.78,24.83,24.88,24.69,24.58,24.68,24.84,24.8,24.69,24.59,24.5,24.88,24.99,24.7,24.61,24.71,24.88,24.78,24.59,24.67,24.82,24.94,24.88,24.88,24.84,24.69,24.88,24.75,24.65,24.82,24.76,24.75,24.85,24.79,24.69,24.77,24.89,25.0,24.94,24.94,24.78,24.78,25.03,24.77,24.61,24.78,24.83,24.94,24.9,24.69,24.77,24.83,24.82,24.89,24.8,24.88,24.92,24.84,24.86,24.86,24.69,24.66,24.59,24.94,24.7,24.86,24.85,24.75,24.92,25.03,25.03,24.7,24.94,25.0,24.78,24.82,24.69,24.84,24.86,25.0,24.69,24.56,24.82,24.75,25.03,25.14,25.03,24.95,25.06,24.88,24.8,24.68,24.69,24.76,24.92,24.91,24.91,24.76,24.82,24.76,25.2,25.41,25.05,24.89,25.18,24.96,24.94,24.69,24.81,24.9,24.88,25.0,24.89,24.82,24.76,24.85,25.31,25.46,25.21,24.92,25.02,25.01,24.68,24.9,24.92,24.9,25.0,24.94,24.89,24.92,24.85,24.93,25.21,25.56,25.31,25.1,24.94,24.88,24.8,24.78,24.69,24.86,24.72,24.79,25.0,24.8,24.69,25.03,25.48,25.77,25.35,25.36,25.22,24.92,24.83,24.82,24.73,24.75,25.0,24.84,24.88,24.85,24.85,24.88,25.16,25.32,25.68,25.63,25.16,24.8,24.9,24.84,24.91,24.78,24.9,24.8,24.84,24.85,24.8,24.88,25.01,24.96,25.27,25.47,25.04,24.89,24.85,24.88,24.59,25.01,24.88,24.77,24.75,24.9,24.9,24.95,24.86,24.87,24.9,24.86,25.14,24.65,24.62,24.75,24.79,25.17,25.06,24.74,24.88,24.98,24.92,24.9,24.9,24.9,24.84,24.94,24.78,24.9,24.72,24.96
42.28,26.34,24.5,24.72,24.46,24.51,24.34,24.5,24.56,24.68,24.9,24.77,24.52,24.48,24.59,24.72,24.59,24.51,24.75,24.88,24.78,24.69,24.54,24.61,24.75,24.78,24.59,24.75,24.69,25.03,24.86,24.62,24.72,24.72,24.94,24.85,24.59,24.62,24.78,24.84,24.84,24.62,24.59,24.65,24.84,24.75,24.69,24.59,24.48,24.88,24.92,24.74,24.67,24.78,24.88,24.75,24.59,24.68,24.85,24.9,24.88,24.88,24.84,24.72,24.82,24.75,24.67,24.8,24.78,24.78,24.81,24.72,24.69,24.83,24.94,25.0,24.91,24.94,24.77,24.78,25.0,24.72,24.59,24.78,24.82,24.9,24.85,24.69,24.81,24.85,24.85,24.86,24.83,24.93,24.94,24.81,24.86,24.88,24.72,24.63,24.59,24.91,24.72,24.85,24.83,24.75,24.9,25.03,25.03,24.74,24.94,24.94,24.78,24.72,24.69,24.84,24.85,25.0,24.69,24.53,24.88,24.78,25.0,25.13,25.03,24.91,25.09,24.85,24.78,24.66,24.69,24.72,24.9,24.86,24.88,24.78,24.85,24.75,25.23,25.36,25.06,24.89,25.14,25.0,24.9,24.72,24.84,24.9,24.85,25.0,24.89,24.85,24.75,24.88,25.28,25.48,25.24,24.89,25.05,24.97,24.66,24.86,24.9,24.9,25.0,24.91,24.89,24.93,24.88,24.9,25.23,25.56,25.31,25.08,24.97,24.88,24.78,24.76,24.68,24.81,24.78,24.82,25.0,24.78,24.72,25.0,25.49,25.72,25.33,25.33,25.22,24.95,24.86,24.77,24.69,24.82,25.02,24.82,24.88,24.84,24.84,24.94,25.18,25.35,25.69,25.61,25.16,24.78,24.92,24.84,24.84,24.74,24.92,24.78,24.84,24.82,24.78,24.85,24.97,25.03,25.25,25.47,25.0,24.93,24.92,24.85,24.62,24.91,24.88,24.79,24.75,24.88,24.85,24.91,24.84,24.9,24.88,24.84,25.1,24.67,24.67,24.78,24.79,25.08,25.02,24.85,24.88,25.0,24.9,24.92,24.96,24.9,24.86,24.94,24.74,24.92,24.78,24.99
42.37,26.34,24.5,24.8,24.46,24.57,24.34,24.5,24.56,24.68,24.84,24.71,24.46,24.48,24.59,24.62,24.59,24.62,24.84,24.8,24.78,24.69,24.54,24.61,24.75,24.78,24.64,24.75,24.69,25.03,24.92,24.62,24.72,24.82,24.94,24.91,24.59,24.67,24.78,24.84,24.8,24.58,24.64,24.65,24.84,24.7,24.69,24.59,24.48,24.88,24.79,24.74,24.73,24.83,24.88,24.71,24.59,24.73,24.85,24.85,24.88,24.88,24.84,24.78,24.76,24.75,24.72,24.8,24.78,24.78,24.77,24.67,24.69,24.88,24.98,25.0,24.87,24.94,24.77,24.78,24.95,24.72,24.59,24.78,24.77,24.85,24.79,24.69,24.81,24.85,24.85,24.81,24.88,24.98,24.94,24.76,24.86,24.88,24.77,24.58,24.59,24.87,24.77,24.85,24.83,24.75,24.86,25.03,25.03,24.83,24.94,24.89,24.78,24.66,24.69,24.84,24.8,25.0,24.69,24.53,24.92,24.82,24.96,25.13,25.03,24.91,25.09,24.8,24.78,24.66,24.69,24.72,24.85,24.81,24.82,24.82,24.85,24.75,25.23,25.32,25.1,24.89,25.1,25.0,24.86,24.77,24.89,24.9,24.8,25.0,24.89,24.85,24.75,24.92,25.24,25.48,25.28,24.89,25.05,24.92,24.66,24.81,24.9,24.9,25.0,24.87,24.89,24.93,24.92,24.86,25.23,25.56,25.31,25.08,25.01,24.88,24.78,24.76,24.68,24.77,24.83,24.86,25.0,24.78,24.77,24.96,25.49,25.68,25.33,25.33,25.22,24.95,24.86,24.71,24.69,24.88,25.02,24.77,24.88,24.84,24.84,24.98,25.18,25.35,25.69,25.61,25.16,24.78,24.92,24.84,24.76,24.74,24.92,24.78,24.84,24.78,24.78,24.8,24.92,25.08,25.25,25.47,25.0,24.93,24.92,24.78,24.7,24.84,24.88,24.79,24.75,24.88,24.8,24.86,24.84,24.9,24.88,24.84,25.05,24.72,24.67,24.78,24.79,24.99,24.95,24.91,24.88,25.0,24.9,24.92,25.01,24.9,24.86,24.94,24.69,24.92,24.78,24.99
42.49,26.34,24.5,24.89,24.49,24.62,24.37,24.5,24.56,24.71,24.79,24.71,24.46,24.54,24.59,24.56,24.59,24.76,24.91,24.7,24.78,24.71,24.54,24.65,24.75,24.78,24.71,24.75,24.69,25.01,24.94,24.58,24.66,24.92,24.94,24.93,24.61,24.69,24.76,24.84,24.73,24.58,24.7,24.69,24.83,24.64,24.71,24.61,24.52,24.88,24.69,24.76,24.75,24.84,24.86,24.71,24.61,24.78,24.82,24.78,24.88,24.88,24.84,24.84,24.68,24.72,24.74,24.84,24.78,24.73,24.73,24.67,24.69,24.92,25.0,24.98,24.82,24.94,24.77,24.78,24.86,24.72,24.61,24.78,24.72,24.78,24.72,24.7,24.81,24.83,24.85,24.81,24.89,25.0,24.95,24.71,24.8,24.82,24.84,24.58,24.59,24.81,24.81,24.82,24.88,24.76,24.85,25.03,25.03,24.93,24.94,24.88,24.76,24.59,24.7,24.84,24.75,24.98,24.69,24.58,24.98,24.88,24.9,25.09,25.03,24.91,25.1,24.76,24.78,24.66,24.7,24.72,24.78,24.77,24.81,24.86,24.86,24.75,25.19,25.31,25.16,24.94,25.05,25.0,24.83,24.81,24.91,24.87,24.76,25.0,24.92,24.86,24.75,24.93,25.2,25.5,25.36,24.89,25.06,24.85,24.71,24.79,24.9,24.85,24.96,24.81,24.92,24.96,24.92,24.86,25.2,25.56,25.31,25.11,25.05,24.88,24.78,24.79,24.71,24.77,24.84,24.88,25.0,24.83,24.81,24.92,25.46,25.63,25.36,25.36,25.22,24.95,24.86,24.64,24.67,24.96,24.97,24.73,24.88,24.84,24.82,25.0,25.14,25.35,25.72,25.63,25.16,24.8,24.88,24.82,24.66,24.74,24.86,24.8,24.84,24.8,24.78,24.76,24.83,25.13,25.28,25.47,25.0,24.89,24.88,24.76,24.79,24.77,24.88,24.81,24.75,24.9,24.78,24.84,24.84,24.92,24.92,24.89,24.94,24.74,24.73,24.78,24.69,24.87,24.88,24.93,24.88,24.98,24.9,24.88,25.01,24.94,24.92,24.92,24.65,24.88,24.87,25.05
42.59,26.34,24.5,24.89,24.58,24.69,24.43,24.5,24.56,24.71,24.79,24.77,24.52,24.61,24.59,24.64,24.59,24.87,24.81,24.62,24.78,24.77,24.54,24.65,24.75,24.78,24.76,24.75,24.69,24.96,24.94,24.58,24.66,24.92,24.94,24.93,24.68,24.69,24.71,24.84,24.69,24.62,24.75,24.73,24.78,24.64,24.76,24.68,24.52,24.88,24.69,24.82,24.75,24.84,24.81,24.75,24.66,24.82,24.82,24.73,24.88,24.88,24.84,24.84,24.61,24.65,24.74,24.84,24.78,24.69,24.73,24.72,24.69,24.92,25.0,24.94,24.82,24.94,24.77,24.78,24.75,24.72,24.68,24.78,24.68,24.73,24.67,24.75,24.81,24.79,24.85,24.86,24.89,25.0,24.99,24.71,24.7,24.76,24.89,24.63,24.59,24.77,24.81,24.82,24.92,24.81,24.85,25.03,25.03,24.98,24.94,24.88,24.71,24.53,24.76,24.84,24.71,24.93,24.69,24.62,25.02,24.92,24.86,25.05,25.03,24.91,25.14,24.76,24.78,24.66,24.76,24.72,24.73,24.77,24.81,24.86,24.9,24.75,25.14,25.31,25.2,24.98,25.01,25.0,24.78,24.75,24.91,24.87,24.76,25.0,24.92,24.9,24.75,24.93,25.2,25.5,25.4,24.89,25.11,24.85,24.76,24.79,24.9,24.8,24.96,24.77,24.92,24.96,24.88,24.9,25.2,25.56,25.31,25.15,25.05,24.88,24.78,24.79,24.71,24.81,24.84,24.88,25.0,24.88,24.81,24.92,25.46,25.63,25.36,25.36,25.22,24.95,24.86,24.58,24.6,25.01,24.92,24.73,24.88,24.84,24.78,25.0,25.1,25.35,25.72,25.63,25.16,24.85,24.88,24.76,24.59,24.74,24.81,24.85,24.84,24.8,24.78,24.76,24.78,25.13,25.28,25.47,25.0,24.89,24.88,24.76,24.79,24.77,24.88,24.86,24.75,24.85,24.78,24.84,24.84,24.97,24.92,24.94,24.9,24.74,24.8,24.78,24.6,24.78,24.88,24.93,24.88,24.92,24.9,24.88,24.96,24.94,24.98,24.85,24.72,24.88,24.95,25.05
42.71,26.34,24.5,24.89,24.61,24.78,24.52,24.5,24.56,24.71,24.79,24.79,24.61,24.69,24.59,24.76,24.59,25.01,24.69,24.51,24.78,24.79,24.59,24.59,24.75,24.78,24.78,24.75,24.69,24.88,24.94,24.58,24.66,24.92,24.94,24.87,24.76,24.69,24.64,24.84,24.62,24.69,24.81,24.79,24.71,24.64,24.84,24.76,24.52,24.88,24.63,24.84,24.75,24.84,24.75,24.76,24.73,24.88,24.82,24.66,24.88,24.88,24.84,24.84,24.59,24.55,24.8,24.84,24.78,24.62,24.77,24.79,24.69,24.88,25.0,24.88,24.82,24.94,24.81,24.78,24.61,24.79,24.76,24.78,24.62,24.66,24.66,24.81,24.76,24.68,24.81,24.88,24.94,25.0,25.05,24.71,24.61,24.68,24.96,24.64,24.59,24.71,24.81,24.86,24.98,24.86,24.81,25.03,25.03,25.04,24.94,24.88,24.64,24.58,24.82,24.84,24.65,24.86,24.69,24.69,25.03,24.98,24.81,25.03,25.03,24.96,25.15,24.76,24.78,24.66,24.82,24.78,24.66,24.81,24.76,24.86,24.92,24.75,25.09,25.31,25.26,25.0,25.0,24.94,24.71,24.68,24.96,24.92,24.76,25.0,24.88,24.92,24.75,24.98,25.2,25.46,25.41,24.94,25.12,24.9,24.78,24.73,24.96,24.78,25.01,24.71,24.88,24.92,24.86,24.92,25.2,25.56,25.31,25.2,25.05,24.88,24.78,24.79,24.71,24.88,24.84,24.88,25.0,24.94,24.81,24.92,25.46,25.68,25.36,25.36,25.22,24.91,24.81,24.56,24.58,25.03,24.85,24.73,24.88,24.88,24.77,25.0,25.05,25.31,25.68,25.63,25.16,24.92,24.88,24.67,24.56,24.8,24.73,24.92,24.84,24.75,24.82,24.76,24.76,25.08,25.28,25.47,25.06,24.89,24.81,24.69,24.88,24.84,24.88,24.88,24.75,24.78,24.78,24.84,24.84,24.99,24.92,25.0,24.88,24.8,24.75,24.78,24.56,24.75,24.88,24.87,24.88,24.84,24.96,24.88,24.88,24.88,25.0,24.76,24.81,24.88,24.89,24.96
42.85,26.34,24.5,24.89,24.61,24.78,24.52,24.5,24.56,24.71,24.79,24.73,24.61,24.69,24.66,24.76,24.69,25.01,24.69,24.43,24.78,24.79,24.64,24.53,24.75,24.78,24.78,24.75,24.69,24.82,24.88,24.58,24.66,24.92,24.86,24.8,24.76,24.69,24.59,24.79,24.62,24.69,24.86,24.79,24.65,24.64,24.89,24.76,24.52,24.88,24.57,24.78,24.75,24.79,24.75,24.76,24.78,24.88,24.78,24.66,24.88,24.88,24.84,24.79,24.59,24.55,24.86,24.84,24.73,24.62,24.81,24.85,24.69,24.83,24.95,24.88,24.82,24.94,24.86,24.78,24.55,24.85,24.82,24.78,24.58,24.61,24.71,24.81,24.7,24.64,24.76,24.83,24.98,25.0,25.0,24.71,24.61,24.68,24.96,24.64,24.59,24.67,24.81,24.9,24.98,24.86,24.76,25.03,25.03,25.08,24.94,24.88,24.7,24.64,24.88,24.84,24.61,24.86,24.74,24.73,24.99,24.98,24.76,25.07,25.03,25.01,25.11,24.76,24.78,24.66,24.88,24.83,24.66,24.81,24.76,24.86,24.88,24.75,25.05,25.35,25.3,25.0,25.0,24.89,24.75,24.68,24.96,24.87,24.76,25.0,24.88,24.92,24.75,24.98,25.2,25.46,25.41,25.02,25.08,24.9,24.78,24.73,24.96,24.78,25.01,24.71,24.88,24.88,24.86,24.88,25.16,25.56,25.35,25.2,25.05,24.88,24.78,24.85,24.71,24.88,24.84,24.88,25.0,24.98,24.81,24.88,25.42,25.72,25.4,25.36,25.22,24.86,24.77,24.62,24.65,24.98,24.8,24.73,24.88,24.92,24.77,24.95,25.01,25.31,25.68,25.63,25.16,24.92,24.88,24.67,24.56,24.86,24.68,24.92,24.89,24.75,24.86,24.76,24.76,25.03,25.33,25.51,25.11,24.84,24.75,24.69,24.98,24.84,24.88,24.82,24.8,24.78,24.78,24.84,24.84,24.94,24.97,25.0,24.82,24.8,24.75,24.78,24.56,24.75,24.8,24.8,24.88,24.84,25.01,24.82,24.88,24.88,25.0,24.76,24.81,24.88,24.81,24.96
42.93,26.34,24.5,24.86,24.64,24.78,24.52,24.5,24.56,24.69,24.81,24.71,24.61,24.67,24.71,24.79,24.76,24.98,24.66,24.41,24.78,24.81,24.66,24.49,24.75,24.78,24.78,24.75,24.69,24.79,24.84,24.6,24.69,24.89,24.8,24.78,24.76,24.69,24.56,24.76,24.64,24.69,24.88,24.77,24.62,24.66,24.93,24.76,24.5,24.88,24.58,24.76,24.75,24.76,24.75,24.78,24.82,24.87,24.77,24.68,24.88,24.88,24.84,24.73,24.59,24.55,24.88,24.82,24.7,24.64,24.84,24.88,24.69,24.8,24.92,24.88,24.84,24.94,24.88,24.78,24.54,24.88,24.86,24.78,24.56,24.59,24.74,24.81,24.69,24.62,24.75,24.81,25.0,25.0,24.96,24.72,24.61,24.7,24.95,24.66,24.59,24.66,24.8,24.93,24.96,24.86,24.75,25.03,25.03,25.09,24.94,24.88,24.73,24.66,24.91,24.84,24.59,24.86,24.77,24.75,24.96,24.96,24.75,25.1,25.03,25.03,25.1,24.78,24.78,24.66,24.91,24.84,24.68,24.81,24.77,24.85,24.86,24.75,25.03,25.38,25.31,25.0,25.0,24.88,24.78,24.66,24.95,24.83,24.78,25.0,24.88,24.93,24.75,24.96,25.21,25.46,25.4,25.06,25.06,24.91,24.78,24.75,24.94,24.78,25.01,24.73,24.88,24.85,24.85,24.86,25.14,25.56,25.38,25.19,25.04,24.88,24.78,24.86,24.69,24.88,24.84,24.88,25.0,25.0,24.8,24.86,25.41,25.75,25.42,25.35,25.22,24.84,24.75,24.66,24.67,24.94,24.78,24.75,24.88,24.94,24.75,24.92,25.0,25.32,25.68,25.62,25.16,24.92,24.9,24.67,24.56,24.88,24.66,24.92,24.92,24.75,24.88,24.78,24.78,25.0,25.34,25.54,25.12,24.82,24.74,24.71,24.98,24.84,24.88,24.81,24.83,24.76,24.78,24.84,24.84,24.92,24.99,24.98,24.81,24.78,24.77,24.78,24.56,24.75,24.78,24.78,24.88,24.84,25.03,24.81,24.88,24.88,25.0,24.76,24.82,24.9,24.78,24.96
43.02,26.34,24.5,24.78,24.67,24.78,24.56,24.54,24.56,24.64,24.82,24.71,24.61,24.65,24.78,24.88,24.79,24.94,24.56,24.46,24.78,24.82,24.66,24.47,24.75,24.75,24.78,24.75,24.69,24.77,24.79,24.66,24.72,24.79,24.78,24.78,24.76,24.69,24.54,24.74,24.69,24.69,24.84,24.76,24.6,24.71,24.95,24.8,24.48,24.88,24.69,24.76,24.71,24.71,24.72,24.82,24.83,24.82,24.8,24.73,24.88,24.88,24.84,24.66,24.63,24.55,24.88,24.76,24.64,24.69,24.88,24.93,24.69,24.75,24.91,24.88,24.88,24.94,24.84,24.78,24.54,24.88,24.88,24.74,24.56,24.59,24.79,24.81,24.69,24.62,24.75,24.84,25.0,25.0,24.95,24.78,24.61,24.72,24.89,24.68,24.62,24.68,24.78,24.95,24.92,24.86,24.75,25.03,25.03,25.05,24.94,24.88,24.75,24.69,24.96,24.81,24.59,24.86,24.79,24.75,24.92,24.95,24.78,25.14,25.03,25.03,25.07,24.79,24.78,24.69,24.93,24.84,24.7,24.81,24.82,24.81,24.86,24.75,25.03,25.41,25.31,25.0,25.0,24.88,24.79,24.61,24.89,24.82,24.82,25.0,24.88,24.95,24.75,24.92,25.26,25.46,25.36,25.08,25.06,24.96,24.82,24.81,24.92,24.78,24.98,24.77,24.88,24.83,24.81,24.86,25.14,25.56,25.39,25.15,24.99,24.88,24.78,24.86,24.64,24.88,24.84,24.85,25.0,25.0,24.78,24.86,25.41,25.79,25.42,25.31,25.18,24.84,24.75,24.71,24.67,24.88,24.82,24.79,24.88,24.94,24.74,24.91,25.0,25.33,25.68,25.58,25.16,24.92,24.96,24.67,24.61,24.88,24.66,24.92,24.94,24.75,24.88,24.82,24.82,24.94,25.34,25.58,25.09,24.82,24.76,24.78,24.89,24.84,24.88,24.81,24.84,24.75,24.82,24.88,24.84,24.92,24.95,24.97,24.84,24.76,24.75,24.78,24.63,24.75,24.78,24.74,24.88,24.84,25.03,24.84,24.84,24.84,25.0,24.8,24.92,24.92,24.78,24.89
43.15,26.34,24.5,24.66,24.67,24.78,24.65,24.61,24.56,24.56,24.82,24.71,24.61,24.65,24.88,25.01,24.79,24.94,24.44,24.57,24.78,24.82,24.66,24.47,24.75,24.68,24.78,24.75,24.69,24.77,24.71,24.75,24.72,24.66,24.78,24.78,24.76,24.69,24.54,24.74,24.75,24.69,24.78,24.76,24.6,24.78,24.95,24.88,24.48,24.88,24.87,24.76,24.63,24.64,24.66,24.88,24.83,24.77,24.85,24.8,24.88,24.88,24.84,24.58,24.72,24.55,24.88,24.69,24.58,24.75,24.94,25.0,24.69,24.69,24.91,24.88,24.94,24.94,24.78,24.78,24.54,24.88,24.88,24.67,24.56,24.59,24.86,24.81,24.69,24.62,24.75,24.91,25.0,25.0,24.95,24.84,24.61,24.72,24.82,24.68,24.68,24.74,24.78,24.95,24.86,24.86,24.75,25.03,25.03,25.0,24.94,24.88,24.75,24.77,25.03,24.74,24.59,24.86,24.79,24.75,24.86,24.95,24.83,25.2,25.03,25.03,25.0,24.79,24.78,24.77,24.93,24.84,24.7,24.81,24.89,24.75,24.86,24.75,25.03,25.46,25.31,25.0,25.0,24.88,24.79,24.54,24.82,24.82,24.88,25.0,24.88,24.95,24.75,24.86,25.31,25.46,25.31,25.08,25.06,25.01,24.88,24.88,24.92,24.78,24.92,24.82,24.88,24.83,24.75,24.86,25.14,25.56,25.39,25.1,24.94,24.88,24.78,24.86,24.56,24.88,24.84,24.79,25.0,25.0,24.78,24.86,25.41,25.84,25.42,25.25,25.12,24.84,24.75,24.79,24.67,24.81,24.88,24.84,24.88,24.94,24.74,24.91,25.0,25.33,25.68,25.53,25.16,24.92,25.03,24.67,24.71,24.88,24.66,24.92,24.94,24.75,24.88,24.88,24.88,24.88,25.34,25.64,25.02,24.82,24.76,24.88,24.78,24.84,24.88,24.81,24.84,24.75,24.88,24.94,24.84,24.92,24.88,24.97,24.92,24.76,24.67,24.78,24.76,24.75,24.78,24.65,24.88,24.84,25.03,24.92,24.77,24.77,25.0,24.88,25.09,24.92,24.78,24.76
43.24,26.34,24.5,24.66,24.61,24.71,24.63,24.65,24.56,24.56,24.79,24.68,24.55,24.65,24.92,24.92,24.82,24.94,24.53,24.62,24.78,24.77,24.66,24.53,24.73,24.64,24.78,24.75,24.69,24.81,24.68,24.75,24.66,24.66,24.75,24.78,24.72,24.69,24.59,24.74,24.8,24.66,24.75,24.76,24.65,24.78,24.91,24.86,24.52,24.85,24.93,24.72,24.59,24.6,24.66,24.88,24.78,24.74,24.84,24.85,24.88,24.88,24.84,24.58,24.76,24.62,24.88,24.69,24.54,24.78,24.92,25.0,24.7,24.69,24.89,24.91,24.94,24.94,24.75,24.78,24.59,24.85,24.84,24.63,24.58,24.59,24.91,24.78,24.69,24.67,24.75,24.89,25.0,25.0,24.89,24.84,24.66,24.74,24.77,24.64,24.71,24.78,24.81,24.9,24.82,24.82,24.76,25.03,25.03,25.0,24.94,24.86,24.8,24.82,25.03,24.71,24.59,24.91,24.81,24.76,24.8,24.93,24.88,25.24,25.03,25.03,24.92,24.76,24.78,24.82,24.88,24.84,24.7,24.77,24.93,24.75,24.82,24.76,25.05,25.5,25.3,25.0,25.0,24.88,24.84,24.61,24.77,24.75,24.86,25.0,24.92,24.92,24.75,24.82,25.3,25.5,25.31,25.08,25.02,24.96,24.92,24.94,24.92,24.78,24.82,24.87,24.92,24.86,24.75,24.82,25.1,25.56,25.39,25.08,24.94,24.88,24.78,24.91,24.58,24.83,24.84,24.76,25.0,24.98,24.81,24.82,25.39,25.84,25.46,25.26,25.06,24.83,24.75,24.84,24.73,24.75,24.92,24.84,24.89,24.94,24.78,24.91,25.0,25.33,25.72,25.54,25.16,24.87,25.03,24.73,24.76,24.86,24.66,24.87,24.94,24.81,24.88,24.88,24.88,24.89,25.39,25.68,24.99,24.77,24.72,24.95,24.78,24.8,24.88,24.75,24.84,24.83,24.92,24.97,24.84,24.87,24.9,24.97,24.92,24.76,24.62,24.78,24.86,24.75,24.73,24.61,24.88,24.9,25.03,24.92,24.79,24.77,24.98,24.98,25.07,24.88,24.78,24.76
43.37,26.34,24.5,24.66,24.61,24.62,24.54,24.65,24.56,24.56,24.79,24.68,24.46,24.65,24.92,24.81,24.95,24.94,24.66,24.62,24.78,24.69,24.66,24.61,24.66,24.64,24.78,24.75,24.69,24.81,24.68,24.75,24.66,24.66,24.65,24.78,24.72,24.69,24.66,24.74,24.86,24.66,24.75,24.76,24.72,24.78,24.91,24.78,24.52,24.74,25.01,24.72,24.59,24.6,24.66,24.88,24.71,24.74,24.78,24.92,24.88,24.88,24.84,24.58,24.76,24.72,24.88,24.69,24.54,24.78,24.87,25.0,24.77,24.69,24.83,24.91,24.94,24.94,24.75,24.78,24.67,24.77,24.84,24.63,24.63,24.59,24.98,24.78,24.69,24.73,24.75,24.83,25.0,25.0,24.76,24.84,24.73,24.82,24.7,24.64,24.71,24.84,24.81,24.85,24.76,24.76,24.82,25.03,25.03,25.0,24.94,24.8,24.87,24.9,25.03,24.71,24.59,24.98,24.88,24.82,24.69,24.88,24.93,25.3,25.03,25.03,24.88,24.76,24.78,24.9,24.81,24.84,24.7,24.7,24.93,24.75,24.76,24.82,25.1,25.55,25.24,25.0,25.0,24.88,24.91,24.75,24.7,24.61,24.8,25.0,24.98,24.92,24.75,24.76,25.24,25.55,25.31,25.08,24.95,24.89,24.92,25.01,24.92,24.78,24.69,24.92,24.98,24.86,24.75,24.76,25.05,25.56,25.39,25.08,24.94,24.88,24.78,24.98,24.66,24.77,24.84,24.76,25.0,24.92,24.81,24.76,25.39,25.84,25.52,25.32,25.0,24.76,24.75,24.92,24.82,24.68,24.92,24.84,24.96,24.94,24.84,24.91,25.0,25.33,25.77,25.59,25.16,24.8,25.03,24.82,24.76,24.78,24.66,24.8,24.94,24.93,24.88,24.88,24.88,24.96,25.45,25.74,24.99,24.7,24.72,25.04,24.78,24.8,24.88,24.68,24.84,24.9,24.92,24.97,24.84,24.8,24.97,24.97,24.92,24.76,24.62,24.78,24.99,24.75,24.73,24.61,24.88,24.98,25.03,24.92,24.86,24.77,24.9,25.07,24.98,24.88,24.78,24.76
43.46,26.34,24.5,24.66,24.61,24.59,24.52,24.65,24.56,24.56,24.79,24.71,24.44,24.69,24.88,24.78,24.99,25.01,24.69,24.62,24.78,24.64,24.66,24.67,24.61,24.64,24.78,24.75,24.69,24.81,24.71,24.75,24.66,24.66,24.62,24.78,24.76,24.69,24.71,24.78,24.88,24.69,24.75,24.79,24.78,24.78,24.91,24.76,24.52,24.66,25.08,24.76,24.59,24.64,24.62,24.88,24.66,24.77,24.77,24.94,24.88,24.88,24.84,24.62,24.76,24.75,24.88,24.69,24.58,24.75,24.82,25.0,24.81,24.69,24.81,24.88,24.94,24.94,24.75,24.78,24.69,24.7,24.84,24.63,24.68,24.59,25.0,24.81,24.69,24.75,24.75,24.81,25.0,25.0,24.73,24.84,24.75,24.84,24.69,24.64,24.71,24.88,24.81,24.81,24.75,24.75,24.86,25.03,25.03,25.0,24.94,24.75,24.85,24.96,25.03,24.71,24.59,25.0,24.89,24.86,24.62,24.86,24.98,25.31,25.03,25.03,24.86,24.76,24.78,24.96,24.76,24.84,24.66,24.69,24.89,24.75,24.75,24.86,25.14,25.56,25.2,25.0,25.0,24.88,24.9,24.82,24.69,24.58,24.76,25.0,25.0,24.92,24.75,24.75,25.2,25.56,25.31,25.05,24.94,24.88,24.92,25.03,24.96,24.78,24.62,24.94,25.0,24.86,24.75,24.75,25.03,25.56,25.36,25.1,24.94,24.88,24.78,25.0,24.71,24.75,24.84,24.76,25.0,24.88,24.81,24.75,25.41,25.84,25.53,25.36,24.94,24.71,24.75,24.94,24.84,24.66,24.92,24.84,25.01,24.94,24.88,24.94,25.0,25.31,25.78,25.63,25.16,24.78,25.03,24.84,24.76,24.72,24.66,24.78,24.91,24.99,24.88,24.88,24.88,25.01,25.47,25.75,24.99,24.69,24.72,25.06,24.78,24.84,24.88,24.66,24.81,24.92,24.92,24.97,24.84,24.78,24.99,25.0,24.96,24.8,24.58,24.78,25.09,24.75,24.78,24.61,24.88,25.0,25.03,24.96,24.88,24.73,24.84,25.09,24.96,24.88,24.78,24.69
43.59,26.34,24.63,24.66,24.61,24.59,24.61,24.72,24.56,24.56,24.71,24.79,24.52,24.69,24.78,24.78,24.99,25.16,24.69,24.62,24.69,24.56,24.73,24.75,24.54,24.58,24.71,24.75,24.69,24.81,24.71,24.75,24.66,24.66,24.72,24.69,24.76,24.76,24.78,24.84,24.88,24.69,24.75,24.84,24.78,24.78,24.84,24.76,24.61,24.66,25.08,24.76,24.59,24.71,24.56,24.82,24.59,24.77,24.82,24.94,24.82,24.88,24.84,24.69,24.84,24.75,24.8,24.69,24.64,24.75,24.77,24.93,24.88,24.69,24.88,24.88,24.94,24.94,24.75,24.78,24.69,24.61,24.76,24.63,24.73,24.66,24.93,24.81,24.69,24.81,24.81,24.81,24.94,25.0,24.8,24.84,24.75,24.76,24.69,24.71,24.76,24.94,24.81,24.81,24.75,24.75,24.92,24.98,25.03,25.0,24.94,24.82,24.78,24.96,24.96,24.71,24.65,25.0,24.82,24.86,24.62,24.86,25.03,25.26,25.03,24.96,24.86,24.76,24.78,24.96,24.69,24.84,24.66,24.75,24.82,24.75,24.75,24.86,25.2,25.51,25.14,25.0,25.0,24.88,24.84,24.82,24.69,24.64,24.76,25.0,25.0,24.86,24.75,24.81,25.2,25.56,25.31,25.0,24.94,24.88,24.92,24.96,24.96,24.78,24.62,24.94,24.94,24.86,24.75,24.81,25.09,25.56,25.31,25.1,24.94,24.93,24.85,25.0,24.79,24.75,24.84,24.76,25.0,24.81,24.81,24.75,25.46,25.84,25.53,25.36,24.88,24.71,24.75,24.94,24.84,24.66,24.92,24.91,25.01,24.88,24.94,24.94,25.0,25.25,25.73,25.63,25.16,24.78,25.03,24.84,24.86,24.65,24.66,24.78,24.91,25.04,24.88,24.82,24.88,25.01,25.47,25.75,24.92,24.69,24.65,25.06,24.78,24.84,24.88,24.73,24.81,24.99,24.92,24.97,24.78,24.85,24.92,25.06,25.03,24.8,24.58,24.78,25.09,24.75,24.88,24.61,24.88,25.0,25.03,24.96,24.88,24.73,24.84,25.09,24.96,24.78,24.78,24.56
43.7,26.34,24.73,24.66,24.7,24.59,24.61,24.72,24.56,24.56,24.71,24.84,24.59,24.63,24.71,24.78,25.09,25.16,24.69,24.54,24.63,24.56,24.79,24.75,24.49,24.58,24.66,24.75,24.69,24.75,24.71,24.75,24.74,24.66,24.72,24.63,24.76,24.82,24.78,24.84,24.88,24.69,24.8,24.84,24.72,24.78,24.84,24.7,24.61,24.66,25.01,24.76,24.65,24.76,24.56,24.78,24.59,24.77,24.82,24.94,24.78,24.88,24.84,24.69,24.84,24.75,24.74,24.69,24.7,24.75,24.73,24.88,24.92,24.69,24.88,24.88,24.94,24.94,24.8,24.78,24.69,24.55,24.76,24.69,24.77,24.71,24.88,24.81,24.69,24.85,24.85,24.77,24.89,25.0,24.8,24.84,24.75,24.76,24.69,24.82,24.76,24.94,24.77,24.85,24.75,24.75,24.96,24.93,25.03,25.0,24.94,24.87,24.78,24.9,24.91,24.76,24.69,25.0,24.82,24.86,24.62,24.82,25.03,25.21,25.03,24.91,24.91,24.8,24.78,24.9,24.69,24.84,24.71,24.8,24.77,24.75,24.75,24.86,25.24,25.48,25.1,25.0,25.0,24.88,24.84,24.82,24.69,24.64,24.76,25.0,25.0,24.86,24.75,24.85,25.2,25.56,25.31,25.0,24.94,24.88,24.87,24.9,24.9,24.78,24.67,24.94,24.89,24.82,24.75,24.85,25.13,25.56,25.31,25.1,24.94,24.97,24.9,25.0,24.84,24.75,24.84,24.8,25.0,24.77,24.77,24.75,25.5,25.84,25.53,25.36,24.88,24.71,24.75,24.94,24.84,24.66,24.87,24.95,25.01,24.84,24.94,24.89,25.0,25.25,25.69,25.63,25.16,24.78,25.03,24.84,24.86,24.59,24.66,24.78,24.95,25.09,24.88,24.78,24.88,25.01,25.47,25.75,24.92,24.69,24.65,25.06,24.78,24.84,24.88,24.79,24.86,24.99,24.87,24.92,24.72,24.9,24.92,25.06,25.03,24.74,24.71,24.78,24.99,24.75,24.95,24.67,24.88,25.0,25.03,24.9,24.94,24.79,24.84,25.03,24.89,24.78,24.78,24.56
43.82,26.34,24.76,24.66,24.81,24.59,24.61,24.67,24.56,24.62,24.77,24.86,24.61,24.61,24.69,24.78,25.12,25.05,24.69,24.51,24.61,24.56,24.75,24.75,24.48,24.63,24.64,24.7,24.69,24.73,24.77,24.75,24.85,24.66,24.72,24.61,24.82,24.84,24.78,24.84,24.88,24.69,24.81,24.84,24.71,24.78,24.89,24.61,24.61,24.66,24.99,24.82,24.73,24.78,24.56,24.76,24.65,24.77,24.78,24.94,24.76,24.92,24.84,24.69,24.78,24.75,24.72,24.69,24.76,24.7,24.71,24.86,24.94,24.69,24.88,24.88,24.94,24.94,24.86,24.78,24.69,24.52,24.82,24.76,24.79,24.78,24.81,24.86,24.69,24.86,24.86,24.7,24.88,25.04,24.8,24.84,24.7,24.82,24.74,24.9,24.76,24.9,24.7,24.9,24.79,24.75,24.98,24.92,25.03,25.0,24.94,24.89,24.78,24.82,24.89,24.83,24.75,24.95,24.82,24.86,24.62,24.76,24.99,25.16,25.03,24.89,24.98,24.86,24.73,24.82,24.69,24.89,24.78,24.81,24.7,24.75,24.79,24.9,25.26,25.42,25.09,25.0,25.04,24.88,24.79,24.82,24.69,24.64,24.76,24.95,24.95,24.86,24.75,24.9,25.2,25.52,25.27,25.0,24.98,24.93,24.8,24.82,24.82,24.78,24.73,24.9,24.83,24.76,24.75,24.9,25.19,25.52,25.27,25.1,24.98,25.03,24.92,24.95,24.86,24.8,24.89,24.86,24.95,24.7,24.7,24.79,25.51,25.8,25.49,25.36,24.93,24.75,24.8,24.88,24.84,24.71,24.85,24.97,25.01,24.78,24.94,24.88,25.04,25.25,25.64,25.63,25.16,24.78,25.08,24.84,24.79,24.58,24.66,24.83,24.97,25.05,24.88,24.72,24.88,25.06,25.47,25.71,24.92,24.69,24.71,25.06,24.78,24.84,24.88,24.86,24.92,24.94,24.8,24.86,24.75,24.97,24.92,25.02,24.98,24.72,24.89,24.78,24.86,24.75,25.04,24.76,24.88,25.0,25.03,24.88,25.01,24.86,24.84,24.89,24.8,24.85,24.78,24.56
43.9,26.34,24.76,24.66,24.84,24.59,24.63,24.65,24.56,24.66,24.79,24.84,24.61,24.61,24.71,24.78,25.09,24.98,24.69,24.54,24.61,24.56,24.72,24.75,24.49,24.64,24.64,24.66,24.69,24.75,24.79,24.75,24.88,24.66,24.75,24.61,24.84,24.84,24.78,24.84,24.88,24.67,24.8,24.84,24.71,24.78,24.91,24.59,24.63,24.69,24.99,24.84,24.75,24.76,24.56,24.76,24.68,24.75,24.77,24.94,24.76,24.95,24.84,24.69,24.76,24.75,24.72,24.69,24.78,24.69,24.73,24.86,24.92,24.69,24.89,24.89,24.94,24.94,24.88,24.78,24.69,24.55,24.84,24.78,24.77,24.82,24.78,24.88,24.69,24.86,24.86,24.69,24.88,25.06,24.82,24.84,24.66,24.84,24.77,24.92,24.78,24.87,24.69,24.93,24.82,24.75,24.96,24.92,25.03,25.0,24.94,24.9,24.78,24.79,24.89,24.84,24.78,24.91,24.81,24.85,24.64,24.75,24.96,25.13,25.03,24.89,25.0,24.88,24.7,24.79,24.69,24.92,24.82,24.81,24.69,24.75,24.82,24.92,25.24,25.4,25.1,25.0,25.06,24.88,24.76,24.81,24.69,24.66,24.78,24.91,24.92,24.85,24.75,24.93,25.21,25.5,25.24,25.0,25.02,24.96,24.78,24.79,24.79,24.78,24.77,24.87,24.8,24.75,24.75,24.93,25.21,25.5,25.24,25.09,25.01,25.06,24.92,24.91,24.84,24.83,24.92,24.88,24.91,24.69,24.69,24.82,25.5,25.77,25.46,25.35,24.96,24.8,24.83,24.84,24.84,24.75,24.87,24.97,25.0,24.75,24.94,24.88,25.06,25.25,25.62,25.62,25.16,24.78,25.11,24.84,24.76,24.59,24.66,24.87,24.97,25.01,24.88,24.69,24.88,25.08,25.47,25.68,24.9,24.69,24.72,25.06,24.78,24.82,24.88,24.9,24.95,24.92,24.78,24.84,24.78,25.0,24.9,24.98,24.94,24.72,24.96,24.78,24.79,24.75,25.06,24.78,24.88,25.0,25.03,24.88,25.03,24.9,24.86,24.83,24.78,24.88,24.78,24.56
44.01,26.34,24.76,24.66,24.84,24.59,24.67,24.65,24.56,24.69,24.77,24.79,24.61,24.61,24.78,24.78,24.99,24.87,24.72,24.62,24.61,24.58,24.69,24.75,24.54,24.66,24.63,24.63,24.69,24.79,24.79,24.75,24.85,24.66,24.83,24.61,24.84,24.82,24.76,24.83,24.88,24.64,24.75,24.83,24.71,24.78,24.91,24.59,24.69,24.77,24.99,24.84,24.77,24.71,24.56,24.75,24.73,24.73,24.77,24.94,24.76,24.99,24.84,24.69,24.76,24.75,24.71,24.69,24.78,24.69,24.75,24.86,24.89,24.69,24.92,24.94,24.94,24.94,24.88,24.76,24.69,24.59,24.84,24.8,24.73,24.87,24.72,24.88,24.69,24.86,24.86,24.69,24.86,25.09,24.87,24.84,24.63,24.82,24.81,24.92,24.82,24.82,24.7,24.96,24.86,24.75,24.92,24.92,25.03,25.0,24.94,24.95,24.76,24.73,24.89,24.84,24.84,24.88,24.76,24.81,24.7,24.75,24.92,25.09,25.02,24.89,25.0,24.88,24.66,24.73,24.69,24.97,24.87,24.83,24.69,24.75,24.86,24.9,25.2,25.38,25.13,25.0,25.09,24.89,24.72,24.76,24.69,24.71,24.82,24.88,24.88,24.81,24.75,24.98,25.26,25.48,25.2,25.0,25.05,25.01,24.78,24.73,24.73,24.76,24.81,24.84,24.77,24.75,24.75,24.98,25.26,25.48,25.21,25.05,25.04,25.09,24.92,24.86,24.79,24.88,24.95,24.88,24.88,24.7,24.7,24.85,25.48,25.75,25.42,25.31,25.01,24.88,24.88,24.81,24.86,24.79,24.9,24.97,24.94,24.73,24.94,24.86,25.09,25.25,25.58,25.58,25.14,24.78,25.12,24.86,24.79,24.65,24.66,24.9,24.97,24.93,24.88,24.66,24.88,25.06,25.47,25.65,24.87,24.69,24.72,25.06,24.78,24.75,24.88,24.94,25.0,24.92,24.78,24.84,24.82,25.06,24.87,24.95,24.9,24.71,25.01,24.78,24.73,24.75,25.04,24.78,24.88,25.0,25.03,24.88,25.03,24.96,24.92,24.78,24.78,24.85,24.78,24.56
44.13,26.34,24.76,24.66,24.84,24.59,24.67,24.65,24.56,24.69,24.69,24.71,24.61,24.61,24.88,24.78,24.86,24.72,24.84,24.72,24.61,24.66,24.69,24.75,24.61,24.73,24.56,24.63,24.69,24.79,24.79,24.75,24.74,24.66,24.94,24.61,24.84,24.75,24.7,24.76,24.88,24.64,24.69,24.77,24.71,24.78,24.91,24.59,24.78,24.88,24.99,24.84,24.83,24.64,24.56,24.69,24.8,24.73,24.77,24.94,24.76,25.04,24.84,24.69,24.76,24.75,24.63,24.69,24.78,24.69,24.75,24.86,24.89,24.69,24.92,25.0,24.94,24.94,24.88,24.7,24.69,24.59,24.84,24.87,24.68,24.94,24.66,24.88,24.69,24.86,24.86,24.69,24.8,25.09,24.94,24.84,24.63,24.74,24.81,24.92,24.88,24.77,24.77,24.96,24.92,24.75,24.86,24.92,25.03,25.0,24.94,25.01,24.7,24.66,24.89,24.84,24.96,24.88,24.69,24.75,24.82,24.75,24.86,25.03,24.96,24.89,25.0,24.88,24.66,24.66,24.69,25.03,24.94,24.89,24.69,24.75,24.92,24.85,25.14,25.38,25.13,25.0,25.09,24.96,24.72,24.69,24.69,24.78,24.88,24.88,24.81,24.75,24.75,25.03,25.31,25.48,25.14,25.0,25.05,25.08,24.78,24.66,24.66,24.7,24.88,24.84,24.77,24.75,24.75,25.03,25.31,25.48,25.21,25.0,25.04,25.09,24.92,24.79,24.71,24.94,24.95,24.88,24.88,24.77,24.77,24.85,25.48,25.75,25.36,25.25,25.08,24.95,24.94,24.81,24.95,24.79,24.9,24.97,24.88,24.73,24.94,24.8,25.09,25.25,25.53,25.53,25.08,24.78,25.05,24.95,24.89,24.72,24.66,24.9,24.97,24.88,24.88,24.66,24.88,25.0,25.47,25.65,24.87,24.69,24.72,25.06,24.78,24.66,24.88,24.94,25.06,24.92,24.78,24.84,24.82,25.12,24.87,24.95,24.9,24.63,25.01,24.78,24.73,24.75,24.95,24.78,24.88,25.0,25.03,24.88,25.03,25.03,25.0,24.78,24.78,24.76,24.78,24.56
44.23,26.34,24.66,24.66,24.84,24.59,24.61,24.59,24.56,24.69,24.69,24.66,24.55,24.67,24.95,24.78,24.76,24.62,24.94,24.8,24.67,24.71,24.63,24.75,24.66,24.83,24.56,24.63,24.69,24.79,24.84,24.75,24.66,24.66,24.94,24.67,24.9,24.64,24.64,24.71,24.88,24.69,24.64,24.73,24.76,24.78,24.97,24.59,24.78,24.88,25.05,24.9,24.88,24.59,24.56,24.69,24.85,24.77,24.73,24.94,24.8,25.09,24.84,24.69,24.7,24.75,24.63,24.69,24.78,24.64,24.75,24.91,24.89,24.69,24.88,25.0,24.94,24.94,24.88,24.64,24.69,24.59,24.9,24.92,24.63,24.94,24.66,24.92,24.69,24.82,24.82,24.69,24.8,25.09,24.94,24.84,24.63,24.74,24.81,24.87,24.88,24.73,24.81,24.92,24.96,24.75,24.82,24.96,25.03,25.0,24.94,24.96,24.64,24.66,24.95,24.84,25.01,24.88,24.69,24.75,24.86,24.75,24.82,25.03,24.92,24.95,25.0,24.88,24.66,24.66,24.69,25.08,24.94,24.89,24.69,24.75,24.96,24.85,25.1,25.41,25.13,25.0,25.09,25.01,24.72,24.69,24.69,24.78,24.88,24.88,24.77,24.75,24.75,25.03,25.31,25.48,25.1,25.0,25.05,25.13,24.78,24.66,24.66,24.64,24.88,24.84,24.81,24.75,24.75,25.03,25.31,25.48,25.21,25.0,25.04,25.04,24.87,24.74,24.66,24.98,24.95,24.88,24.88,24.81,24.81,24.85,25.48,25.75,25.32,25.25,25.13,24.95,24.98,24.81,25.01,24.79,24.9,24.92,24.88,24.77,24.94,24.8,25.09,25.25,25.53,25.53,25.03,24.78,24.99,25.01,24.89,24.78,24.66,24.9,24.92,24.84,24.88,24.71,24.88,25.0,25.47,25.65,24.92,24.69,24.78,25.06,24.78,24.66,24.88,24.88,25.06,24.87,24.78,24.84,24.87,25.12,24.92,24.95,24.9,24.63,24.94,24.78,24.82,24.75,24.88,24.78,24.88,25.0,25.03,24.94,25.03,25.03,25.0,24.78,24.78,24.76,24.78,24.56
44.34,26.34,24.53,24.66,24.72,24.51,24.52,24.59,24.64,24.77,24.69,24.58,24.46,24.76,24.95,24.78,24.63,24.62,24.94,24.91,24.76,24.71,24.55,24.75,24.73,24.83,24.63,24.63,24.69,24.86,24.84,24.66,24.66,24.66,24.94,24.76,24.9,24.57,24.64,24.64,24.88,24.69,24.64,24.73,24.83,24.71,24.97,24.59,24.78,24.88,25.05,24.9,24.88,24.59,24.62,24.69,24.85,24.77,24.73,24.94,24.86,25.09,24.9,24.76,24.61,24.75,24.71,24.69,24.78,24.64,24.75,24.91,24.89,24.75,24.88,24.94,24.88,24.94,24.93,24.64,24.69,24.68,24.9,24.99,24.63,24.94,24.66,24.92,24.69,24.82,24.76,24.69,24.8,25.09,24.94,24.84,24.63,24.66,24.81,24.8,24.88,24.67,24.81,24.86,24.96,24.75,24.76,24.96,25.03,25.0,24.94,24.89,24.64,24.66,25.01,24.84,25.01,24.81,24.69,24.75,24.86,24.81,24.82,25.03,24.86,25.01,25.05,24.88,24.66,24.73,24.69,25.08,24.94,24.83,24.69,24.75,24.96,24.85,25.05,25.41,25.13,25.0,25.14,25.01,24.72,24.69,24.69,24.78,24.88,24.81,24.7,24.75,24.75,25.03,25.31,25.42,25.05,25.05,25.11,25.13,24.78,24.66,24.73,24.64,24.88,24.78,24.88,24.81,24.81,25.03,25.26,25.42,25.21,25.05,25.09,24.99,24.8,24.67,24.58,25.05,25.02,24.88,24.81,24.88,24.88,24.9,25.48,25.69,25.26,25.25,25.2,25.02,25.05,24.73,25.01,24.79,24.9,24.86,24.88,24.82,24.94,24.86,25.14,25.31,25.58,25.53,24.97,24.78,24.99,25.01,24.89,24.78,24.66,24.9,24.86,24.78,24.88,24.76,24.88,25.06,25.53,25.6,24.92,24.69,24.86,25.06,24.89,24.66,24.88,24.81,25.06,24.87,24.78,24.84,24.94,25.12,24.99,24.95,24.82,24.63,24.84,24.78,24.82,24.75,24.78,24.78,24.88,25.07,25.03,24.94,24.96,25.03,25.0,24.78,24.78,24.76,24.78,24.56
44.44,26.34,24.5,24.66,24.64,24.44,24.45,24.63,24.69,24.79,24.66,24.56,24.44,24.78,24.9,24.78,24.59,24.69,24.94,24.94,24.78,24.71,24.57,24.75,24.75,24.8,24.64,24.66,24.69,24.88,24.81,24.6,24.66,24.66,24.94,24.78,24.86,24.55,24.64,24.59,24.88,24.69,24.67,24.73,24.84,24.66,24.93,24.59,24.78,24.88,25.01,24.86,24.88,24.62,24.67,24.66,24.82,24.77,24.75,24.94,24.88,25.06,24.94,24.82,24.59,24.75,24.72,24.69,24.78,24.67,24.73,24.88,24.92,24.8,24.88,24.89,24.84,24.94,24.97,24.64,24.69,24.7,24.86,25.04,24.66,24.94,24.66,24.89,24.69,24.85,24.75,24.69,24.77,25.06,24.94,24.84,24.66,24.56,24.77,24.78,24.88,24.66,24.81,24.82,24.93,24.75,24.75,24.93,25.03,25.0,24.94,24.88,24.64,24.66,25.03,24.84,25.01,24.79,24.69,24.75,24.86,24.85,24.85,25.03,24.82,25.03,25.09,24.88,24.7,24.79,24.69,25.05,24.94,24.81,24.69,24.75,24.93,24.82,25.03,25.41,25.1,25.0,25.15,25.01,24.76,24.69,24.69,24.78,24.88,24.79,24.69,24.75,24.75,25.03,25.31,25.41,25.03,25.09,25.12,25.1,24.78,24.66,24.79,24.64,24.88,24.77,24.92,24.85,24.85,25.03,25.21,25.41,25.24,25.09,25.11,24.95,24.78,24.66,24.56,25.06,25.03,24.88,24.79,24.92,24.92,24.92,25.5,25.68,25.25,25.25,25.22,25.03,25.06,24.71,25.01,24.75,24.87,24.84,24.88,24.87,24.94,24.88,25.15,25.35,25.62,25.53,24.92,24.78,24.96,25.01,24.94,24.74,24.66,24.87,24.84,24.8,24.88,24.8,24.88,25.08,25.58,25.58,24.92,24.69,24.88,25.06,24.98,24.66,24.88,24.75,25.06,24.9,24.78,24.84,24.92,25.12,25.04,24.98,24.81,24.59,24.77,24.78,24.82,24.75,24.71,24.78,24.88,25.12,25.03,24.9,24.9,25.03,25.0,24.83,24.78,24.71,24.78,24.56
44.55,26.34,24.6,24.66,24.61,24.42,24.43,24.71,24.77,24.73,24.58,24.56,24.5,24.78,24.8,24.78,24.69,24.83,24.94,24.86,24.72,24.77,24.7,24.75,24.75,24.78,24.64,24.78,24.69,24.82,24.73,24.58,24.66,24.66,24.86,24.78,24.84,24.55,24.59,24.52,24.83,24.69,24.73,24.69,24.84,24.64,24.91,24.59,24.78,24.8,24.93,24.78,24.88,24.69,24.69,24.61,24.8,24.81,24.77,24.94,24.88,25.0,24.96,24.84,24.59,24.75,24.72,24.74,24.78,24.69,24.67,24.81,24.94,24.86,24.83,24.83,24.78,24.94,25.03,24.64,24.69,24.63,24.84,25.06,24.72,24.89,24.66,24.88,24.69,24.86,24.75,24.69,24.7,25.01,24.94,24.84,24.73,24.46,24.76,24.78,24.83,24.66,24.81,24.76,24.92,24.75,24.79,24.88,25.03,25.0,24.94,24.88,24.64,24.71,24.98,24.84,24.97,24.79,24.69,24.75,24.9,24.86,24.86,25.03,24.81,25.03,25.14,24.88,24.76,24.81,24.69,25.03,24.94,24.86,24.69,24.75,24.88,24.76,25.07,25.37,25.05,25.05,25.11,25.06,24.78,24.69,24.74,24.78,24.88,24.85,24.69,24.75,24.79,25.03,25.27,25.45,25.07,25.14,25.08,25.03,24.78,24.66,24.86,24.64,24.88,24.81,24.94,24.86,24.9,25.03,25.16,25.45,25.3,25.14,25.06,24.89,24.78,24.66,24.62,25.06,24.98,24.83,24.85,24.98,24.98,24.92,25.55,25.68,25.25,25.25,25.22,25.03,25.02,24.71,25.01,24.73,24.8,24.84,24.88,24.92,24.94,24.88,25.11,25.36,25.67,25.53,24.91,24.78,24.84,24.94,25.04,24.72,24.66,24.8,24.84,24.86,24.88,24.91,24.88,25.03,25.59,25.62,24.97,24.74,24.88,24.99,25.01,24.73,24.88,24.68,25.02,24.92,24.83,24.89,24.86,25.07,25.11,25.05,24.86,24.58,24.68,24.78,24.92,24.75,24.69,24.72,24.88,25.08,25.03,24.88,24.82,25.03,25.0,24.92,24.85,24.62,24.7,24.56
44.66,26.34,24.7,24.66,24.61,24.42,24.48,24.76,24.82,24.71,24.56,24.56,24.57,24.78,24.73,24.78,24.79,24.94,24.88,24.78,24.65,24.79,24.77,24.75,24.75,24.75,24.68,24.84,24.69,24.81,24.68,24.58,24.72,24.66,24.78,24.78,24.84,24.58,24.58,24.5,24.78,24.66,24.78,24.68,24.84,24.64,24.91,24.59,24.78,24.72,24.87,24.72,24.84,24.74,24.69,24.59,24.8,24.82,24.77,24.94,24.88,24.96,24.96,24.84,24.59,24.75,24.76,24.8,24.78,24.69,24.66,24.76,24.91,24.91,24.81,24.78,24.74,24.94,25.07,24.68,24.69,24.61,24.84,25.02,24.76,24.83,24.66,24.88,24.69,24.86,24.75,24.69,24.69,25.0,24.94,24.84,24.75,24.44,24.79,24.78,24.79,24.66,24.78,24.75,24.92,24.75,24.83,24.83,25.03,25.0,24.94,24.88,24.68,24.77,24.93,24.84,24.89,24.76,24.69,24.75,24.92,24.86,24.86,25.03,24.83,25.03,25.18,24.88,24.78,24.81,24.69,25.03,24.94,24.88,24.69,24.75,24.83,24.75,25.12,25.3,25.03,25.09,25.1,25.08,24.74,24.69,24.79,24.78,24.88,24.86,24.69,24.75,24.83,25.03,25.23,25.46,25.12,25.18,25.06,24.98,24.78,24.66,24.92,24.68,24.88,24.82,24.91,24.86,24.95,25.03,25.12,25.46,25.31,25.18,25.05,24.88,24.78,24.66,24.68,25.06,24.97,24.79,24.86,25.0,25.0,24.95,25.56,25.65,25.25,25.25,25.22,25.06,24.97,24.68,24.97,24.77,24.78,24.84,24.88,24.94,24.94,24.91,25.1,25.36,25.71,25.53,24.94,24.78,24.81,24.83,25.06,24.72,24.66,24.78,24.84,24.88,24.88,24.98,24.88,25.01,25.59,25.64,24.99,24.79,24.88,24.92,25.01,24.8,24.88,24.66,24.97,24.92,24.88,24.94,24.84,25.02,25.12,25.06,24.88,24.61,24.66,24.78,24.96,24.75,24.73,24.65,24.88,25.02,25.03,24.88,24.77,25.03,25.0,24.94,24.91,24.59,24.61,24.56
44.79,26.34,24.83,24.66,24.55,24.42,24.52,24.8,24.86,24.71,24.56,24.56,24.61,24.78,24.69,24.78,24.86,25.01,24.75,24.67,24.61,24.79,24.81,24.75,24.78,24.68,24.75,24.88,24.69,24.84,24.64,24.58,24.77,24.66,24.67,24.78,24.84,24.65,24.58,24.5,24.72,24.62,24.84,24.68,24.84,24.64,24.91,24.59,24.78,24.61,24.79,24.68,24.78,24.78,24.69,24.62,24.8,24.82,24.8,24.94,24.88,24.93,24.98,24.84,24.59,24.75,24.84,24.88,24.75,24.69,24.66,24.69,24.84,24.94,24.81,24.72,24.71,24.94,25.1,24.75,24.69,24.66,24.84,24.95,24.79,24.8,24.69,24.88,24.69,24.86,24.75,24.69,24.72,25.0,24.94,24.84,24.75,24.48,24.86,24.78,24.73,24.66,24.72,24.78,24.92,24.75,24.86,24.81,25.03,25.0,24.94,24.88,24.75,24.84,24.89,24.84,24.77,24.69,24.69,24.75,24.92,24.86,24.89,25.0,24.89,25.03,25.22,24.85,24.75,24.81,24.72,25.0,24.9,24.84,24.72,24.78,24.81,24.75,25.14,25.22,25.06,25.12,25.1,25.05,24.71,24.69,24.86,24.78,24.91,24.83,24.69,24.75,24.89,25.03,25.17,25.44,25.17,25.2,25.06,24.91,24.75,24.69,24.99,24.78,24.88,24.8,24.88,24.89,25.0,25.0,25.06,25.46,25.31,25.22,25.08,24.88,24.78,24.66,24.75,25.06,24.97,24.76,24.83,25.0,24.97,25.0,25.54,25.59,25.25,25.25,25.22,25.09,24.91,24.6,24.88,24.84,24.78,24.84,24.88,24.91,24.97,24.97,25.1,25.36,25.73,25.53,24.97,24.82,24.81,24.71,25.01,24.72,24.69,24.82,24.84,24.88,24.88,25.05,24.88,25.01,25.59,25.61,24.99,24.86,24.84,24.83,25.01,24.89,24.88,24.66,24.91,24.92,24.92,25.0,24.84,24.95,25.12,25.06,24.88,24.69,24.66,24.72,24.89,24.75,24.78,24.61,24.84,24.98,25.03,24.88,24.73,24.99,24.96,24.98,24.96,24.64,24.5,24.56
44.9,26.34,24.93,24.66,24.49,24.44,24.52,24.78,24.84,24.69,24.56,24.56,24.61,24.78,24.71,24.78,24.86,24.98,24.69,24.59,24.61,24.81,24.81,24.75,24.83,24.66,24.78,24.88,24.69,24.88,24.66,24.6,24.74,24.66,24.59,24.78,24.86,24.69,24.56,24.5,24.67,24.64,24.88,24.66,24.84,24.66,24.93,24.59,24.78,24.53,24.75,24.7,24.75,24.76,24.67,24.66,24.82,24.84,24.82,24.94,24.88,24.95,25.01,24.82,24.59,24.75,24.88,24.93,24.7,24.67,24.66,24.66,24.8,24.92,24.8,24.69,24.73,24.94,25.09,24.78,24.69,24.7,24.86,24.9,24.77,24.8,24.74,24.89,24.69,24.85,24.75,24.69,24.77,25.0,24.94,24.84,24.75,24.56,24.91,24.78,24.69,24.66,24.69,24.82,24.93,24.75,24.86,24.82,25.03,25.0,24.94,24.88,24.78,24.9,24.89,24.84,24.69,24.66,24.69,24.75,24.93,24.85,24.92,24.96,24.93,25.03,25.25,24.8,24.7,24.79,24.77,24.97,24.85,24.81,24.77,24.82,24.82,24.75,25.14,25.2,25.1,25.12,25.09,25.01,24.71,24.69,24.91,24.78,24.96,24.79,24.69,24.75,24.93,25.03,25.13,25.41,25.21,25.19,25.05,24.88,24.7,24.75,25.03,24.87,24.88,24.77,24.88,24.92,25.03,24.96,25.03,25.48,25.31,25.25,25.11,24.88,24.78,24.66,24.81,25.06,24.95,24.76,24.79,25.0,24.92,25.03,25.5,25.56,25.25,25.25,25.22,25.08,24.86,24.56,24.84,24.9,24.78,24.84,24.88,24.87,25.02,25.0,25.09,25.35,25.72,25.53,24.97,24.87,24.79,24.67,24.94,24.74,24.75,24.87,24.84,24.88,24.88,25.1,24.88,25.0,25.58,25.58,25.0,24.91,24.78,24.76,24.98,24.96,24.88,24.66,24.86,24.9,24.92,25.05,24.84,24.9,25.12,25.06,24.9,24.74,24.66,24.64,24.82,24.75,24.78,24.61,24.78,24.96,25.03,24.9,24.75,24.94,24.9,25.03,24.96,24.71,24.42,24.56
45.01,26.34,25.02,24.62,24.49,24.53,24.52,24.71,24.77,24.62,24.56,24.56,24.63,24.76,24.78,24.78,24.86,24.83,24.66,24.49,24.61,24.88,24.81,24.75,24.86,24.73,24.78,24.88,24.69,24.86,24.73,24.68,24.66,24.66,24.49,24.78,24.92,24.69,24.49,24.5,24.62,24.7,24.88,24.6,24.83,24.73,24.99,24.59,24.76,24.42,24.75,24.78,24.77,24.69,24.61,24.72,24.89,24.9,24.82,24.94,24.88,24.99,25.0,24.74,24.59,24.75,24.88,25.01,24.63,24.61,24.66,24.66,24.73,24.86,24.73,24.7,24.78,24.95,25.03,24.78,24.69,24.7,24.94,24.83,24.72,24.78,24.81,24.95,24.7,24.79,24.75,24.69,24.83,25.0,24.94,24.84,24.75,24.72,24.98,24.78,24.65,24.66,24.69,24.88,24.98,24.75,24.86,24.88,25.03,25.0,24.94,24.88,24.78,24.98,24.88,24.84,24.64,24.66,24.69,24.76,24.98,24.79,24.9,24.92,25.0,25.03,25.24,24.76,24.64,24.73,24.82,24.95,24.78,24.81,24.82,24.86,24.86,24.75,25.16,25.21,25.16,25.12,25.04,25.01,24.71,24.7,24.96,24.78,25.0,24.81,24.7,24.76,24.98,25.03,25.07,25.42,25.27,25.15,24.97,24.88,24.66,24.81,25.03,24.92,24.86,24.77,24.88,24.92,25.03,24.9,25.05,25.51,25.31,25.25,25.09,24.88,24.78,24.66,24.88,25.06,24.89,24.75,24.81,25.0,24.88,25.03,25.45,25.58,25.25,25.26,25.22,25.02,24.8,24.56,24.84,24.98,24.78,24.83,24.86,24.82,25.08,25.0,25.05,25.29,25.67,25.53,24.98,24.92,24.71,24.65,24.84,24.82,24.82,24.92,24.84,24.88,24.88,25.15,24.88,24.93,25.52,25.6,25.07,24.96,24.71,24.69,24.87,25.05,24.88,24.68,24.8,24.83,24.92,25.09,24.86,24.83,25.11,25.06,24.98,24.82,24.66,24.56,24.86,24.75,24.78,24.61,24.72,24.89,25.03,24.98,24.81,24.86,24.82,25.09,24.96,24.78,24.3,24.56
45.1,26.34,25.02,24.52,24.49,24.59,24.52,24.65,24.71,24.56,24.56,24.56,24.7,24.69,24.78,24.78,24.86,24.72,24.56,24.41,24.61,24.94,24.81,24.75,24.81,24.78,24.78,24.88,24.69,24.81,24.79,24.75,24.66,24.66,24.41,24.78,24.92,24.69,24.44,24.5,24.62,24.75,24.88,24.56,24.78,24.78,24.99,24.59,24.69,24.34,24.75,24.84,24.81,24.64,24.56,24.76,24.94,24.94,24.82,24.94,24.88,24.99,24.96,24.69,24.59,24.75,24.88,25.06,24.58,24.56,24.66,24.66,24.69,24.81,24.69,24.75,24.82,24.99,24.99,24.78,24.69,24.7,25.0,24.78,24.68,24.73,24.86,25.0,24.76,24.75,24.75,24.69,24.88,25.0,24.94,24.84,24.75,24.84,25.03,24.78,24.65,24.66,24.69,24.92,24.98,24.75,24.86,24.92,25.03,25.0,24.94,24.88,24.78,25.03,24.82,24.84,24.59,24.66,24.69,24.81,24.98,24.75,24.86,24.92,25.09,25.03,25.2,24.76,24.64,24.73,24.82,24.9,24.73,24.81,24.82,24.86,24.86,24.75,25.2,25.25,25.2,25.12,25.0,25.01,24.71,24.76,24.96,24.78,24.96,24.86,24.75,24.81,24.98,25.03,25.03,25.46,25.31,25.15,24.88,24.88,24.71,24.81,25.03,24.92,24.81,24.77,24.88,24.92,25.03,24.86,25.09,25.51,25.31,25.25,25.05,24.88,24.78,24.66,24.94,25.06,24.84,24.71,24.86,25.0,24.88,25.03,25.41,25.62,25.25,25.31,25.22,24.97,24.75,24.56,24.84,25.03,24.78,24.79,24.82,24.82,25.12,25.0,25.05,25.25,25.63,25.53,25.03,24.92,24.66,24.58,24.76,24.88,24.88,24.92,24.84,24.88,24.88,25.15,24.88,24.88,25.47,25.64,25.12,24.96,24.65,24.69,24.78,25.12,24.88,24.73,24.75,24.78,24.92,25.09,24.91,24.78,25.06,25.06,25.03,24.88,24.66,24.56,24.96,24.75,24.78,24.61,24.72,24.84,25.03,25.03,24.81,24.81,24.76,25.09,24.96,24.78,24.22,24.56
45.22,26.34,24.89,24.39,24.37,24.59,24.43,24.58,24.64,24.56,24.56,24.56,24.7,24.61,24.78,24.78,24.72,24.58,24.44,24.41,24.69,24.94,24.73,24.75,24.74,24.78,24.78,24.81,24.69,24.81,24.86,24.75,24.66,24.66,24.41,24.78,24.84,24.69,24.44,24.5,24.69,24.81,24.88,24.56,24.71,24.78,24.91,24.59,24.61,24.34,24.75,24.92,24.88,24.57,24.56,24.82,24.94,24.94,24.88,24.94,24.88,24.99,24.96,24.69,24.59,24.75,24.88,25.06,24.51,24.56,24.66,24.66,24.69,24.75,24.69,24.81,24.88,25.05,24.93,24.78,24.69,24.79,25.0,24.78,24.62,24.73,24.93,25.0,24.82,24.75,24.75,24.69,24.94,25.0,24.94,24.84,24.75,24.92,25.03,24.78,24.71,24.66,24.69,24.98,24.92,24.75,24.81,24.98,25.03,25.0,24.94,24.88,24.78,25.03,24.82,24.84,24.59,24.66,24.69,24.86,24.92,24.75,24.86,24.92,25.14,25.03,25.15,24.76,24.64,24.81,24.82,24.77,24.66,24.75,24.82,24.86,24.86,24.75,25.2,25.36,25.26,25.06,25.0,24.94,24.78,24.82,24.89,24.78,24.9,24.86,24.81,24.86,24.92,25.03,25.03,25.46,25.31,25.15,24.82,24.88,24.78,24.81,25.03,24.92,24.75,24.71,24.94,24.98,25.03,24.81,25.14,25.46,25.31,25.25,25.05,24.88,24.78,24.66,24.94,25.06,24.84,24.71,24.86,25.0,24.88,25.03,25.36,25.68,25.25,25.36,25.22,24.91,24.75,24.56,24.84,25.03,24.78,24.73,24.76,24.82,25.19,25.0,25.1,25.25,25.58,25.53,25.03,24.92,24.66,24.58,24.66,24.88,24.96,24.92,24.84,24.88,24.88,25.08,24.88,24.88,25.47,25.64,25.12,24.89,24.58,24.78,24.78,25.12,24.88,24.81,24.75,24.78,24.85,25.03,24.97,24.78,24.99,25.06,25.03,24.88,24.66,24.56,24.96,24.75,24.69,24.69,24.72,24.92,25.03,25.03,24.81,24.73,24.68,25.09,24.87,24.78,24.22,24.56
45.32,26.34,24.8,24.39,24.37,24.59,24.37,24.52,24.52,24.56,24.62,24.62,24.7,24.54,24.78,24.78,24.72,24.58,24.44,24.41,24.76,24.94,24.68,24.69,24.74,24.78,24.78,24.71,24.64,24.81,24.92,24.75,24.58,24.66,24.49,24.78,24.84,24.69,24.44,24.55,24.73,24.86,24.88,24.56,24.65,24.78,24.91,24.59,24.61,24.42,24.75,24.92,24.88,24.52,24.56,24.86,24.94,24.9,24.88,24.89,24.88,24.99,24.96,24.69,24.59,24.75,24.88,25.01,24.45,24.56,24.7,24.71,24.69,24.7,24.69,24.86,24.92,25.05,24.89,24.78,24.69,24.85,25.0,24.72,24.62,24.78,24.93,24.95,24.82,24.75,24.79,24.73,24.94,25.0,24.94,24.84,24.75,24.92,24.98,24.73,24.75,24.7,24.73,24.98,24.88,24.75,24.81,25.02,25.03,24.95,24.9,24.88,24.78,25.03,24.82,24.84,24.64,24.66,24.74,24.86,24.88,24.75,24.9,24.96,25.1,24.98,25.11,24.81,24.64,24.81,24.82,24.72,24.66,24.7,24.82,24.86,24.86,24.75,25.16,25.4,25.26,25.02,25.04,24.89,24.78,24.82,24.89,24.78,24.9,24.81,24.81,24.9,24.88,25.03,25.03,25.42,25.31,25.11,24.87,24.88,24.73,24.81,25.03,24.97,24.7,24.67,24.94,25.02,25.03,24.81,25.19,25.46,25.27,25.25,25.09,24.88,24.78,24.66,24.94,25.06,24.84,24.75,24.86,25.0,24.88,25.03,25.32,25.68,25.29,25.4,25.22,24.81,24.75,24.62,24.84,24.98,24.78,24.73,24.76,24.82,25.19,24.95,25.1,25.25,25.58,25.53,24.98,24.92,24.66,24.65,24.66,24.82,25.01,24.92,24.84,24.88,24.88,25.03,24.88,24.93,25.52,25.64,25.12,24.84,24.58,24.85,24.87,25.12,24.88,24.81,24.75,24.83,24.8,24.98,24.97,24.83,24.99,25.06,24.98,24.82,24.66,24.56,24.86,24.75,24.62,24.76,24.72,24.92,24.98,24.98,24.86,24.73,24.68,25.09,24.8,24.85,24.3,24.56
45.46,26.34,24.66,24.39,24.46,24.59,24.34,24.5,24.42,24.56,24.69,24.69,24.77,24.45,24.71,24.78,24.82,24.69,24.44,24.41,24.78,24.94,24.66,24.61,24.69,24.78,24.78,24.63,24.57,24.75,24.94,24.75,24.56,24.66,24.59,24.78,24.84,24.69,24.44,24.62,24.8,24.88,24.88,24.56,24.59,24.78,24.91,24.59,24.61,24.53,24.75,24.86,24.88,24.5,24.56,24.88,24.94,24.84,24.84,24.82,24.88,24.95,24.91,24.69,24.59,24.75,24.88,24.93,24.44,24.56,24.75,24.78,24.69,24.69,24.69,24.92,24.94,25.05,24.88,24.78,24.69,24.88,25.0,24.65,24.66,24.8,24.88,24.89,24.82,24.75,24.85,24.8,24.89,25.0,24.94,24.84,24.75,24.86,24.91,24.66,24.8,24.75,24.8,24.93,24.82,24.75,24.85,25.03,25.03,24.89,24.84,24.88,24.78,25.03,24.77,24.84,24.69,24.66,24.81,24.86,24.82,24.75,24.92,25.06,25.05,24.91,25.06,24.92,24.7,24.81,24.77,24.71,24.71,24.69,24.77,24.82,24.82,24.75,25.14,25.41,25.21,25.0,25.09,24.88,24.72,24.82,24.89,24.78,24.85,24.79,24.81,24.96,24.82,25.03,25.03,25.41,25.31,25.1,24.93,24.88,24.71,24.75,25.03,24.99,24.64,24.66,24.89,25.03,25.03,24.85,25.24,25.46,25.21,25.25,25.11,24.88,24.78,24.66,24.94,25.06,24.84,24.76,24.91,25.0,24.92,25.03,25.31,25.68,25.35,25.46,25.22,24.72,24.75,24.69,24.84,24.9,24.78,24.73,24.76,24.87,25.14,24.89,25.1,25.25,25.62,25.53,24.97,24.87,24.66,24.67,24.74,24.74,25.03,24.87,24.84,24.88,24.88,24.96,24.88,25.0,25.58,25.68,25.12,24.77,24.63,24.95,24.98,25.12,24.88,24.81,24.75,24.9,24.78,24.92,24.97,24.9,24.99,25.06,24.9,24.74,24.66,24.64,24.82,24.75,24.59,24.78,24.78,24.86,24.9,24.9,24.88,24.79,24.74,25.03,24.78,24.88,24.42,24.56
45.54,26.34,24.57,24.39,24.49,24.64,24.39,24.5,24.44,24.56,24.71,24.71,24.79,24.39,24.64,24.78,24.92,24.72,24.44,24.41,24.78,24.9,24.69,24.55,24.61,24.78,24.78,24.61,24.55,24.69,24.9,24.75,24.61,24.66,24.62,24.78,24.8,24.69,24.44,24.64,24.81,24.84,24.88,24.56,24.53,24.78,24.91,24.63,24.61,24.56,24.75,24.84,24.88,24.53,24.56,24.85,24.9,24.82,24.82,24.77,24.88,24.9,24.87,24.69,24.59,24.75,24.84,24.91,24.47,24.56,24.77,24.79,24.69,24.72,24.72,24.94,24.91,25.05,24.9,24.78,24.72,24.83,24.96,24.63,24.7,24.77,24.83,24.84,24.82,24.75,24.89,24.81,24.84,24.97,24.94,24.84,24.75,24.8,24.86,24.64,24.85,24.77,24.81,24.89,24.81,24.75,24.89,25.0,25.0,24.88,24.82,24.91,24.78,24.99,24.72,24.84,24.73,24.66,24.82,24.86,24.81,24.78,24.92,25.12,25.03,24.89,25.05,24.98,24.75,24.81,24.72,24.71,24.77,24.72,24.72,24.78,24.81,24.78,25.14,25.41,25.17,25.0,25.12,24.88,24.71,24.82,24.86,24.78,24.8,24.83,24.81,24.98,24.78,25.0,25.06,25.44,25.31,25.1,24.95,24.91,24.75,24.69,24.99,24.95,24.62,24.68,24.88,25.0,25.0,24.86,25.28,25.46,25.2,25.22,25.08,24.88,24.78,24.66,24.94,25.03,24.84,24.73,24.97,25.0,24.97,25.0,25.34,25.7,25.36,25.5,25.18,24.71,24.75,24.75,24.84,24.88,24.78,24.73,24.76,24.91,25.07,24.88,25.1,25.25,25.63,25.53,24.97,24.82,24.66,24.67,24.81,24.72,24.99,24.82,24.84,24.88,24.88,24.91,24.88,25.01,25.62,25.72,25.09,24.72,24.69,25.02,25.01,25.08,24.84,24.81,24.78,24.95,24.78,24.88,24.97,24.95,24.99,25.06,24.88,24.69,24.66,24.72,24.89,24.75,24.59,24.78,24.84,24.84,24.84,24.84,24.84,24.84,24.8,24.98,24.78,24.83,24.5,24.56
45.64,26.34,24.5,24.46,24.49,24.73,24.48,24.5,24.51,24.56,24.71,24.71,24.74,24.34,24.59,24.78,25.05,24.72,24.5,24.41,24.78,24.82,24.77,24.47,24.54,24.78,24.78,24.61,24.55,24.66,24.82,24.75,24.66,24.66,24.62,24.78,24.76,24.69,24.44,24.64,24.78,24.78,24.88,24.56,24.5,24.78,24.95,24.72,24.65,24.56,24.75,24.84,24.84,24.6,24.56,24.79,24.83,24.82,24.82,24.7,24.88,24.88,24.84,24.69,24.59,24.75,24.76,24.91,24.54,24.56,24.77,24.79,24.69,24.78,24.78,24.91,24.85,25.02,24.96,24.78,24.79,24.74,24.88,24.63,24.76,24.73,24.76,24.78,24.79,24.75,24.95,24.81,24.78,24.9,24.94,24.84,24.75,24.72,24.79,24.64,24.88,24.77,24.81,24.83,24.83,24.75,24.95,24.95,24.95,24.88,24.82,24.98,24.78,24.92,24.69,24.84,24.79,24.66,24.82,24.83,24.83,24.83,24.95,25.14,25.0,24.89,25.08,25.01,24.78,24.77,24.69,24.74,24.83,24.78,24.69,24.75,24.83,24.83,25.12,25.39,25.12,25.0,25.18,24.88,24.71,24.79,24.82,24.78,24.79,24.86,24.78,24.95,24.75,24.95,25.12,25.46,25.31,25.08,24.98,24.98,24.75,24.66,24.92,24.92,24.66,24.74,24.88,24.95,24.95,24.86,25.31,25.49,25.2,25.18,25.05,24.88,24.78,24.66,24.94,24.97,24.84,24.71,25.0,25.0,25.0,24.95,25.39,25.73,25.36,25.53,25.12,24.71,24.75,24.82,24.84,24.88,24.78,24.76,24.79,24.94,24.95,24.88,25.08,25.25,25.63,25.53,24.94,24.78,24.66,24.71,24.91,24.72,24.92,24.78,24.84,24.88,24.88,24.88,24.88,25.01,25.69,25.75,25.02,24.69,24.76,25.06,25.01,24.98,24.76,24.77,24.84,25.02,24.78,24.84,24.94,25.02,25.02,25.06,24.88,24.61,24.66,24.78,24.96,24.75,24.59,24.78,24.88,24.84,24.77,24.77,24.81,24.92,24.88,24.94,24.78,24.78,24.61,24.56
45.76,26.34,24.53,24.56,24.49,24.76,24.52,24.52,24.55,24.56,24.71,24.71,24.68,24.37,24.59,24.78,25.12,24.76,24.59,24.41,24.76,24.77,24.81,24.42,24.56,24.78,24.76,24.61,24.55,24.68,24.79,24.73,24.66,24.66,24.65,24.78,24.76,24.67,24.45,24.65,24.73,24.73,24.86,24.58,24.52,24.78,24.99,24.76,24.72,24.58,24.75,24.82,24.8,24.64,24.58,24.75,24.77,24.81,24.82,24.66,24.86,24.88,24.84,24.69,24.61,24.75,24.71,24.89,24.59,24.58,24.77,24.79,24.69,24.81,24.83,24.86,24.82,24.98,24.99,24.78,24.82,24.68,24.82,24.65,24.8,24.75,24.71,24.73,24.74,24.76,24.99,24.81,24.73,24.85,24.95,24.84,24.73,24.65,24.74,24.66,24.88,24.77,24.81,24.78,24.86,24.76,24.99,24.92,24.9,24.88,24.82,25.01,24.8,24.86,24.69,24.84,24.83,24.66,24.82,24.79,24.86,24.86,24.99,25.14,24.95,24.89,25.1,25.01,24.78,24.71,24.69,24.79,24.89,24.83,24.69,24.75,24.86,24.86,25.09,25.35,25.09,24.98,25.2,24.88,24.71,24.74,24.82,24.78,24.83,24.86,24.73,24.9,24.75,24.92,25.16,25.46,25.3,25.04,25.02,25.01,24.7,24.66,24.86,24.92,24.7,24.78,24.88,24.92,24.9,24.86,25.31,25.52,25.2,25.14,25.05,24.88,24.8,24.67,24.92,24.92,24.84,24.72,25.0,25.0,24.98,24.9,25.42,25.72,25.36,25.52,25.06,24.71,24.77,24.86,24.84,24.86,24.78,24.8,24.83,24.94,24.87,24.86,25.05,25.26,25.63,25.52,24.89,24.78,24.68,24.78,24.99,24.71,24.86,24.78,24.86,24.88,24.88,24.88,24.88,25.03,25.73,25.74,24.97,24.69,24.82,25.04,25.01,24.91,24.72,24.73,24.88,25.06,24.78,24.84,24.89,25.07,25.07,25.06,24.86,24.56,24.66,24.78,24.92,24.75,24.59,24.78,24.88,24.84,24.71,24.71,24.82,24.98,24.94,24.94,24.78,24.78,24.7,24.6
45.88,26.34,24.66,24.66,24.46,24.67,24.52,24.59,24.57,24.56,24.69,24.69,24.59,24.45,24.59,24.78,25.09,24.87,24.69,24.41,24.67,24.69,24.81,24.45,24.61,24.78,24.7,24.63,24.57,24.75,24.79,24.64,24.69,24.66,24.72,24.78,24.74,24.6,24.52,24.71,24.67,24.67,24.8,24.63,24.59,24.78,24.97,24.76,24.78,24.66,24.75,24.76,24.75,24.64,24.64,24.69,24.64,24.77,24.84,24.68,24.8,24.88,24.84,24.69,24.7,24.75,24.63,24.84,24.66,24.64,24.75,24.78,24.69,24.81,24.89,24.8,24.82,24.94,24.99,24.78,24.82,24.59,24.74,24.74,24.84,24.8,24.66,24.69,24.69,24.82,25.03,24.8,24.69,24.78,25.01,24.84,24.66,24.59,24.69,24.75,24.88,24.75,24.8,24.67,24.86,24.82,25.03,24.92,24.85,24.89,24.84,25.01,24.87,24.79,24.69,24.84,24.88,24.66,24.81,24.75,24.86,24.86,25.03,25.13,24.86,24.91,25.1,25.0,24.78,24.66,24.69,24.84,24.94,24.89,24.69,24.75,24.86,24.86,25.1,25.31,25.1,24.92,25.19,24.88,24.72,24.69,24.81,24.78,24.88,24.88,24.69,24.85,24.75,24.92,25.21,25.48,25.24,25.0,25.05,25.01,24.66,24.66,24.79,24.9,24.77,24.84,24.89,24.92,24.85,24.85,25.31,25.56,25.21,25.09,25.04,24.88,24.87,24.74,24.84,24.86,24.84,24.76,25.0,25.0,24.92,24.85,25.48,25.68,25.35,25.46,25.0,24.72,24.83,24.84,24.84,24.81,24.78,24.84,24.88,24.94,24.82,24.81,25.06,25.32,25.62,25.45,24.84,24.78,24.75,24.84,25.06,24.65,24.79,24.78,24.92,24.88,24.88,24.88,24.88,25.08,25.78,25.68,24.9,24.69,24.88,24.95,24.98,24.82,24.72,24.75,24.88,25.04,24.78,24.84,24.84,25.12,25.12,25.06,24.81,24.5,24.66,24.78,24.82,24.75,24.59,24.78,24.88,24.86,24.66,24.66,24.88,25.03,25.0,24.94,24.78,24.76,24.78,24.73
45.97,26.34,24.76,24.66,24.37,24.61,24.52,24.65,24.63,24.56,24.64,24.64,24.52,24.52,24.59,24.78,24.99,24.87,24.69,24.41,24.61,24.64,24.81,24.51,24.61,24.78,24.64,24.68,24.62,24.81,24.79,24.58,24.77,24.66,24.72,24.78,24.68,24.55,24.58,24.71,24.62,24.62,24.75,24.68,24.64,24.78,24.91,24.76,24.78,24.66,24.75,24.76,24.75,24.64,24.69,24.65,24.55,24.77,24.88,24.73,24.76,24.88,24.84,24.69,24.76,24.75,24.58,24.84,24.71,24.69,24.71,24.72,24.69,24.81,24.94,24.75,24.82,24.94,24.99,24.78,24.82,24.52,24.68,24.84,24.84,24.8,24.66,24.69,24.69,24.86,25.03,24.75,24.69,24.72,25.05,24.84,24.61,24.59,24.69,24.85,24.88,24.71,24.75,24.62,24.86,24.86,25.03,24.92,24.81,24.94,24.88,25.01,24.92,24.73,24.69,24.84,24.88,24.66,24.76,24.75,24.86,24.86,25.03,25.09,24.86,24.96,25.1,24.94,24.78,24.66,24.69,24.84,24.94,24.94,24.69,24.75,24.86,24.86,25.14,25.31,25.14,24.88,25.15,24.88,24.78,24.69,24.76,24.78,24.88,24.93,24.69,24.81,24.75,24.92,25.26,25.51,25.2,25.0,25.0,25.01,24.71,24.66,24.73,24.85,24.81,24.88,24.94,24.92,24.81,24.81,25.31,25.56,25.26,25.05,24.99,24.88,24.92,24.79,24.79,24.81,24.84,24.76,25.0,25.0,24.88,24.81,25.51,25.68,25.31,25.42,24.94,24.78,24.88,24.79,24.84,24.81,24.78,24.84,24.88,24.94,24.82,24.81,25.1,25.36,25.58,25.41,24.84,24.78,24.81,24.84,25.06,24.65,24.73,24.78,24.97,24.88,24.88,24.88,24.88,25.08,25.78,25.64,24.85,24.69,24.88,24.88,24.89,24.75,24.72,24.81,24.88,24.99,24.78,24.84,24.84,25.12,25.12,25.06,24.81,24.5,24.66,24.78,24.82,24.75,24.59,24.78,24.88,24.92,24.66,24.66,24.88,25.03,25.0,24.94,24.78,24.69,24.78,24.82
46.1,26.34,24.76,24.66,24.25,24.61,24.52,24.65,24.71,24.56,24.64,24.56,24.44,24.52,24.59,24.78,24.86,24.72,24.69,24.51,24.61,24.56,24.74,24.51,24.61,24.78,24.64,24.68,24.69,24.88,24.79,24.58,24.77,24.66,24.72,24.87,24.59,24.55,24.64,24.64,24.62,24.62,24.75,24.68,24.71,24.78,24.91,24.76,24.69,24.56,24.75,24.84,24.75,24.71,24.75,24.59,24.55,24.82,24.94,24.73,24.76,24.88,24.84,24.69,24.76,24.75,24.58,24.91,24.71,24.75,24.66,24.72,24.69,24.81,25.0,24.69,24.82,24.94,24.99,24.78,24.82,24.52,24.68,24.92,24.84,24.73,24.72,24.75,24.69,24.86,24.91,24.69,24.75,24.72,25.05,24.84,24.54,24.59,24.76,24.92,24.82,24.66,24.69,24.68,24.92,24.86,24.98,24.92,24.81,24.94,24.94,25.01,24.92,24.66,24.69,24.78,24.82,24.72,24.69,24.81,24.86,24.86,24.98,25.03,24.92,25.03,25.1,24.82,24.78,24.66,24.69,24.84,24.87,25.0,24.69,24.81,24.86,24.86,25.14,25.31,25.2,24.88,25.1,24.88,24.84,24.76,24.76,24.78,24.88,25.0,24.75,24.75,24.75,24.86,25.26,25.56,25.14,25.0,24.94,24.96,24.78,24.73,24.73,24.78,24.88,24.94,25.0,24.86,24.75,24.75,25.31,25.56,25.31,25.0,24.94,24.88,24.92,24.79,24.79,24.75,24.84,24.76,25.0,25.0,24.88,24.81,25.51,25.68,25.25,25.42,24.88,24.84,24.88,24.71,24.84,24.88,24.78,24.79,24.88,24.94,24.82,24.88,25.15,25.42,25.53,25.41,24.91,24.78,24.81,24.84,25.06,24.72,24.66,24.78,24.97,24.88,24.88,24.88,24.88,25.13,25.72,25.58,24.85,24.69,24.8,24.88,24.89,24.75,24.72,24.81,24.94,24.92,24.78,24.84,24.84,25.12,25.12,25.06,24.88,24.58,24.66,24.78,24.82,24.75,24.59,24.78,24.88,25.0,24.73,24.73,24.81,25.03,24.92,24.94,24.78,24.59,24.78,24.82
46.19,26.34,24.76,24.66,24.25,24.54,24.45,24.65,24.66,24.56,24.69,24.56,24.44,24.52,24.59,24.78,24.76,24.72,24.69,24.59,24.61,24.56,24.63,24.51,24.66,24.78,24.64,24.63,24.69,24.94,24.84,24.58,24.69,24.66,24.8,24.93,24.59,24.55,24.7,24.64,24.67,24.67,24.75,24.68,24.76,24.78,24.91,24.7,24.63,24.56,24.75,24.84,24.75,24.71,24.8,24.59,24.6,24.82,24.94,24.73,24.76,24.88,24.84,24.69,24.76,24.75,24.63,24.91,24.66,24.8,24.66,24.78,24.69,24.77,25.0,24.69,24.87,24.94,24.95,24.78,24.77,24.59,24.74,24.92,24.84,24.73,24.78,24.8,24.69,24.86,24.81,24.69,24.8,24.78,25.05,24.84,24.49,24.59,24.81,24.92,24.78,24.66,24.69,24.72,24.92,24.86,24.93,24.96,24.85,24.89,24.94,24.96,24.92,24.66,24.69,24.72,24.78,24.78,24.69,24.85,24.82,24.82,24.93,25.03,24.92,25.03,25.06,24.78,24.78,24.66,24.69,24.84,24.82,25.0,24.69,24.85,24.82,24.82,25.14,25.31,25.24,24.88,25.06,24.88,24.84,24.81,24.81,24.78,24.88,25.0,24.8,24.75,24.75,24.86,25.21,25.56,25.1,25.0,24.94,24.86,24.78,24.79,24.79,24.78,24.88,24.94,25.0,24.86,24.75,24.75,25.31,25.56,25.31,25.0,24.94,24.88,24.92,24.79,24.79,24.75,24.84,24.8,25.0,25.0,24.88,24.85,25.48,25.63,25.25,25.42,24.88,24.84,24.88,24.66,24.84,24.88,24.78,24.75,24.88,24.94,24.87,24.88,25.19,25.46,25.53,25.41,24.95,24.78,24.81,24.84,25.06,24.72,24.66,24.78,24.97,24.88,24.88,24.88,24.88,25.22,25.67,25.54,24.9,24.69,24.74,24.88,24.98,24.82,24.78,24.81,24.94,24.87,24.78,24.84,24.84,25.12,25.12,25.06,24.88,24.63,24.66,24.78,24.73,24.75,24.59,24.78,24.88,25.0,24.79,24.79,24.81,25.03,24.86,24.94,24.78,24.59,24.78,24.82
46.32,26.34,24.76,24.66,24.34,24.44,24.43,24.65,24.58,24.56,24.77,24.62,24.44,24.52,24.59,24.78,24.72,24.72,24.69,24.62,24.61,24.56,24.54,24.57,24.73,24.78,24.64,24.61,24.69,24.96,24.92,24.58,24.58,24.66,24.83,24.96,24.59,24.55,24.71,24.69,24.73,24.73,24.75,24.68,24.83,24.78,24.86,24.61,24.54,24.64,24.75,24.84,24.69,24.71,24.81,24.64,24.67,24.78,24.94,24.78,24.76,24.88,24.84,24.64,24.76,24.75,24.71,24.91,24.64,24.77,24.66,24.85,24.73,24.7,24.95,24.69,24.88,24.94,24.89,24.78,24.7,24.61,24.82,24.97,24.8,24.73,24.79,24.81,24.74,24.86,24.74,24.69,24.81,24.85,25.05,24.79,24.48,24.65,24.82,24.92,24.72,24.66,24.69,24.74,24.88,24.86,24.88,25.02,24.9,24.88,24.94,24.89,24.92,24.66,24.69,24.71,24.72,24.79,24.74,24.86,24.81,24.76,24.92,25.03,24.92,25.03,25.01,24.76,24.78,24.66,24.74,24.84,24.75,24.95,24.69,24.9,24.81,24.76,25.14,25.31,25.3,24.88,25.01,24.83,24.79,24.82,24.82,24.78,24.88,24.95,24.86,24.79,24.79,24.9,25.16,25.52,25.05,25.0,24.94,24.78,24.78,24.81,24.86,24.78,24.88,24.9,24.95,24.9,24.79,24.75,25.27,25.56,25.31,25.0,24.94,24.83,24.92,24.85,24.79,24.8,24.84,24.82,25.0,25.0,24.88,24.9,25.46,25.58,25.25,25.38,24.93,24.84,24.88,24.58,24.84,24.88,24.78,24.69,24.88,24.94,24.92,24.88,25.24,25.52,25.49,25.41,24.97,24.78,24.81,24.84,25.06,24.72,24.66,24.78,24.97,24.88,24.93,24.88,24.88,25.34,25.61,25.44,24.97,24.69,24.67,24.8,25.01,24.91,24.8,24.81,24.89,24.8,24.78,24.84,24.84,25.12,25.27,25.06,24.82,24.71,24.66,24.78,24.6,24.75,24.59,24.78,24.88,25.0,24.86,24.81,24.81,25.03,24.84,24.94,24.78,24.59,24.78,24.82
46.44,26.34,24.7,24.66,24.43,24.46,24.48,24.61,24.56,24.56,24.82,24.68,24.44,24.48,24.59,24.78,24.79,24.65,24.69,24.62,24.65,24.56,24.52,24.59,24.75,24.78,24.68,24.61,24.69,24.92,24.94,24.62,24.5,24.66,24.78,24.96,24.59,24.58,24.68,24.71,24.78,24.78,24.78,24.65,24.84,24.78,24.84,24.59,24.48,24.66,24.75,24.88,24.63,24.74,24.78,24.68,24.75,24.77,24.94,24.8,24.79,24.88,24.84,24.58,24.72,24.75,24.76,24.95,24.64,24.69,24.66,24.9,24.78,24.69,24.91,24.69,24.85,24.94,24.88,24.78,24.69,24.61,24.88,24.99,24.76,24.7,24.79,24.81,24.79,24.83,24.7,24.69,24.81,24.9,25.02,24.74,24.51,24.72,24.82,24.88,24.68,24.66,24.69,24.77,24.86,24.83,24.83,25.03,24.95,24.88,24.94,24.88,24.88,24.66,24.69,24.71,24.68,24.79,24.79,24.86,24.83,24.75,24.92,25.03,24.95,25.03,25.0,24.76,24.78,24.66,24.79,24.84,24.7,24.91,24.69,24.95,24.83,24.75,25.12,25.31,25.31,24.91,25.0,24.79,24.74,24.82,24.82,24.78,24.88,24.9,24.91,24.83,24.83,24.92,25.12,25.49,25.03,25.0,24.94,24.76,24.78,24.81,24.92,24.78,24.88,24.85,24.91,24.92,24.83,24.75,25.23,25.56,25.31,25.0,24.94,24.78,24.88,24.86,24.82,24.84,24.84,24.79,25.0,25.0,24.91,24.95,25.46,25.56,25.25,25.36,24.98,24.84,24.84,24.56,24.84,24.92,24.78,24.65,24.88,24.94,24.94,24.91,25.25,25.53,25.45,25.44,24.97,24.78,24.77,24.84,25.06,24.76,24.66,24.78,24.94,24.88,24.98,24.88,24.88,25.39,25.56,25.38,25.02,24.69,24.61,24.78,25.01,24.98,24.76,24.77,24.88,24.78,24.78,24.84,24.84,25.12,25.41,25.06,24.81,24.76,24.66,24.78,24.56,24.75,24.59,24.78,24.88,25.0,24.92,24.81,24.77,25.03,24.84,24.94,24.78,24.59,24.78,24.76
46.52,26.34,24.6,24.66,24.52,24.53,24.5,24.56,24.56,24.56,24.84,24.69,24.44,24.45,24.64,24.78,24.82,24.55,24.69,24.67,24.72,24.56,24.52,24.59,24.75,24.78,24.7,24.61,24.69,24.86,24.9,24.64,24.42,24.72,24.75,24.91,24.59,24.6,24.66,24.71,24.83,24.8,24.83,24.63,24.84,24.78,24.84,24.59,24.45,24.66,24.75,24.9,24.61,24.79,24.77,24.69,24.81,24.77,24.94,24.8,24.8,24.88,24.84,24.6,24.65,24.75,24.78,25.01,24.64,24.66,24.66,24.91,24.83,24.69,24.89,24.69,24.84,24.94,24.88,24.78,24.69,24.61,24.9,24.99,24.75,24.68,24.79,24.81,24.81,24.79,24.65,24.69,24.84,24.95,24.95,24.72,24.56,24.74,24.82,24.83,24.64,24.66,24.69,24.84,24.86,24.79,24.79,25.0,24.99,24.88,24.94,24.88,24.83,24.66,24.72,24.71,24.64,24.79,24.81,24.86,24.85,24.75,24.92,25.03,24.99,25.03,25.0,24.73,24.78,24.69,24.84,24.84,24.65,24.86,24.72,24.96,24.85,24.75,25.07,25.31,25.34,24.95,25.0,24.78,24.72,24.86,24.86,24.78,24.85,24.88,24.95,24.88,24.88,24.89,25.07,25.45,25.06,25.0,24.94,24.76,24.78,24.84,24.98,24.78,24.84,24.84,24.89,24.92,24.85,24.78,25.19,25.54,25.28,25.0,24.94,24.77,24.83,24.86,24.88,24.86,24.84,24.78,25.0,25.0,24.95,24.99,25.46,25.56,25.28,25.36,25.0,24.84,24.8,24.6,24.84,24.98,24.78,24.63,24.88,24.94,24.94,24.95,25.28,25.56,25.4,25.48,24.97,24.78,24.71,24.84,25.06,24.78,24.66,24.78,24.92,24.88,25.0,24.88,24.91,25.46,25.48,25.33,25.04,24.69,24.56,24.83,25.01,25.01,24.74,24.71,24.88,24.78,24.78,24.84,24.84,25.16,25.48,25.06,24.81,24.82,24.66,24.84,24.63,24.69,24.59,24.78,24.88,25.0,24.98,24.81,24.71,25.03,24.87,24.94,24.78,24.59,24.78,24.73
46.63,26.34,24.5,24.66,24.61,24.59,24.5,24.5,24.56,24.56,24.84,24.69,24.44,24.45,24.71,24.78,24.82,24.44,24.69,24.75,24.78,24.56,24.52,24.59,24.75,24.78,24.7,24.61,24.69,24.81,24.84,24.64,24.34,24.82,24.75,24.85,24.59,24.6,24.66,24.71,24.88,24.8,24.88,24.63,24.84,24.78,24.84,24.59,24.45,24.66,24.75,24.9,24.61,24.84,24.77,24.69,24.85,24.77,24.94,24.8,24.8,24.88,24.84,24.66,24.59,24.75,24.78,25.06,24.64,24.66,24.66,24.91,24.88,24.69,24.89,24.69,24.84,24.94,24.88,24.78,24.69,24.61,24.9,24.99,24.75,24.68,24.79,24.81,24.81,24.75,24.61,24.69,24.89,25.0,24.85,24.72,24.61,24.74,24.82,24.78,24.59,24.66,24.69,24.93,24.86,24.75,24.75,24.96,25.03,24.88,24.94,24.88,24.78,24.66,24.77,24.71,24.59,24.79,24.81,24.86,24.85,24.75,24.92,25.03,25.03,25.03,25.0,24.69,24.78,24.75,24.89,24.84,24.59,24.81,24.77,24.96,24.85,24.75,25.03,25.31,25.38,25.0,25.0,24.78,24.72,24.91,24.91,24.78,24.8,24.88,25.0,24.92,24.92,24.85,25.03,25.41,25.1,25.0,24.94,24.76,24.78,24.9,25.03,24.78,24.8,24.84,24.89,24.92,24.85,24.82,25.14,25.5,25.24,25.0,24.94,24.77,24.78,24.86,24.94,24.86,24.84,24.78,25.0,25.0,25.0,25.03,25.46,25.56,25.32,25.36,25.0,24.84,24.75,24.66,24.84,25.03,24.78,24.63,24.88,24.94,24.94,25.0,25.32,25.59,25.36,25.53,24.97,24.78,24.66,24.84,25.06,24.78,24.66,24.78,24.92,24.88,25.0,24.88,24.96,25.55,25.39,25.28,25.04,24.69,24.5,24.9,25.01,25.01,24.74,24.66,24.88,24.78,24.78,24.84,24.84,25.2,25.53,25.06,24.81,24.88,24.66,24.92,24.73,24.6,24.59,24.78,24.88,25.0,25.03,24.81,24.66,25.03,24.92,24.94,24.78,24.59,24.78,24.73
46.74,26.34,24.5,24.69,24.7,24.59,24.5,24.5,24.56,24.58,24.77,24.67,24.44,24.54,24.78,24.78,24.82,24.44,24.69,24.78,24.78,24.56,24.57,24.65,24.75,24.8,24.64,24.68,24.67,24.73,24.79,24.55,24.34,24.92,24.75,24.69,24.59,24.55,24.64,24.78,24.88,24.73,24.86,24.68,24.84,24.78,24.78,24.59,24.52,24.77,24.75,24.82,24.61,24.83,24.77,24.71,24.8,24.71,24.92,24.85,24.76,24.88,24.84,24.72,24.59,24.75,24.72,25.03,24.71,24.64,24.67,24.86,24.92,24.69,24.89,24.7,24.84,24.92,24.86,24.76,24.7,24.55,24.84,25.04,24.73,24.73,24.72,24.75,24.81,24.75,24.68,24.69,24.89,25.0,24.8,24.72,24.68,24.76,24.77,24.78,24.59,24.66,24.69,24.92,24.81,24.75,24.75,24.92,25.03,24.92,24.94,24.86,24.78,24.68,24.82,24.78,24.59,24.74,24.81,24.82,24.85,24.75,24.96,25.03,25.03,25.03,24.98,24.69,24.78,24.82,24.96,24.84,24.59,24.77,24.84,24.92,24.85,24.75,25.03,25.31,25.41,25.0,25.0,24.76,24.72,24.89,24.89,24.78,24.75,24.86,24.98,24.96,24.96,24.85,25.03,25.36,25.16,25.0,24.94,24.82,24.78,24.88,25.03,24.78,24.75,24.82,24.89,24.98,24.86,24.86,25.09,25.45,25.19,25.0,24.94,24.77,24.78,24.91,24.94,24.88,24.84,24.76,25.0,25.0,24.98,25.03,25.49,25.55,25.35,25.29,25.0,24.84,24.75,24.73,24.84,25.03,24.78,24.69,24.88,24.94,24.94,25.0,25.35,25.63,25.32,25.52,24.91,24.76,24.66,24.84,25.04,24.72,24.66,24.78,24.97,24.88,25.0,24.88,25.04,25.59,25.34,25.23,24.97,24.69,24.52,24.9,24.89,24.91,24.74,24.66,24.81,24.78,24.78,24.84,24.86,25.27,25.59,25.06,24.75,24.86,24.66,25.01,24.86,24.51,24.59,24.78,24.88,25.0,25.03,24.75,24.66,25.03,25.09,24.96,24.78,24.59,24.75,24.82
46.85,26.34,24.5,24.78,24.7,24.59,24.5,24.5,24.56,24.64,24.71,24.61,24.44,24.61,24.78,24.78,24.82,24.44,24.69,24.85,24.78,24.56,24.57,24.65,24.75,24.85,24.64,24.73,24.62,24.68,24.79,24.49,24.34,24.92,24.75,24.63,24.59,24.55,24.59,24.83,24.88,24.69,24.81,24.68,24.84,24.78,24.78,24.59,24.52,24.85,24.75,24.76,24.61,24.78,24.77,24.75,24.8,24.67,24.88,24.85,24.76,24.88,24.84,24.72,24.59,24.75,24.72,24.92,24.76,24.59,24.71,24.86,24.92,24.69,24.89,24.75,24.84,24.87,24.81,24.71,24.76,24.55,24.84,25.04,24.69,24.73,24.67,24.7,24.81,24.75,24.73,24.69,24.89,25.0,24.8,24.72,24.73,24.82,24.77,24.78,24.59,24.66,24.69,24.88,24.76,24.75,24.75,24.92,25.03,24.92,24.94,24.81,24.78,24.73,24.82,24.83,24.59,24.74,24.81,24.82,24.85,24.75,24.96,25.03,25.03,25.03,24.93,24.69,24.78,24.88,25.01,24.84,24.59,24.77,24.89,24.92,24.85,24.75,25.03,25.31,25.41,25.0,25.0,24.72,24.72,24.84,24.84,24.78,24.71,24.81,24.94,24.96,24.96,24.85,25.03,25.32,25.2,25.0,24.94,24.86,24.78,24.82,25.03,24.78,24.75,24.78,24.89,25.02,24.9,24.86,25.05,25.41,25.14,25.0,24.94,24.77,24.78,24.91,24.94,24.92,24.84,24.72,25.0,25.0,24.94,25.03,25.44,25.51,25.31,25.21,25.0,24.84,24.75,24.79,24.84,25.03,24.78,24.73,24.88,24.94,24.94,25.0,25.31,25.63,25.32,25.47,24.86,24.71,24.66,24.84,24.96,24.72,24.66,24.78,24.97,24.88,25.0,24.88,25.13,25.59,25.34,25.23,24.92,24.69,24.58,24.9,24.81,24.84,24.74,24.66,24.77,24.78,24.78,24.84,24.91,25.31,25.64,25.06,24.75,24.8,24.66,25.01,24.96,24.51,24.59,24.78,24.88,25.0,25.03,24.75,24.66,25.03,25.26,25.01,24.78,24.59,24.67,24.82
46.97,26.34,24.5,24.89,24.61,24.59,24.43,24.5,24.56,24.71,24.64,24.48,24.44,24.69,24.78,24.78,24.72,24.44,24.69,25.03,24.78,24.56,24.52,24.59,24.75,24.92,24.64,24.75,24.55,24.66,24.79,24.4,24.34,24.92,24.83,24.61,24.59,24.55,24.58,24.84,24.88,24.62,24.75,24.68,24.84,24.78,24.84,24.59,24.52,24.88,24.75,24.68,24.67,24.71,24.81,24.76,24.8,24.66,24.82,24.8,24.76,24.88,24.84,24.77,24.59,24.75,24.72,24.78,24.78,24.62,24.77,24.86,24.88,24.69,24.94,24.81,24.88,24.8,24.75,24.64,24.82,24.61,24.84,24.99,24.68,24.73,24.66,24.69,24.76,24.75,24.75,24.69,24.94,25.0,24.8,24.78,24.75,24.84,24.82,24.78,24.59,24.66,24.69,24.86,24.75,24.75,24.75,24.92,25.03,24.88,24.94,24.75,24.78,24.81,24.82,24.84,24.59,24.79,24.76,24.86,24.81,24.75,24.92,25.03,25.03,25.03,24.86,24.65,24.78,24.96,25.03,24.84,24.59,24.81,24.96,24.92,24.81,24.75,25.03,25.31,25.41,25.0,25.0,24.71,24.78,24.82,24.82,24.78,24.65,24.79,24.88,24.92,24.92,24.81,25.03,25.31,25.26,25.0,24.94,24.88,24.78,24.81,25.03,24.78,24.75,24.77,24.94,25.03,24.92,24.86,25.03,25.36,25.09,25.0,24.94,24.81,24.78,24.86,24.94,24.94,24.84,24.71,25.0,25.0,24.88,25.03,25.35,25.46,25.26,25.15,24.94,24.84,24.75,24.86,24.84,25.03,24.78,24.79,24.88,24.94,24.94,25.0,25.26,25.63,25.36,25.41,24.84,24.63,24.66,24.84,24.86,24.72,24.66,24.78,24.97,24.88,24.94,24.88,25.25,25.59,25.34,25.28,24.85,24.69,24.65,24.97,24.78,24.75,24.8,24.66,24.75,24.78,24.78,24.84,24.97,25.38,25.56,25.06,24.81,24.72,24.66,25.01,25.09,24.51,24.59,24.78,24.88,25.0,25.03,24.81,24.66,25.03,25.42,25.09,24.78,24.59,24.56,24.82
47.06,26.34,24.6,24.8,24.52,24.59,24.43,24.5,24.56,24.71,24.58,24.42,24.44,24.69,24.78,24.78,24.72,24.55,24.69,25.03,24.72,24.56,24.58,24.59,24.75,24.92,24.59,24.75,24.61,24.66,24.73,24.33,24.42,25.02,24.83,24.61,24.59,24.55,24.63,24.84,24.83,24.58,24.75,24.72,24.89,24.78,24.84,24.59,24.58,24.88,24.75,24.61,24.67,24.71,24.81,24.72,24.75,24.66,24.78,24.8,24.76,24.88,24.79,24.82,24.65,24.75,24.72,24.72,24.73,24.67,24.81,24.86,24.83,24.69,24.94,24.86,24.92,24.8,24.75,24.59,24.82,24.68,24.84,24.94,24.72,24.78,24.71,24.69,24.66,24.75,24.75,24.73,24.98,24.95,24.8,24.78,24.75,24.84,24.88,24.78,24.59,24.66,24.69,24.9,24.79,24.75,24.75,24.92,25.03,24.88,24.94,24.7,24.78,24.86,24.82,24.84,24.59,24.79,24.7,24.86,24.76,24.75,24.88,25.03,25.03,25.03,24.81,24.65,24.78,24.96,25.03,24.79,24.65,24.81,24.96,24.88,24.76,24.75,25.03,25.31,25.41,25.0,25.0,24.75,24.83,24.82,24.88,24.78,24.61,24.79,24.83,24.92,24.92,24.81,24.99,25.27,25.26,25.0,24.94,24.88,24.78,24.81,25.03,24.78,24.7,24.77,24.94,24.99,24.92,24.86,24.99,25.24,25.05,25.0,24.94,24.86,24.78,24.75,24.94,24.94,24.84,24.71,24.95,25.0,24.88,24.99,25.27,25.38,25.22,25.11,24.89,24.89,24.75,24.86,24.84,25.03,24.83,24.83,24.83,24.9,24.94,25.0,25.26,25.63,25.32,25.31,24.84,24.63,24.66,24.84,24.79,24.72,24.71,24.78,24.97,24.88,24.89,24.88,25.3,25.59,25.3,25.23,24.85,24.69,24.71,24.97,24.78,24.68,24.86,24.71,24.75,24.78,24.78,24.89,25.1,25.47,25.42,25.06,24.86,24.72,24.66,24.92,25.09,24.51,24.59,24.78,24.82,25.0,25.03,24.86,24.71,25.08,25.48,25.02,24.78,24.59,24.56,24.82
47.19,26.34,24.73,24.66,24.4,24.59,24.5,24.5,24.56,24.71,24.56,24.4,24.44,24.63,24.71,24.78,24.82,24.69,24.69,24.95,24.63,24.56,24.65,24.59,24.75,24.92,24.58,24.75,24.68,24.66,24.71,24.31,24.53,25.05,24.75,24.67,24.59,24.6,24.64,24.84,24.77,24.56,24.75,24.73,24.95,24.78,24.84,24.59,24.61,24.88,24.75,24.59,24.61,24.71,24.77,24.71,24.73,24.66,24.73,24.8,24.8,24.88,24.72,24.78,24.74,24.75,24.78,24.64,24.66,24.64,24.87,24.91,24.77,24.69,24.89,24.92,24.94,24.8,24.75,24.52,24.82,24.77,24.9,24.87,24.73,24.8,24.78,24.69,24.59,24.75,24.75,24.8,25.0,24.88,24.85,24.72,24.75,24.9,24.95,24.78,24.59,24.66,24.69,24.92,24.85,24.75,24.75,24.96,25.03,24.88,24.94,24.64,24.78,24.94,24.77,24.84,24.59,24.79,24.69,24.86,24.75,24.75,24.82,25.03,25.03,25.03,24.74,24.69,24.78,24.9,25.03,24.72,24.71,24.81,24.91,24.86,24.75,24.75,25.03,25.31,25.38,25.0,25.0,24.76,24.84,24.77,24.89,24.78,24.59,24.74,24.77,24.92,24.92,24.85,24.93,25.21,25.21,25.0,24.94,24.88,24.78,24.75,25.03,24.78,24.69,24.73,24.89,24.93,24.96,24.82,24.93,25.12,25.03,25.0,24.94,24.88,24.78,24.6,24.94,24.98,24.84,24.66,24.88,25.0,24.88,24.93,25.16,25.27,25.13,25.06,24.88,24.95,24.75,24.81,24.84,25.03,24.9,24.84,24.78,24.84,24.94,25.0,25.22,25.59,25.25,25.18,24.84,24.63,24.66,24.84,24.69,24.78,24.79,24.78,24.92,24.88,24.88,24.88,25.32,25.55,25.28,25.17,24.9,24.69,24.78,24.9,24.78,24.66,24.88,24.79,24.75,24.78,24.78,24.95,25.29,25.55,25.33,25.06,24.94,24.72,24.66,24.72,24.99,24.6,24.59,24.78,24.74,25.0,25.03,24.94,24.79,25.14,25.49,24.93,24.78,24.59,24.56,24.73
47.28,26.34,24.76,24.63,24.37,24.59,24.52,24.5,24.56,24.71,24.6,24.4,24.44,24.61,24.64,24.78,24.86,24.8,24.69,24.92,24.61,24.56,24.67,24.59,24.75,24.92,24.61,24.75,24.7,24.69,24.75,24.36,24.56,24.98,24.67,24.74,24.59,24.65,24.64,24.84,24.75,24.56,24.75,24.7,24.97,24.82,24.84,24.59,24.61,24.88,24.75,24.59,24.55,24.67,24.72,24.71,24.73,24.66,24.71,24.8,24.85,24.84,24.71,24.72,24.76,24.75,24.8,24.59,24.61,24.62,24.91,24.97,24.72,24.69,24.84,24.97,24.94,24.8,24.75,24.51,24.86,24.83,24.96,24.82,24.73,24.8,24.83,24.69,24.58,24.75,24.75,24.84,25.0,24.83,24.9,24.71,24.75,24.92,24.96,24.78,24.62,24.68,24.72,24.89,24.86,24.75,24.78,25.0,25.03,24.84,24.91,24.62,24.78,24.99,24.72,24.81,24.59,24.79,24.72,24.86,24.75,24.75,24.81,25.03,25.03,25.0,24.72,24.73,24.82,24.84,25.0,24.67,24.77,24.84,24.89,24.86,24.75,24.75,25.06,25.31,25.31,25.0,25.0,24.76,24.87,24.76,24.89,24.78,24.62,24.69,24.75,24.89,24.89,24.86,24.92,25.2,25.2,25.0,24.94,24.88,24.78,24.73,25.03,24.78,24.72,24.71,24.88,24.92,24.98,24.78,24.89,25.06,25.03,25.0,24.94,24.84,24.78,24.53,24.9,25.0,24.84,24.65,24.86,25.0,24.84,24.89,25.08,25.18,25.05,25.02,24.88,24.93,24.75,24.79,24.84,24.99,24.92,24.84,24.76,24.82,24.91,24.97,25.15,25.56,25.21,25.08,24.82,24.63,24.66,24.84,24.61,24.8,24.81,24.82,24.88,24.88,24.85,24.88,25.32,25.53,25.25,25.12,24.92,24.72,24.84,24.83,24.78,24.66,24.84,24.84,24.75,24.78,24.78,24.97,25.39,25.56,25.28,25.03,24.96,24.72,24.66,24.61,24.89,24.69,24.59,24.82,24.72,24.96,25.03,24.99,24.91,25.19,25.46,24.91,24.74,24.59,24.56,24.63
47.42,26.34,24.76,24.57,24.43,24.59,24.52,24.5,24.56,24.68,24.68,24.44,24.44,24.61,24.59,24.78,24.86,24.94,24.69,24.88,24.61,24.56,24.7,24.63,24.75,24.88,24.64,24.75,24.73,24.77,24.79,24.44,24.56,24.92,24.57,24.78,24.59,24.69,24.68,24.84,24.75,24.56,24.78,24.68,24.97,24.88,24.8,24.59,24.65,24.88,24.75,24.59,24.47,24.64,24.66,24.68,24.7,24.66,24.74,24.83,24.88,24.78,24.71,24.69,24.76,24.75,24.76,24.58,24.54,24.66,24.94,25.0,24.69,24.69,24.78,25.0,24.94,24.83,24.78,24.54,24.89,24.88,25.0,24.78,24.76,24.83,24.9,24.69,24.58,24.75,24.75,24.91,25.0,24.76,24.94,24.71,24.75,24.88,24.93,24.78,24.68,24.74,24.78,24.86,24.86,24.75,24.83,25.03,25.03,24.81,24.85,24.66,24.78,25.03,24.69,24.74,24.59,24.76,24.79,24.83,24.75,24.75,24.83,25.03,25.03,24.93,24.76,24.79,24.88,24.77,24.93,24.6,24.83,24.88,24.89,24.83,24.75,24.75,25.12,25.31,25.23,25.0,25.0,24.79,24.93,24.79,24.93,24.78,24.68,24.66,24.78,24.86,24.86,24.86,24.92,25.2,25.2,25.0,24.94,24.88,24.78,24.77,25.03,24.78,24.75,24.74,24.88,24.92,24.95,24.75,24.83,25.0,25.03,25.0,24.94,24.78,24.78,24.49,24.82,24.97,24.84,24.68,24.86,25.0,24.81,24.83,25.03,25.09,25.0,25.0,24.88,24.87,24.75,24.79,24.84,24.92,24.92,24.84,24.76,24.82,24.85,24.91,25.1,25.53,25.12,24.98,24.76,24.67,24.66,24.84,24.56,24.76,24.81,24.88,24.84,24.88,24.79,24.88,25.29,25.56,25.17,25.03,24.92,24.79,24.88,24.73,24.78,24.66,24.76,24.92,24.75,24.78,24.78,24.97,25.49,25.56,25.22,24.97,24.92,24.76,24.66,24.56,24.76,24.75,24.59,24.91,24.72,24.88,25.03,25.03,25.12,25.25,25.35,24.88,24.67,24.59,24.61,24.56
47.5,26.34,24.8,24.48,24.52,24.59,24.52,24.48,24.56,24.62,24.71,24.5,24.44,24.58,24.62,24.78,24.86,25.05,24.69,24.77,24.61,24.58,24.75,24.67,24.75,24.83,24.64,24.75,24.79,24.81,24.79,24.53,24.56,24.92,24.49,24.78,24.61,24.69,24.71,24.83,24.75,24.58,24.81,24.68,24.95,24.92,24.74,24.61,24.72,24.85,24.75,24.61,24.42,24.65,24.61,24.64,24.65,24.67,24.77,24.87,24.88,24.75,24.71,24.69,24.76,24.75,24.72,24.65,24.51,24.69,24.92,24.98,24.7,24.7,24.75,24.98,24.94,24.89,24.83,24.59,24.88,24.88,24.98,24.78,24.79,24.87,24.93,24.7,24.58,24.75,24.75,24.94,25.0,24.72,24.94,24.71,24.75,24.82,24.89,24.78,24.71,24.77,24.83,24.86,24.86,24.75,24.86,25.03,25.03,24.83,24.82,24.69,24.78,25.01,24.7,24.69,24.59,24.71,24.82,24.81,24.75,24.75,24.86,25.03,25.03,24.89,24.79,24.83,24.92,24.73,24.89,24.57,24.87,24.88,24.88,24.79,24.75,24.75,25.14,25.31,25.2,25.0,25.0,24.83,24.96,24.84,24.98,24.78,24.71,24.66,24.83,24.88,24.86,24.86,24.9,25.2,25.19,25.0,24.94,24.88,24.78,24.81,25.03,24.78,24.75,24.78,24.88,24.92,24.92,24.75,24.79,24.96,25.03,25.0,24.94,24.75,24.78,24.51,24.79,24.92,24.84,24.72,24.86,25.0,24.83,24.79,25.02,25.05,25.0,25.0,24.88,24.83,24.75,24.77,24.84,24.88,24.92,24.83,24.76,24.82,24.82,24.88,25.1,25.5,25.03,24.93,24.73,24.72,24.66,24.82,24.56,24.72,24.82,24.92,24.84,24.88,24.76,24.88,25.24,25.58,25.08,24.94,24.94,24.84,24.88,24.66,24.78,24.68,24.72,24.98,24.75,24.78,24.78,24.98,25.53,25.56,25.15,24.92,24.86,24.82,24.63,24.53,24.66,24.75,24.62,24.96,24.71,24.84,25.03,25.07,25.27,25.3,25.22,24.82,24.63,24.59,24.7,24.56
47.63,26.34,24.89,24.43,24.64,24.59,24.5,24.39,24.56,24.56,24.71,24.56,24.44,24.52,24.71,24.78,24.82,25.16,24.69,24.62,24.63,24.66,24.79,24.65,24.75,24.78,24.66,24.75,24.82,24.81,24.81,24.7,24.53,24.89,24.41,24.78,24.7,24.69,24.7,24.76,24.77,24.64,24.8,24.66,24.87,24.92,24.69,24.7,24.78,24.74,24.75,24.7,24.45,24.71,24.56,24.59,24.59,24.73,24.77,24.85,24.88,24.75,24.72,24.69,24.74,24.75,24.72,24.78,24.52,24.69,24.87,24.91,24.77,24.77,24.77,24.92,24.94,24.94,24.88,24.66,24.82,24.88,24.9,24.78,24.77,24.85,24.91,24.77,24.59,24.75,24.75,24.92,25.0,24.74,24.94,24.72,24.75,24.74,24.89,24.78,24.71,24.77,24.89,24.85,24.85,24.75,24.86,25.03,25.03,24.88,24.82,24.69,24.78,24.94,24.77,24.62,24.59,24.66,24.82,24.82,24.75,24.75,24.86,25.03,25.03,24.89,24.79,24.88,24.92,24.75,24.89,24.59,24.85,24.89,24.82,24.75,24.75,24.75,25.14,25.31,25.2,25.0,25.0,24.88,24.96,24.91,25.03,24.78,24.71,24.66,24.89,24.92,24.85,24.85,24.86,25.21,25.14,25.0,24.94,24.88,24.78,24.81,25.03,24.78,24.77,24.84,24.89,24.93,24.92,24.75,24.75,24.93,25.03,25.0,24.94,24.75,24.78,24.6,24.79,24.86,24.84,24.78,24.88,25.0,24.88,24.75,24.96,25.0,25.0,25.0,24.88,24.82,24.75,24.71,24.84,24.88,24.9,24.77,24.78,24.84,24.82,24.88,25.09,25.4,24.94,24.88,24.73,24.78,24.66,24.73,24.56,24.72,24.88,24.92,24.84,24.88,24.76,24.88,25.13,25.53,24.97,24.84,24.99,24.91,24.88,24.59,24.78,24.77,24.72,25.03,24.75,24.78,24.78,25.03,25.57,25.55,25.04,24.86,24.79,24.88,24.55,24.44,24.56,24.75,24.71,24.96,24.65,24.84,25.03,25.2,25.38,25.34,25.02,24.78,24.63,24.59,24.78,24.56
47.72,26.34,24.89,24.52,24.72,24.59,24.43,24.32,24.56,24.56,24.71,24.56,24.44,24.52,24.78,24.78,24.72,25.16,24.69,24.62,24.69,24.71,24.73,24.59,24.75,24.78,24.71,24.75,24.76,24.81,24.86,24.82,24.45,24.79,24.41,24.78,24.76,24.69,24.64,24.71,24.81,24.69,24.75,24.62,24.77,24.92,24.69,24.76,24.78,24.66,24.75,24.76,24.51,24.71,24.56,24.59,24.59,24.77,24.77,24.8,24.88,24.75,24.78,24.69,24.68,24.75,24.72,24.84,24.58,24.69,24.82,24.86,24.81,24.81,24.81,24.88,24.94,24.94,24.88,24.71,24.82,24.88,24.84,24.78,24.73,24.8,24.86,24.81,24.63,24.75,24.75,24.88,25.0,24.79,24.94,24.78,24.75,24.68,24.89,24.78,24.71,24.77,24.94,24.81,24.81,24.75,24.86,25.03,25.03,24.88,24.82,24.69,24.78,24.88,24.82,24.57,24.59,24.66,24.82,24.86,24.75,24.75,24.86,25.03,25.03,24.89,24.79,24.88,24.92,24.81,24.89,24.64,24.8,24.94,24.82,24.75,24.75,24.75,25.14,25.31,25.2,25.0,25.0,24.88,24.96,24.96,25.03,24.78,24.71,24.66,24.94,24.92,24.81,24.81,24.86,25.26,25.14,25.0,24.94,24.88,24.78,24.81,25.03,24.78,24.81,24.88,24.94,24.98,24.92,24.75,24.75,24.98,25.03,25.0,24.94,24.75,24.78,24.71,24.79,24.81,24.84,24.82,24.93,25.0,24.88,24.75,24.92,25.0,25.0,25.0,24.88,24.77,24.75,24.71,24.84,24.88,24.85,24.73,24.82,24.88,24.82,24.88,25.05,25.32,24.94,24.88,24.73,24.78,24.66,24.67,24.56,24.72,24.88,24.92,24.84,24.88,24.76,24.88,25.08,25.49,24.93,24.84,24.99,24.96,24.88,24.59,24.78,24.84,24.72,25.03,24.75,24.78,24.78,25.03,25.52,25.5,24.99,24.81,24.73,24.88,24.48,24.44,24.56,24.75,24.78,24.96,24.65,24.84,25.03,25.31,25.43,25.34,24.91,24.85,24.63,24.59,24.78,24.56
47.83,26.34,24.89,24.66,24.84,24.59,24.43,24.4,24.64,24.56,24.71,24.64,24.52,24.61,24.78,24.66,24.59,25.16,24.69,24.62,24.69,24.71,24.66,24.59,24.75,24.71,24.78,24.75,24.69,24.81,24.94,24.91,24.45,24.66,24.41,24.69,24.76,24.69,24.64,24.64,24.81,24.69,24.69,24.62,24.71,24.85,24.76,24.76,24.78,24.56,24.75,24.84,24.59,24.71,24.56,24.59,24.59,24.82,24.82,24.73,24.88,24.75,24.84,24.69,24.59,24.75,24.72,24.84,24.64,24.69,24.77,24.79,24.81,24.81,24.81,24.81,24.88,24.94,24.88,24.78,24.82,24.79,24.76,24.78,24.73,24.73,24.73,24.81,24.76,24.75,24.75,24.81,24.94,24.86,24.94,24.78,24.75,24.59,24.89,24.78,24.71,24.77,24.94,24.81,24.75,24.75,24.8,24.98,25.03,24.88,24.82,24.69,24.71,24.81,24.89,24.57,24.59,24.66,24.82,24.86,24.81,24.75,24.86,25.03,25.03,24.89,24.86,24.82,24.85,24.81,24.89,24.71,24.73,24.94,24.89,24.81,24.81,24.75,25.14,25.31,25.14,25.0,25.0,24.88,24.96,24.96,25.03,24.78,24.71,24.66,24.94,24.86,24.75,24.75,24.86,25.26,25.14,25.0,24.94,24.88,24.78,24.74,25.03,24.78,24.88,24.88,24.94,25.03,24.92,24.75,24.75,24.98,25.03,25.0,24.94,24.69,24.78,24.79,24.79,24.75,24.78,24.88,25.0,25.0,24.88,24.81,24.86,24.94,25.0,25.05,24.88,24.71,24.75,24.79,24.84,24.88,24.78,24.68,24.88,24.94,24.77,24.81,25.0,25.21,24.94,24.88,24.73,24.78,24.66,24.67,24.56,24.65,24.81,24.92,24.84,24.88,24.76,24.88,25.01,25.38,24.88,24.84,24.84,24.96,24.88,24.69,24.78,24.84,24.72,25.03,24.75,24.85,24.78,24.97,25.47,25.38,24.92,24.75,24.66,24.8,24.48,24.56,24.56,24.63,24.88,24.96,24.72,24.84,24.96,25.31,25.49,25.28,24.84,24.94,24.56,24.59,24.89,24.56
47.94,26.34,24.99,24.66,24.84,24.59,24.5,24.46,24.69,24.56,24.66,24.69,24.59,24.61,24.78,24.56,24.59,25.16,24.69,24.54,24.63,24.71,24.66,24.59,24.75,24.66,24.78,24.75,24.69,24.75,24.94,24.91,24.53,24.66,24.41,24.63,24.76,24.69,24.64,24.59,24.77,24.69,24.64,24.66,24.71,24.75,24.82,24.76,24.78,24.48,24.75,24.9,24.65,24.76,24.56,24.59,24.59,24.87,24.82,24.68,24.88,24.8,24.84,24.69,24.59,24.75,24.78,24.84,24.7,24.64,24.73,24.74,24.81,24.81,24.81,24.77,24.84,24.94,24.88,24.78,24.77,24.72,24.7,24.78,24.73,24.68,24.63,24.81,24.81,24.75,24.75,24.77,24.89,24.91,24.94,24.72,24.75,24.59,24.95,24.78,24.66,24.73,24.89,24.85,24.75,24.75,24.71,24.93,25.03,24.92,24.87,24.64,24.66,24.75,24.95,24.62,24.59,24.66,24.77,24.86,24.85,24.75,24.82,25.03,25.03,24.95,24.86,24.78,24.75,24.81,24.95,24.76,24.68,24.89,24.89,24.85,24.85,24.75,25.1,25.31,25.14,25.0,25.0,24.88,24.91,24.91,25.03,24.78,24.66,24.66,24.89,24.86,24.75,24.75,24.82,25.21,25.1,25.0,24.94,24.88,24.78,24.63,25.03,24.78,24.88,24.84,24.89,25.03,24.96,24.75,24.75,24.93,25.03,25.0,24.94,24.69,24.78,24.79,24.84,24.75,24.72,24.88,25.0,25.0,24.92,24.85,24.82,24.89,25.0,25.09,24.88,24.76,24.75,24.79,24.84,24.94,24.78,24.63,24.88,24.94,24.77,24.81,25.0,25.13,24.94,24.88,24.77,24.78,24.66,24.67,24.56,24.65,24.81,24.87,24.84,24.88,24.8,24.88,24.96,25.24,24.88,24.84,24.79,24.91,24.88,24.76,24.78,24.84,24.78,25.03,24.75,24.9,24.78,24.97,25.47,25.33,24.87,24.75,24.66,24.74,24.48,24.56,24.56,24.54,24.95,24.89,24.72,24.9,24.9,25.31,25.44,25.23,24.84,24.94,24.56,24.59,24.98,24.56
48.06,26.34,25.02,24.75,24.75,24.59,24.52,24.48,24.77,24.62,24.58,24.71,24.61,24.61,24.78,24.53,24.59,25.05,24.78,24.51,24.54,24.71,24.66,24.59,24.75,24.64,24.78,24.7,24.69,24.73,24.88,24.85,24.56,24.66,24.49,24.54,24.76,24.69,24.59,24.57,24.7,24.69,24.58,24.68,24.71,24.66,24.84,24.76,24.78,24.45,24.75,24.92,24.73,24.78,24.61,24.59,24.59,24.88,24.82,24.66,24.88,24.81,24.84,24.74,24.59,24.75,24.8,24.89,24.76,24.62,24.67,24.67,24.81,24.86,24.81,24.7,24.78,24.94,24.88,24.78,24.7,24.63,24.61,24.78,24.73,24.61,24.55,24.81,24.82,24.75,24.79,24.7,24.83,24.98,24.94,24.75,24.75,24.59,24.96,24.78,24.65,24.67,24.79,24.86,24.75,24.79,24.64,24.88,24.99,24.98,24.92,24.62,24.64,24.68,24.96,24.69,24.64,24.71,24.7,24.9,24.86,24.79,24.81,25.03,24.99,25.01,24.9,24.76,24.66,24.81,25.01,24.83,24.66,24.83,24.84,24.9,24.86,24.75,25.05,25.31,25.14,25.0,25.0,24.88,24.86,24.84,25.03,24.78,24.65,24.71,24.83,24.9,24.75,24.75,24.81,25.16,25.05,25.0,24.94,24.88,24.78,24.54,24.98,24.83,24.88,24.78,24.83,24.99,25.02,24.79,24.79,24.92,24.98,25.0,24.94,24.73,24.73,24.79,24.92,24.75,24.75,24.88,24.95,24.95,24.94,24.9,24.81,24.88,24.95,25.1,24.88,24.83,24.75,24.73,24.84,25.01,24.78,24.62,24.83,24.94,24.81,24.86,25.0,24.98,24.9,24.83,24.83,24.78,24.66,24.6,24.56,24.71,24.86,24.8,24.84,24.88,24.86,24.88,24.89,25.06,24.88,24.84,24.77,24.84,24.82,24.78,24.78,24.84,24.86,24.98,24.75,24.97,24.78,25.02,25.42,25.21,24.8,24.75,24.71,24.67,24.42,24.47,24.56,24.51,24.97,24.8,24.72,24.98,24.88,25.35,25.32,25.17,24.78,24.94,24.61,24.59,24.92,24.56
48.16,26.34,24.96,24.83,24.67,24.59,24.52,24.52,24.82,24.68,24.56,24.71,24.61,24.65,24.73,24.53,24.59,24.94,24.88,24.57,24.48,24.68,24.66,24.63,24.75,24.64,24.78,24.65,24.69,24.77,24.82,24.74,24.56,24.66,24.57,24.48,24.72,24.69,24.58,24.6,24.66,24.66,24.56,24.68,24.74,24.64,24.84,24.72,24.78,24.5,24.75,24.88,24.75,24.74,24.66,24.59,24.59,24.85,24.85,24.7,24.88,24.78,24.84,24.8,24.59,24.75,24.76,24.91,24.78,24.66,24.66,24.66,24.78,24.88,24.78,24.69,24.74,24.94,24.88,24.78,24.69,24.57,24.59,24.78,24.76,24.59,24.53,24.78,24.82,24.75,24.83,24.69,24.78,25.0,24.94,24.8,24.75,24.59,24.93,24.78,24.68,24.66,24.7,24.86,24.75,24.83,24.62,24.83,24.95,25.0,24.94,24.66,24.64,24.66,24.93,24.74,24.68,24.76,24.69,24.92,24.86,24.83,24.83,25.03,24.95,25.03,24.97,24.76,24.64,24.77,25.03,24.84,24.7,24.78,24.82,24.95,24.86,24.75,25.03,25.31,25.12,25.0,25.0,24.88,24.84,24.79,25.03,24.78,24.68,24.76,24.78,24.92,24.75,24.75,24.83,25.12,25.03,25.0,24.94,24.88,24.78,24.52,24.92,24.88,24.88,24.74,24.78,24.95,25.03,24.83,24.83,24.92,24.93,25.0,24.94,24.75,24.68,24.76,24.94,24.75,24.8,24.88,24.9,24.91,24.91,24.95,24.83,24.88,24.91,25.1,24.88,24.84,24.75,24.71,24.84,25.03,24.78,24.65,24.79,24.94,24.82,24.88,25.0,24.9,24.85,24.79,24.84,24.78,24.66,24.58,24.56,24.72,24.88,24.78,24.84,24.88,24.88,24.88,24.88,24.98,24.88,24.84,24.73,24.79,24.76,24.78,24.78,24.8,24.88,24.92,24.75,25.02,24.78,25.03,25.38,25.12,24.78,24.75,24.77,24.61,24.39,24.44,24.56,24.51,24.92,24.78,24.76,25.0,24.88,25.33,25.25,25.12,24.76,24.94,24.63,24.59,24.84,24.56
48.28,26.34,24.83,24.89,24.55,24.59,24.56,24.61,24.86,24.71,24.56,24.75,24.61,24.74,24.64,24.47,24.59,24.87,24.94,24.62,24.39,24.6,24.66,24.71,24.75,24.64,24.78,24.61,24.65,24.81,24.79,24.62,24.56,24.66,24.67,24.39,24.68,24.69,24.58,24.64,24.59,24.59,24.59,24.68,24.78,24.64,24.84,24.68,24.78,24.56,24.75,24.8,24.75,24.71,24.69,24.59,24.59,24.82,24.88,24.73,24.88,24.75,24.87,24.84,24.59,24.7,24.72,24.88,24.75,24.69,24.66,24.66,24.72,24.84,24.75,24.69,24.71,24.94,24.88,24.78,24.69,24.48,24.63,24.78,24.79,24.57,24.53,24.72,24.82,24.75,24.86,24.72,24.75,25.0,24.94,24.8,24.75,24.59,24.89,24.78,24.73,24.66,24.61,24.89,24.75,24.86,24.62,24.81,24.92,25.0,24.94,24.72,24.64,24.66,24.89,24.81,24.71,24.79,24.69,24.89,24.89,24.86,24.86,25.0,24.92,25.03,25.07,24.73,24.64,24.69,25.03,24.84,24.73,24.72,24.82,25.0,24.89,24.75,25.0,25.31,25.09,25.0,25.0,24.88,24.84,24.72,25.0,24.82,24.71,24.83,24.75,24.89,24.78,24.78,24.89,25.03,25.03,25.0,24.94,24.88,24.78,24.52,24.88,24.92,24.88,24.68,24.72,24.89,25.0,24.89,24.89,24.89,24.86,25.0,24.94,24.75,24.64,24.69,24.9,24.75,24.83,24.88,24.83,24.84,24.84,25.0,24.86,24.84,24.88,25.1,24.88,24.88,24.78,24.75,24.84,25.03,24.78,24.7,24.76,24.91,24.8,24.88,25.0,24.83,24.8,24.76,24.84,24.78,24.69,24.58,24.56,24.72,24.88,24.78,24.84,24.88,24.88,24.88,24.88,24.91,24.84,24.84,24.67,24.76,24.69,24.78,24.72,24.7,24.88,24.88,24.75,25.06,24.78,25.03,25.28,24.98,24.75,24.75,24.81,24.58,24.44,24.5,24.56,24.51,24.88,24.78,24.84,24.96,24.88,25.26,25.19,25.02,24.76,24.94,24.63,24.59,24.72,24.56
48.38,26.34,24.73,24.89,24.46,24.59,24.61,24.63,24.84,24.71,24.56,24.79,24.59,24.78,24.59,24.41,24.59,24.87,24.94,24.62,24.34,24.56,24.66,24.75,24.75,24.66,24.78,24.61,24.6,24.81,24.79,24.58,24.53,24.66,24.75,24.34,24.7,24.69,24.56,24.64,24.56,24.56,24.64,24.66,24.76,24.66,24.82,24.7,24.78,24.56,24.75,24.74,24.75,24.71,24.69,24.59,24.59,24.82,24.87,24.73,24.88,24.75,24.91,24.84,24.59,24.62,24.72,24.84,24.7,24.69,24.66,24.66,24.69,24.81,24.77,24.69,24.73,24.94,24.88,24.78,24.69,24.44,24.7,24.78,24.77,24.52,24.55,24.69,24.81,24.75,24.86,24.77,24.77,25.0,24.94,24.76,24.75,24.59,24.89,24.78,24.78,24.66,24.58,24.92,24.75,24.86,24.64,24.82,24.92,25.0,24.94,24.77,24.66,24.66,24.89,24.84,24.71,24.79,24.69,24.86,24.92,24.86,24.86,24.96,24.92,25.03,25.1,24.71,24.66,24.66,25.03,24.84,24.73,24.69,24.81,25.03,24.92,24.75,24.96,25.31,25.1,25.0,25.0,24.88,24.84,24.69,24.95,24.87,24.71,24.88,24.77,24.86,24.82,24.82,24.93,24.96,25.03,25.0,24.94,24.88,24.78,24.54,24.88,24.92,24.88,24.66,24.69,24.85,24.96,24.93,24.93,24.86,24.81,25.0,24.94,24.77,24.64,24.66,24.84,24.75,24.85,24.88,24.78,24.8,24.8,25.03,24.86,24.81,24.88,25.09,24.88,24.92,24.83,24.79,24.84,25.03,24.78,24.75,24.76,24.87,24.77,24.89,25.0,24.78,24.75,24.76,24.84,24.78,24.75,24.56,24.56,24.74,24.9,24.78,24.84,24.88,24.88,24.88,24.88,24.88,24.8,24.84,24.65,24.77,24.63,24.76,24.62,24.66,24.88,24.88,24.75,25.04,24.78,25.05,25.19,24.9,24.7,24.75,24.81,24.59,24.48,24.56,24.56,24.54,24.88,24.78,24.88,24.9,24.9,25.23,25.14,24.94,24.74,24.94,24.65,24.59,24.61,24.56
48.5,26.34,24.6,24.86,24.37,24.59,24.61,24.56,24.77,24.71,24.58,24.79,24.5,24.78,24.59,24.44,24.59,24.83,24.94,24.62,24.37,24.58,24.66,24.75,24.75,24.73,24.78,24.61,24.53,24.81,24.77,24.58,24.42,24.66,24.83,24.37,24.76,24.69,24.49,24.64,24.56,24.58,24.7,24.62,24.71,24.73,24.76,24.78,24.78,24.58,24.75,24.68,24.77,24.71,24.69,24.59,24.59,24.82,24.82,24.75,24.86,24.75,24.96,24.84,24.59,24.52,24.71,24.84,24.64,24.69,24.66,24.66,24.7,24.81,24.81,24.69,24.77,24.94,24.89,24.78,24.69,24.44,24.76,24.78,24.73,24.5,24.61,24.69,24.74,24.75,24.88,24.81,24.81,25.0,24.94,24.78,24.75,24.59,24.88,24.78,24.83,24.67,24.58,24.9,24.75,24.86,24.7,24.86,24.9,25.0,24.94,24.83,24.71,24.66,24.88,24.84,24.72,24.79,24.69,24.86,24.9,24.86,24.86,24.92,24.92,25.03,25.1,24.72,24.71,24.66,25.01,24.84,24.75,24.69,24.74,25.02,24.9,24.75,24.9,25.31,25.14,25.0,25.0,24.86,24.83,24.69,24.89,24.92,24.71,24.93,24.81,24.86,24.88,24.86,24.98,24.92,25.03,25.0,24.94,24.88,24.76,24.6,24.88,24.92,24.86,24.66,24.69,24.81,24.9,24.98,24.98,24.86,24.76,25.0,24.94,24.83,24.63,24.67,24.79,24.75,24.92,24.88,24.71,24.73,24.75,25.02,24.86,24.81,24.88,25.04,24.88,24.97,24.88,24.77,24.84,25.03,24.78,24.8,24.75,24.82,24.78,24.94,25.0,24.72,24.7,24.76,24.84,24.78,24.81,24.49,24.56,24.82,24.96,24.78,24.86,24.88,24.88,24.88,24.86,24.88,24.75,24.84,24.72,24.82,24.56,24.66,24.53,24.63,24.88,24.88,24.75,24.97,24.78,25.09,25.06,24.83,24.64,24.75,24.81,24.67,24.48,24.56,24.56,24.63,24.85,24.78,24.88,24.82,24.99,25.28,25.08,24.88,24.68,24.94,24.72,24.59,24.42,24.56
48.59,26.34,24.5,24.76,24.37,24.59,24.61,24.5,24.71,24.71,24.64,24.79,24.44,24.78,24.59,24.53,24.59,24.72,24.94,24.62,24.43,24.64,24.66,24.75,24.75,24.78,24.78,24.61,24.48,24.81,24.71,24.58,24.34,24.66,24.83,24.43,24.76,24.69,24.44,24.64,24.56,24.62,24.75,24.62,24.71,24.78,24.76,24.84,24.78,24.66,24.75,24.68,24.81,24.71,24.69,24.59,24.59,24.82,24.82,24.8,24.82,24.75,24.96,24.84,24.59,24.45,24.65,24.84,24.64,24.69,24.66,24.66,24.75,24.81,24.81,24.69,24.77,24.94,24.93,24.78,24.69,24.44,24.76,24.78,24.73,24.55,24.66,24.69,24.69,24.75,24.92,24.81,24.81,25.0,24.94,24.83,24.75,24.59,24.82,24.78,24.88,24.71,24.58,24.86,24.75,24.86,24.75,24.86,24.86,25.0,24.94,24.88,24.71,24.66,24.82,24.84,24.76,24.79,24.69,24.86,24.86,24.86,24.86,24.92,24.92,25.03,25.1,24.76,24.71,24.66,24.96,24.84,24.8,24.69,24.69,24.98,24.86,24.75,24.86,25.31,25.14,25.0,25.0,24.82,24.78,24.69,24.89,24.92,24.71,24.93,24.81,24.86,24.92,24.86,24.98,24.92,25.03,25.0,24.94,24.88,24.71,24.66,24.88,24.92,24.81,24.66,24.69,24.81,24.86,24.98,24.98,24.86,24.76,25.0,24.94,24.88,24.58,24.72,24.79,24.75,24.97,24.88,24.66,24.69,24.75,24.98,24.86,24.81,24.88,25.0,24.88,24.97,24.88,24.71,24.84,25.03,24.78,24.84,24.71,24.82,24.82,24.94,25.0,24.72,24.66,24.76,24.84,24.78,24.81,24.49,24.56,24.88,24.96,24.78,24.91,24.88,24.88,24.88,24.82,24.88,24.75,24.84,24.78,24.82,24.5,24.59,24.53,24.57,24.88,24.88,24.75,24.92,24.78,25.09,24.97,24.78,24.64,24.75,24.81,24.72,24.48,24.56,24.56,24.63,24.78,24.78,24.88,24.76,25.09,25.28,25.03,24.88,24.68,24.94,24.78,24.59,24.33,24.56
48.72,26.34,24.5,24.51,24.49,24.59,24.69,24.5,24.64,24.64,24.71,24.86,24.44,24.78,24.59,24.53,24.59,24.72,24.81,24.51,24.52,24.71,24.66,24.75,24.75,24.78,24.78,24.68,24.41,24.73,24.71,24.66,24.34,24.66,24.72,24.52,24.76,24.69,24.44,24.57,24.56,24.69,24.81,24.68,24.71,24.78,24.84,24.92,24.78,24.66,24.75,24.76,24.88,24.78,24.62,24.59,24.59,24.88,24.82,24.8,24.76,24.81,24.96,24.76,24.59,24.35,24.65,24.76,24.64,24.62,24.66,24.66,24.81,24.75,24.81,24.69,24.77,24.94,24.99,24.78,24.69,24.44,24.76,24.78,24.73,24.62,24.66,24.69,24.69,24.75,24.92,24.81,24.81,25.0,24.94,24.77,24.75,24.59,24.82,24.78,24.88,24.77,24.63,24.86,24.75,24.81,24.75,24.86,24.86,25.0,24.94,24.88,24.64,24.66,24.82,24.84,24.76,24.72,24.69,24.81,24.86,24.81,24.81,24.92,24.98,25.03,25.05,24.76,24.64,24.66,24.89,24.84,24.8,24.69,24.69,24.92,24.86,24.75,24.81,25.31,25.14,25.0,25.0,24.76,24.71,24.69,24.89,24.92,24.65,24.86,24.81,24.81,24.98,24.86,24.92,24.92,25.03,25.0,24.94,24.88,24.64,24.66,24.96,24.85,24.75,24.66,24.69,24.86,24.81,24.92,24.92,24.81,24.82,25.0,24.94,24.88,24.58,24.79,24.79,24.75,24.91,24.88,24.66,24.69,24.81,24.92,24.81,24.75,24.94,25.0,24.88,24.97,24.88,24.71,24.84,25.03,24.78,24.84,24.71,24.82,24.82,24.88,25.0,24.79,24.66,24.82,24.84,24.78,24.81,24.58,24.56,24.88,24.88,24.78,24.97,24.88,24.88,24.88,24.76,24.88,24.75,24.84,24.78,24.82,24.5,24.59,24.53,24.48,24.88,24.96,24.75,24.85,24.78,25.03,24.91,24.78,24.64,24.75,24.73,24.8,24.57,24.67,24.56,24.51,24.78,24.78,24.88,24.68,25.16,25.22,25.03,24.88,24.76,24.94,24.78,24.59,24.44,24.56
48.81,26.34,24.6,24.42,24.49,24.59,24.76,24.5,24.58,24.58,24.71,24.86,24.44,24.78,24.59,24.44,24.59,24.83,24.72,24.43,24.52,24.71,24.66,24.75,24.75,24.78,24.78,24.73,24.41,24.68,24.71,24.73,24.42,24.66,24.72,24.58,24.7,24.64,24.49,24.57,24.56,24.69,24.86,24.72,24.71,24.73,24.84,24.98,24.78,24.58,24.75,24.76,24.88,24.83,24.62,24.59,24.59,24.88,24.82,24.8,24.76,24.86,24.96,24.71,24.59,24.28,24.65,24.71,24.64,24.62,24.66,24.66,24.81,24.75,24.86,24.69,24.77,24.89,24.99,24.78,24.69,24.5,24.76,24.78,24.73,24.62,24.66,24.69,24.69,24.75,24.88,24.81,24.81,25.0,24.94,24.72,24.75,24.59,24.88,24.83,24.83,24.77,24.67,24.86,24.75,24.76,24.75,24.9,24.9,25.0,24.94,24.88,24.64,24.66,24.88,24.84,24.72,24.67,24.65,24.76,24.86,24.76,24.76,24.88,25.02,25.03,25.01,24.76,24.64,24.66,24.89,24.89,24.8,24.69,24.69,24.92,24.9,24.75,24.76,25.27,25.14,25.0,25.0,24.76,24.65,24.69,24.84,24.92,24.61,24.81,24.81,24.81,25.02,24.86,24.88,24.92,25.03,25.0,24.94,24.88,24.59,24.66,24.96,24.8,24.75,24.66,24.69,24.9,24.81,24.88,24.88,24.76,24.88,25.0,24.94,24.83,24.63,24.79,24.79,24.75,24.86,24.88,24.71,24.69,24.86,24.92,24.76,24.7,24.94,25.0,24.88,24.97,24.88,24.77,24.84,25.03,24.78,24.8,24.71,24.82,24.82,24.83,24.95,24.85,24.7,24.86,24.84,24.78,24.81,24.65,24.56,24.88,24.82,24.78,24.97,24.88,24.88,24.88,24.72,24.88,24.75,24.84,24.78,24.82,24.5,24.59,24.53,24.48,24.88,25.01,24.75,24.85,24.78,24.98,24.86,24.78,24.7,24.8,24.68,24.8,24.63,24.75,24.56,24.51,24.78,24.78,24.88,24.68,25.2,25.17,24.98,24.88,24.82,24.87,24.72,24.52,24.44,24.56
48.94,26.34,24.73,24.39,24.49,24.59,24.78,24.5,24.56,24.56,24.71,24.81,24.44,24.78,24.59,24.41,24.59,24.87,24.69,24.41,24.52,24.71,24.66,24.75,24.75,24.78,24.78,24.75,24.46,24.66,24.66,24.75,24.53,24.66,24.72,24.67,24.56,24.57,24.56,24.62,24.56,24.69,24.88,24.77,24.76,24.66,24.84,25.0,24.78,24.56,24.75,24.76,24.88,24.84,24.67,24.59,24.59,24.84,24.87,24.85,24.76,24.88,24.91,24.69,24.59,24.25,24.59,24.69,24.7,24.67,24.66,24.66,24.81,24.8,24.88,24.69,24.73,24.82,24.99,24.78,24.69,24.59,24.7,24.78,24.77,24.66,24.66,24.69,24.69,24.75,24.86,24.77,24.77,25.0,24.94,24.76,24.75,24.59,24.89,24.9,24.78,24.77,24.69,24.82,24.75,24.75,24.75,24.92,24.92,25.0,24.94,24.88,24.64,24.66,24.89,24.84,24.71,24.66,24.59,24.75,24.82,24.75,24.75,24.86,25.03,25.03,25.0,24.8,24.64,24.66,24.89,24.95,24.85,24.69,24.69,24.92,24.92,24.75,24.75,25.21,25.1,25.0,25.0,24.76,24.59,24.69,24.82,24.87,24.59,24.74,24.77,24.85,25.03,24.82,24.82,24.96,25.03,25.0,24.94,24.88,24.52,24.66,24.9,24.78,24.75,24.66,24.69,24.96,24.85,24.82,24.82,24.75,24.95,25.0,24.94,24.77,24.64,24.79,24.84,24.75,24.84,24.88,24.78,24.69,24.92,24.92,24.75,24.69,24.89,25.0,24.88,24.92,24.83,24.79,24.84,25.03,24.78,24.75,24.66,24.87,24.87,24.77,24.88,24.91,24.75,24.88,24.84,24.78,24.75,24.73,24.56,24.88,24.75,24.78,24.97,24.88,24.88,24.88,24.66,24.88,24.8,24.84,24.78,24.77,24.5,24.59,24.62,24.48,24.88,25.03,24.75,24.9,24.78,24.92,24.84,24.78,24.82,24.86,24.66,24.74,24.66,24.78,24.56,24.51,24.71,24.78,24.88,24.74,25.27,25.11,24.9,24.94,24.9,24.78,24.65,24.43,24.44,24.56
49.03,26.34,24.76,24.45,24.55,24.59,24.74,24.5,24.56,24.6,24.75,24.75,24.44,24.78,24.59,24.41,24.59,24.87,24.69,24.46,24.56,24.71,24.66,24.75,24.75,24.78,24.75,24.75,24.52,24.66,24.64,24.75,24.56,24.66,24.72,24.74,24.48,24.55,24.58,24.67,24.59,24.69,24.88,24.82,24.84,24.64,24.84,24.96,24.74,24.56,24.79,24.76,24.88,24.84,24.72,24.62,24.59,24.8,24.91,24.9,24.76,24.88,24.87,24.65,24.59,24.3,24.58,24.72,24.71,24.72,24.66,24.69,24.84,24.81,24.84,24.69,24.71,24.8,24.99,24.75,24.69,24.66,24.68,24.78,24.79,24.7,24.66,24.72,24.69,24.72,24.86,24.75,24.75,24.97,24.94,24.78,24.75,24.63,24.86,24.95,24.73,24.77,24.69,24.81,24.78,24.75,24.72,24.92,24.89,25.0,24.94,24.84,24.64,24.66,24.86,24.84,24.73,24.66,24.58,24.75,24.78,24.75,24.75,24.89,25.03,25.03,24.97,24.85,24.64,24.66,24.89,24.97,24.9,24.69,24.72,24.89,24.92,24.75,24.78,25.2,25.09,25.0,25.0,24.73,24.53,24.69,24.86,24.82,24.59,24.69,24.72,24.89,25.03,24.78,24.78,25.0,25.06,25.0,24.94,24.85,24.51,24.69,24.88,24.82,24.75,24.66,24.69,24.98,24.89,24.81,24.78,24.75,25.0,25.0,24.97,24.75,24.64,24.79,24.9,24.75,24.81,24.88,24.83,24.69,24.97,24.92,24.75,24.69,24.88,24.97,24.88,24.88,24.78,24.75,24.84,25.03,24.78,24.73,24.65,24.88,24.91,24.75,24.86,24.93,24.77,24.88,24.84,24.78,24.69,24.76,24.56,24.88,24.73,24.78,24.97,24.84,24.88,24.88,24.65,24.85,24.81,24.84,24.78,24.72,24.5,24.59,24.72,24.48,24.84,24.99,24.78,24.92,24.78,24.91,24.84,24.78,24.88,24.88,24.69,24.69,24.66,24.78,24.56,24.57,24.69,24.78,24.88,24.8,25.28,25.02,24.84,24.99,24.92,24.76,24.59,24.41,24.5,24.63
49.16,26.34,24.76,24.64,24.61,24.59,24.65,24.5,24.56,24.68,24.79,24.68,24.44,24.78,24.59,24.34,24.59,24.94,24.69,24.57,24.61,24.68,24.66,24.75,24.75,24.78,24.68,24.75,24.58,24.66,24.68,24.75,24.56,24.66,24.78,24.78,24.44,24.55,24.58,24.74,24.66,24.66,24.88,24.84,24.94,24.64,24.8,24.88,24.65,24.5,24.87,24.72,24.84,24.84,24.78,24.68,24.59,24.74,24.94,24.94,24.79,24.88,24.84,24.58,24.59,24.4,24.61,24.8,24.68,24.78,24.66,24.76,24.88,24.81,24.81,24.69,24.74,24.8,24.96,24.68,24.69,24.74,24.72,24.78,24.76,24.7,24.66,24.78,24.69,24.66,24.83,24.78,24.78,24.9,24.94,24.74,24.75,24.72,24.82,25.02,24.68,24.74,24.69,24.83,24.83,24.75,24.66,24.95,24.86,25.0,24.94,24.78,24.68,24.66,24.82,24.84,24.76,24.66,24.58,24.75,24.75,24.75,24.75,24.92,25.03,25.03,24.9,24.88,24.68,24.66,24.93,24.97,24.94,24.69,24.79,24.86,24.95,24.75,24.83,25.2,25.12,25.0,25.0,24.71,24.5,24.69,24.89,24.78,24.59,24.66,24.69,24.95,25.03,24.75,24.75,25.03,25.12,25.0,24.94,24.79,24.54,24.77,24.88,24.88,24.78,24.66,24.69,24.95,24.95,24.83,24.75,24.75,25.03,25.0,25.02,24.75,24.68,24.76,24.94,24.75,24.74,24.88,24.9,24.69,25.0,24.95,24.75,24.69,24.88,24.9,24.88,24.84,24.75,24.71,24.84,25.03,24.78,24.73,24.68,24.85,24.94,24.78,24.86,24.9,24.77,24.88,24.84,24.78,24.66,24.71,24.56,24.88,24.77,24.78,24.94,24.78,24.88,24.88,24.68,24.79,24.78,24.84,24.78,24.69,24.5,24.59,24.78,24.52,24.76,24.92,24.84,24.92,24.78,24.94,24.84,24.78,24.92,24.88,24.77,24.61,24.66,24.78,24.56,24.75,24.73,24.78,24.88,24.88,25.25,24.92,24.77,25.03,24.88,24.76,24.52,24.41,24.56,24.76
49.25,26.34,24.76,24.82,24.61,24.59,24.58,24.5,24.56,24.73,24.79,24.62,24.44,24.78,24.59,24.25,24.59,25.05,24.69,24.65,24.61,24.62,24.66,24.75,24.75,24.78,24.63,24.75,24.64,24.66,24.73,24.75,24.56,24.66,24.86,24.78,24.44,24.55,24.58,24.79,24.7,24.61,24.88,24.84,24.98,24.64,24.74,24.82,24.58,24.42,24.93,24.65,24.8,24.84,24.83,24.72,24.59,24.7,24.94,24.94,24.83,24.88,24.84,24.53,24.59,24.48,24.67,24.86,24.63,24.83,24.66,24.81,24.88,24.81,24.81,24.69,24.78,24.8,24.92,24.63,24.69,24.81,24.78,24.78,24.72,24.65,24.66,24.83,24.69,24.61,24.79,24.83,24.83,24.85,24.94,24.69,24.75,24.78,24.82,25.07,24.64,24.7,24.69,24.88,24.88,24.75,24.61,24.99,24.86,25.0,24.94,24.73,24.73,24.66,24.82,24.84,24.76,24.66,24.58,24.75,24.75,24.75,24.75,24.92,25.03,25.03,24.85,24.88,24.73,24.66,24.98,24.97,24.94,24.69,24.84,24.86,24.99,24.75,24.88,25.2,25.16,25.0,25.0,24.71,24.5,24.69,24.89,24.78,24.59,24.66,24.69,24.99,25.03,24.75,24.75,25.03,25.16,25.0,24.94,24.75,24.59,24.82,24.88,24.94,24.83,24.66,24.69,24.9,24.99,24.88,24.75,24.75,25.03,25.0,25.06,24.75,24.73,24.71,24.94,24.75,24.69,24.88,24.95,24.69,25.0,24.99,24.75,24.69,24.88,24.85,24.88,24.84,24.75,24.71,24.84,25.03,24.78,24.73,24.72,24.81,24.94,24.83,24.86,24.85,24.77,24.88,24.84,24.78,24.66,24.65,24.56,24.88,24.82,24.78,24.89,24.73,24.88,24.88,24.72,24.75,24.73,24.84,24.78,24.69,24.5,24.59,24.78,24.59,24.71,24.86,24.89,24.92,24.78,24.98,24.84,24.78,24.92,24.88,24.82,24.56,24.66,24.78,24.56,24.93,24.8,24.78,24.88,24.94,25.2,24.86,24.71,25.03,24.82,24.76,24.46,24.41,24.56,24.86
49.37,26.34,24.73,24.92,24.52,24.51,24.5,24.5,24.56,24.73,24.73,24.56,24.44,24.78,24.69,24.28,24.59,25.01,24.69,24.75,24.63,24.56,24.66,24.75,24.75,24.78,24.63,24.75,24.69,24.73,24.73,24.75,24.53,24.66,24.94,24.78,24.46,24.57,24.56,24.84,24.7,24.56,24.81,24.79,24.98,24.66,24.69,24.74,24.58,24.45,24.93,24.59,24.75,24.84,24.81,24.72,24.66,24.66,24.88,24.94,24.88,24.81,24.84,24.46,24.59,24.58,24.74,24.86,24.63,24.88,24.66,24.81,24.83,24.8,24.86,24.75,24.84,24.82,24.81,24.63,24.69,24.88,24.78,24.71,24.72,24.59,24.72,24.83,24.69,24.61,24.81,24.83,24.83,24.78,24.94,24.69,24.75,24.78,24.81,24.99,24.65,24.66,24.75,24.88,24.88,24.75,24.61,24.98,24.85,24.94,24.94,24.73,24.78,24.66,24.81,24.84,24.78,24.66,24.59,24.69,24.75,24.75,24.81,24.93,24.98,24.96,24.85,24.88,24.78,24.66,24.96,24.95,24.94,24.75,24.84,24.85,25.03,24.75,24.93,25.16,25.16,25.0,25.05,24.75,24.57,24.69,24.84,24.78,24.65,24.72,24.69,24.98,24.98,24.81,24.81,25.03,25.16,25.0,24.94,24.75,24.59,24.82,24.82,24.94,24.88,24.71,24.69,24.85,24.98,24.93,24.75,24.75,24.96,25.0,25.12,24.77,24.78,24.66,24.86,24.81,24.69,24.88,25.0,24.69,24.94,25.03,24.81,24.69,24.83,24.78,24.88,24.84,24.75,24.69,24.84,25.03,24.85,24.75,24.78,24.75,24.88,24.89,24.88,24.85,24.75,24.82,24.84,24.78,24.73,24.56,24.56,24.88,24.82,24.85,24.84,24.67,24.88,24.88,24.78,24.75,24.67,24.84,24.78,24.69,24.58,24.59,24.78,24.66,24.79,24.86,24.95,24.9,24.78,24.98,24.91,24.78,24.9,24.86,24.82,24.58,24.75,24.67,24.56,25.02,24.9,24.78,24.88,25.0,25.14,24.86,24.73,24.96,24.74,24.7,24.48,24.52,24.58,24.86
49.47,26.34,24.63,24.92,24.52,24.44,24.43,24.5,24.56,24.73,24.73,24.56,24.44,24.78,24.76,24.38,24.59,24.9,24.69,24.83,24.69,24.56,24.66,24.75,24.75,24.78,24.63,24.75,24.69,24.79,24.73,24.75,24.45,24.66,24.94,24.78,24.52,24.62,24.51,24.84,24.7,24.56,24.77,24.75,24.98,24.71,24.69,24.68,24.58,24.53,24.93,24.59,24.75,24.84,24.77,24.72,24.71,24.66,24.84,24.94,24.88,24.77,24.84,24.41,24.59,24.65,24.8,24.86,24.63,24.88,24.66,24.81,24.83,24.75,24.86,24.8,24.88,24.87,24.77,24.63,24.69,24.88,24.78,24.65,24.72,24.59,24.78,24.83,24.69,24.61,24.85,24.83,24.83,24.72,24.94,24.69,24.75,24.78,24.76,24.88,24.69,24.66,24.8,24.88,24.88,24.75,24.61,24.93,24.81,24.89,24.94,24.73,24.78,24.66,24.76,24.84,24.82,24.66,24.63,24.64,24.75,24.75,24.85,24.98,24.93,24.91,24.85,24.88,24.78,24.66,24.91,24.91,24.94,24.8,24.84,24.81,25.03,24.75,24.98,25.16,25.16,25.0,25.09,24.75,24.62,24.69,24.84,24.78,24.69,24.78,24.69,24.93,24.93,24.85,24.85,25.03,25.16,25.0,24.94,24.75,24.59,24.82,24.82,24.94,24.88,24.75,24.69,24.81,24.93,24.98,24.75,24.75,24.91,25.0,25.16,24.81,24.78,24.66,24.81,24.86,24.69,24.88,25.0,24.69,24.89,25.03,24.85,24.69,24.83,24.72,24.88,24.84,24.75,24.64,24.84,25.03,24.9,24.79,24.82,24.71,24.84,24.94,24.93,24.85,24.71,24.78,24.84,24.78,24.79,24.49,24.56,24.88,24.82,24.9,24.84,24.62,24.88,24.88,24.82,24.75,24.62,24.84,24.78,24.69,24.63,24.59,24.78,24.66,24.86,24.86,25.0,24.85,24.78,24.98,24.95,24.78,24.85,24.81,24.82,24.63,24.82,24.58,24.56,25.02,24.97,24.78,24.88,25.0,25.09,24.86,24.79,24.9,24.68,24.7,24.54,24.66,24.67,24.86
49.59,26.34,24.5,24.92,24.52,24.44,24.43,24.5,24.56,24.73,24.73,24.56,24.52,24.78,24.76,24.38,24.59,24.9,24.69,24.83,24.78,24.56,24.73,24.75,24.75,24.78,24.63,24.75,24.76,24.79,24.81,24.66,24.45,24.79,24.94,24.78,24.59,24.69,24.51,24.84,24.7,24.62,24.7,24.75,24.98,24.78,24.69,24.59,24.58,24.64,24.93,24.59,24.75,24.84,24.77,24.72,24.71,24.66,24.84,24.94,24.88,24.77,24.78,24.41,24.59,24.65,24.8,24.86,24.63,24.88,24.71,24.81,24.83,24.75,24.86,24.86,24.88,24.87,24.77,24.63,24.69,24.79,24.78,24.65,24.72,24.66,24.78,24.83,24.69,24.61,24.85,24.83,24.83,24.72,24.94,24.69,24.75,24.78,24.76,24.82,24.75,24.66,24.8,24.88,24.93,24.75,24.67,24.88,24.75,24.89,24.94,24.73,24.78,24.66,24.69,24.84,24.82,24.66,24.69,24.64,24.81,24.81,24.9,24.98,24.88,24.91,24.85,24.88,24.71,24.66,24.84,24.84,24.94,24.8,24.79,24.75,25.03,24.75,25.03,25.16,25.16,25.0,25.14,24.75,24.69,24.69,24.91,24.78,24.75,24.78,24.69,24.88,24.93,24.9,24.9,24.98,25.1,24.94,24.94,24.75,24.59,24.82,24.9,24.94,24.81,24.75,24.69,24.81,24.93,25.03,24.81,24.75,24.84,25.0,25.16,24.88,24.78,24.66,24.73,24.92,24.75,24.88,24.93,24.69,24.89,25.03,24.85,24.69,24.83,24.72,24.94,24.84,24.75,24.56,24.84,25.03,24.83,24.84,24.82,24.66,24.84,25.0,25.0,24.78,24.66,24.78,24.84,24.85,24.79,24.41,24.56,24.88,24.9,24.9,24.84,24.62,24.82,24.88,24.88,24.75,24.62,24.78,24.78,24.69,24.63,24.59,24.66,24.66,24.86,24.86,25.0,24.78,24.78,24.98,25.02,24.71,24.78,24.75,24.9,24.71,24.82,24.58,24.56,25.02,24.97,24.78,24.88,25.0,25.03,24.79,24.86,24.82,24.59,24.7,24.61,24.85,24.78,24.86
49.69,26.34,24.5,24.83,24.43,24.44,24.5,24.5,24.56,24.68,24.68,24.56,24.59,24.78,24.76,24.38,24.59,24.9,24.69,24.75,24.78,24.56,24.79,24.75,24.75,24.78,24.68,24.75,24.82,24.79,24.81,24.6,24.53,24.89,24.94,24.78,24.59,24.69,24.56,24.84,24.66,24.67,24.66,24.75,24.94,24.78,24.69,24.59,24.65,24.72,24.87,24.59,24.75,24.84,24.77,24.68,24.71,24.66,24.84,24.94,24.88,24.77,24.72,24.46,24.59,24.58,24.74,24.8,24.68,24.88,24.75,24.76,24.78,24.8,24.91,24.91,24.84,24.82,24.77,24.68,24.69,24.72,24.72,24.65,24.76,24.71,24.78,24.78,24.69,24.66,24.85,24.78,24.78,24.78,24.94,24.74,24.75,24.72,24.81,24.76,24.79,24.66,24.8,24.83,24.93,24.75,24.75,24.83,24.75,24.89,24.94,24.78,24.78,24.66,24.69,24.84,24.78,24.66,24.69,24.64,24.85,24.85,24.95,24.93,24.83,24.91,24.9,24.88,24.66,24.66,24.79,24.84,24.94,24.8,24.69,24.75,25.03,24.75,25.03,25.12,25.12,25.0,25.18,24.79,24.74,24.69,24.91,24.78,24.79,24.78,24.69,24.83,24.93,24.95,24.95,24.93,25.02,24.89,24.94,24.79,24.54,24.77,24.9,24.88,24.77,24.75,24.69,24.85,24.93,25.03,24.85,24.75,24.79,25.0,25.12,24.88,24.78,24.66,24.68,24.97,24.85,24.88,24.88,24.69,24.89,25.03,24.85,24.69,24.78,24.78,25.0,24.84,24.75,24.56,24.84,25.03,24.78,24.84,24.78,24.66,24.84,25.0,25.0,24.78,24.66,24.78,24.84,24.9,24.79,24.41,24.56,24.88,24.9,24.9,24.84,24.67,24.78,24.88,24.88,24.79,24.67,24.72,24.78,24.69,24.63,24.59,24.56,24.66,24.92,24.92,24.95,24.78,24.78,24.94,25.06,24.66,24.78,24.75,24.9,24.76,24.82,24.58,24.56,24.93,24.9,24.78,24.88,25.0,25.03,24.79,24.92,24.77,24.59,24.63,24.67,24.92,24.78,24.76
49.81,26.34,24.5,24.72,24.31,24.44,24.52,24.56,24.56,24.6,24.6,24.56,24.68,24.78,24.76,24.47,24.59,24.9,24.69,24.65,24.78,24.62,24.86,24.75,24.7,24.73,24.75,24.75,24.84,24.79,24.75,24.58,24.64,24.92,24.86,24.78,24.65,24.69,24.63,24.79,24.64,24.73,24.64,24.75,24.82,24.78,24.69,24.59,24.67,24.82,24.72,24.59,24.75,24.79,24.72,24.66,24.77,24.7,24.84,24.89,24.83,24.77,24.71,24.53,24.59,24.48,24.72,24.78,24.7,24.83,24.77,24.74,24.77,24.81,24.92,24.92,24.82,24.8,24.77,24.75,24.69,24.63,24.7,24.65,24.77,24.73,24.83,24.72,24.74,24.72,24.85,24.72,24.72,24.85,24.94,24.81,24.7,24.63,24.88,24.7,24.85,24.66,24.8,24.82,24.93,24.79,24.83,24.78,24.79,24.89,24.94,24.8,24.73,24.66,24.74,24.84,24.76,24.66,24.69,24.68,24.86,24.86,25.0,24.88,24.82,24.91,24.97,24.88,24.59,24.66,24.72,24.84,24.89,24.8,24.61,24.75,25.03,24.75,25.03,25.1,25.06,25.0,25.22,24.9,24.76,24.69,24.86,24.78,24.85,24.78,24.69,24.78,24.89,24.96,24.96,24.92,24.95,24.88,24.94,24.85,24.47,24.69,24.9,24.82,24.75,24.75,24.69,24.9,24.89,24.99,24.86,24.79,24.72,25.04,25.06,24.88,24.78,24.66,24.66,24.98,24.98,24.88,24.86,24.73,24.89,24.99,24.85,24.69,24.72,24.85,25.06,24.79,24.69,24.56,24.84,25.03,24.76,24.84,24.72,24.7,24.84,24.95,24.95,24.83,24.7,24.78,24.84,24.92,24.84,24.47,24.56,24.88,24.84,24.9,24.89,24.73,24.76,24.83,24.83,24.85,24.73,24.71,24.78,24.69,24.69,24.66,24.53,24.66,24.99,24.99,24.94,24.83,24.78,24.88,25.08,24.64,24.78,24.75,24.84,24.78,24.82,24.58,24.56,24.81,24.88,24.78,24.94,25.0,24.98,24.79,24.99,24.75,24.59,24.54,24.69,24.95,24.78,24.63
49.92,26.34,24.5,24.66,24.25,24.46,24.52,24.61,24.56,24.56,24.56,24.56,24.74,24.78,24.73,24.53,24.59,24.94,24.69,24.57,24.78,24.68,24.92,24.75,24.65,24.68,24.78,24.75,24.84,24.77,24.71,24.58,24.72,24.92,24.78,24.78,24.72,24.69,24.68,24.74,24.66,24.78,24.66,24.76,24.74,24.78,24.69,24.59,24.65,24.88,24.6,24.59,24.75,24.74,24.69,24.68,24.8,24.74,24.85,24.83,24.79,24.78,24.71,24.58,24.59,24.4,24.72,24.8,24.68,24.78,24.77,24.76,24.78,24.81,24.91,24.91,24.82,24.8,24.78,24.78,24.69,24.57,24.72,24.67,24.76,24.73,24.86,24.69,24.79,24.75,24.83,24.69,24.69,24.9,24.94,24.84,24.65,24.59,24.93,24.68,24.88,24.66,24.78,24.83,24.95,24.83,24.86,24.75,24.83,24.91,24.94,24.78,24.68,24.66,24.79,24.84,24.76,24.66,24.69,24.74,24.86,24.86,25.03,24.83,24.83,24.93,25.0,24.88,24.54,24.66,24.69,24.84,24.83,24.78,24.58,24.75,25.03,24.75,25.03,25.12,25.03,25.0,25.25,24.98,24.74,24.69,24.82,24.78,24.88,24.76,24.69,24.75,24.86,24.95,24.95,24.92,24.92,24.88,24.94,24.88,24.44,24.66,24.92,24.78,24.75,24.74,24.69,24.95,24.86,24.95,24.86,24.83,24.69,25.08,25.02,24.88,24.78,24.66,24.68,24.97,25.06,24.88,24.86,24.78,24.91,24.95,24.83,24.69,24.69,24.9,25.12,24.74,24.63,24.56,24.84,25.03,24.75,24.84,24.68,24.74,24.85,24.91,24.9,24.86,24.74,24.79,24.84,24.92,24.88,24.54,24.56,24.88,24.81,24.88,24.94,24.78,24.76,24.79,24.79,24.88,24.78,24.71,24.78,24.69,24.72,24.73,24.53,24.66,25.01,25.03,24.94,24.88,24.78,24.84,25.06,24.64,24.78,24.75,24.81,24.76,24.8,24.61,24.56,24.75,24.88,24.78,25.01,25.0,24.92,24.77,25.03,24.77,24.59,24.5,24.67,24.92,24.78,24.56
50.03,26.34,24.5,24.66,24.31,24.55,24.52,24.65,24.56,24.56,24.56,24.56,24.79,24.78,24.64,24.53,24.59,25.01,24.69,24.46,24.78,24.71,24.96,24.71,24.61,24.64,24.78,24.75,24.84,24.73,24.75,24.58,24.77,24.92,24.67,24.78,24.76,24.69,24.75,24.71,24.72,24.81,24.69,24.79,24.71,24.78,24.69,24.59,24.61,24.88,24.55,24.59,24.75,24.71,24.72,24.73,24.8,24.77,24.88,24.8,24.76,24.87,24.67,24.65,24.59,24.35,24.72,24.84,24.61,24.72,24.77,24.83,24.81,24.84,24.84,24.88,24.82,24.77,24.84,24.75,24.69,24.52,24.8,24.78,24.7,24.73,24.83,24.69,24.82,24.75,24.78,24.69,24.69,24.97,24.94,24.84,24.61,24.63,24.96,24.75,24.85,24.68,24.75,24.89,24.98,24.86,24.86,24.78,24.89,24.94,24.94,24.75,24.64,24.69,24.82,24.84,24.76,24.69,24.72,24.83,24.86,24.86,25.0,24.81,24.89,25.0,24.97,24.88,24.51,24.69,24.72,24.84,24.8,24.72,24.61,24.75,25.0,24.75,25.03,25.2,25.03,24.97,25.22,25.01,24.71,24.69,24.82,24.75,24.85,24.72,24.72,24.78,24.86,24.89,24.92,24.92,24.92,24.84,24.94,24.88,24.47,24.69,24.96,24.78,24.72,24.71,24.72,24.98,24.86,24.89,24.86,24.89,24.72,25.07,24.94,24.84,24.78,24.66,24.71,24.94,25.09,24.88,24.86,24.81,24.94,24.89,24.78,24.72,24.72,24.97,25.15,24.67,24.59,24.6,24.84,24.99,24.68,24.84,24.68,24.8,24.91,24.84,24.86,24.86,24.83,24.85,24.82,24.92,24.84,24.62,24.61,24.84,24.81,24.85,24.97,24.84,24.76,24.73,24.76,24.88,24.84,24.71,24.74,24.69,24.72,24.83,24.53,24.7,24.92,24.99,24.94,24.95,24.78,24.84,25.0,24.64,24.82,24.78,24.84,24.65,24.7,24.72,24.63,24.75,24.83,24.82,25.09,25.0,24.88,24.69,24.99,24.84,24.63,24.54,24.63,24.83,24.72,24.56
50.12,26.34,24.5,24.66,24.4,24.59,24.5,24.65,24.56,24.56,24.56,24.56,24.77,24.78,24.59,24.56,24.59,24.98,24.69,24.41,24.78,24.71,24.94,24.65,24.61,24.64,24.78,24.75,24.82,24.75,24.79,24.6,24.74,24.89,24.59,24.78,24.76,24.69,24.78,24.71,24.77,24.8,24.69,24.77,24.71,24.78,24.69,24.59,24.61,24.88,24.55,24.59,24.75,24.71,24.75,24.78,24.82,24.77,24.87,24.8,24.76,24.95,24.64,24.69,24.59,24.38,24.74,24.84,24.56,24.67,24.75,24.88,24.81,24.88,24.8,24.88,24.84,24.73,24.88,24.7,24.69,24.55,24.86,24.87,24.66,24.71,24.79,24.69,24.82,24.75,24.75,24.69,24.69,25.0,24.94,24.84,24.61,24.7,24.95,24.78,24.8,24.73,24.77,24.93,24.96,24.86,24.85,24.82,24.93,24.92,24.94,24.75,24.64,24.75,24.82,24.84,24.78,24.74,24.77,24.86,24.85,24.85,24.96,24.82,24.93,25.03,24.91,24.88,24.52,24.75,24.77,24.84,24.8,24.69,24.68,24.75,24.96,24.75,25.03,25.28,25.03,24.92,25.19,25.01,24.71,24.69,24.81,24.7,24.8,24.74,24.77,24.82,24.85,24.85,24.92,24.93,24.93,24.81,24.94,24.88,24.52,24.75,24.94,24.78,24.69,24.73,24.77,24.96,24.85,24.85,24.85,24.93,24.77,25.02,24.87,24.8,24.78,24.66,24.71,24.94,25.08,24.88,24.88,24.81,24.92,24.85,24.75,24.77,24.77,25.0,25.13,24.62,24.59,24.66,24.84,24.94,24.66,24.84,24.75,24.84,24.94,24.8,24.86,24.88,24.92,24.88,24.77,24.9,24.81,24.69,24.69,24.78,24.79,24.87,24.97,24.88,24.78,24.69,24.76,24.88,24.88,24.72,24.69,24.69,24.74,24.9,24.56,24.77,24.88,24.94,24.95,25.0,24.78,24.84,24.95,24.66,24.87,24.83,24.88,24.54,24.66,24.78,24.73,24.75,24.78,24.89,25.16,25.0,24.88,24.66,24.94,24.9,24.7,24.61,24.63,24.76,24.64,24.56
50.25,26.34,24.5,24.66,24.52,24.59,24.41,24.65,24.56,24.56,24.56,24.56,24.68,24.78,24.59,24.69,24.59,24.83,24.69,24.41,24.78,24.71,24.86,24.57,24.61,24.64,24.78,24.75,24.74,24.82,24.79,24.68,24.64,24.75,24.49,24.78,24.76,24.69,24.78,24.71,24.83,24.73,24.69,24.72,24.71,24.78,24.69,24.59,24.61,24.88,24.55,24.59,24.75,24.71,24.75,24.83,24.89,24.77,24.81,24.8,24.76,25.0,24.64,24.69,24.59,24.48,24.82,24.84,24.49,24.61,24.7,24.95,24.81,24.88,24.73,24.88,24.9,24.73,24.88,24.63,24.69,24.63,24.94,24.94,24.6,24.65,24.79,24.69,24.82,24.75,24.75,24.69,24.69,25.0,24.94,24.84,24.61,24.78,24.88,24.78,24.75,24.78,24.83,24.99,24.9,24.86,24.79,24.88,24.99,24.86,24.94,24.75,24.64,24.82,24.82,24.84,24.83,24.81,24.84,24.86,24.79,24.79,24.9,24.88,24.99,25.03,24.85,24.88,24.59,24.82,24.84,24.84,24.8,24.69,24.8,24.75,24.9,24.75,25.03,25.38,25.03,24.86,25.14,25.01,24.71,24.69,24.74,24.63,24.75,24.81,24.83,24.88,24.79,24.79,24.92,24.99,24.99,24.81,24.94,24.88,24.59,24.82,24.86,24.78,24.69,24.78,24.83,24.9,24.79,24.79,24.79,24.99,24.84,24.96,24.81,24.73,24.78,24.66,24.71,24.94,25.02,24.88,24.95,24.81,24.86,24.79,24.75,24.83,24.83,25.0,25.06,24.55,24.59,24.73,24.84,24.86,24.73,24.84,24.88,24.9,24.94,24.73,24.86,24.95,25.04,24.88,24.72,24.83,24.81,24.78,24.79,24.71,24.71,24.94,24.97,24.88,24.83,24.64,24.76,24.88,24.88,24.79,24.61,24.69,24.82,24.99,24.69,24.87,24.88,24.86,25.02,25.07,24.78,24.84,24.89,24.73,24.94,24.89,24.88,24.39,24.66,24.78,24.86,24.75,24.78,24.98,25.25,25.0,24.88,24.66,24.86,24.98,24.78,24.7,24.63,24.66,24.53,24.56
50.34,26.34,24.6,24.66,24.61,24.59,24.34,24.65,24.56,24.56,24.56,24.56,24.61,24.78,24.59,24.78,24.69,24.72,24.59,24.41,24.78,24.71,24.81,24.51,24.61,24.64,24.78,24.75,24.69,24.82,24.79,24.75,24.56,24.56,24.41,24.78,24.82,24.69,24.73,24.65,24.88,24.73,24.69,24.68,24.71,24.78,24.74,24.59,24.54,24.88,24.55,24.59,24.75,24.65,24.7,24.83,24.94,24.81,24.77,24.75,24.76,25.0,24.69,24.69,24.59,24.48,24.88,24.89,24.49,24.56,24.66,24.95,24.81,24.83,24.69,24.83,24.94,24.78,24.88,24.63,24.63,24.63,25.0,24.94,24.56,24.59,24.79,24.69,24.82,24.75,24.75,24.69,24.69,25.0,24.98,24.84,24.61,24.78,24.88,24.78,24.71,24.78,24.83,24.99,24.9,24.9,24.79,24.88,24.99,24.86,24.98,24.75,24.59,24.76,24.88,24.84,24.83,24.81,24.84,24.86,24.75,24.75,24.86,24.88,25.03,25.03,24.88,24.88,24.59,24.82,24.95,24.84,24.75,24.69,24.84,24.7,24.9,24.75,25.03,25.42,25.03,24.86,25.1,25.01,24.71,24.69,24.79,24.68,24.75,24.86,24.83,24.88,24.79,24.79,24.92,25.07,25.03,24.81,24.94,24.88,24.64,24.82,24.81,24.78,24.73,24.78,24.83,24.86,24.79,24.75,24.75,24.99,24.89,24.96,24.81,24.73,24.78,24.66,24.71,24.89,24.97,24.88,25.0,24.81,24.81,24.75,24.79,24.88,24.83,25.0,25.01,24.55,24.59,24.79,24.78,24.86,24.78,24.89,24.92,24.9,24.9,24.69,24.86,24.95,25.08,24.83,24.72,24.83,24.86,24.84,24.79,24.71,24.71,24.94,24.97,24.83,24.83,24.59,24.76,24.88,24.88,24.79,24.61,24.69,24.88,24.99,24.78,24.87,24.88,24.86,25.06,25.07,24.78,24.84,24.89,24.83,24.88,24.89,24.82,24.39,24.66,24.78,24.86,24.75,24.85,25.04,25.31,24.94,24.82,24.66,24.86,25.03,24.84,24.7,24.63,24.59,24.53,24.56
50.45,26.34,24.73,24.66,24.72,24.59,24.34,24.58,24.56,24.56,24.56,24.56,24.52,24.78,24.59,24.78,24.82,24.58,24.47,24.41,24.78,24.64,24.73,24.42,24.68,24.71,24.78,24.75,24.69,24.82,24.86,24.75,24.45,24.43,24.41,24.78,24.82,24.69,24.66,24.65,24.88,24.73,24.62,24.62,24.78,24.78,24.82,24.59,24.54,24.88,24.65,24.59,24.75,24.65,24.7,24.78,24.94,24.81,24.71,24.75,24.82,25.0,24.69,24.69,24.59,24.48,24.88,24.89,24.56,24.56,24.66,24.88,24.75,24.83,24.69,24.83,24.94,24.78,24.88,24.63,24.56,24.63,25.0,24.94,24.56,24.59,24.72,24.69,24.76,24.75,24.75,24.69,24.69,25.0,25.04,24.84,24.68,24.78,24.88,24.78,24.65,24.78,24.83,24.93,24.9,24.9,24.85,24.88,24.93,24.86,25.05,24.81,24.59,24.68,24.88,24.84,24.78,24.81,24.84,24.81,24.75,24.75,24.81,24.88,25.03,25.03,24.93,24.88,24.59,24.82,25.08,24.84,24.75,24.69,24.84,24.64,24.9,24.75,25.03,25.42,25.03,24.86,25.05,24.94,24.78,24.69,24.93,24.75,24.75,24.93,24.83,24.88,24.85,24.85,24.98,25.13,25.03,24.75,24.94,24.88,24.71,24.82,24.73,24.78,24.73,24.78,24.83,24.81,24.85,24.75,24.75,24.93,24.96,24.91,24.81,24.73,24.78,24.66,24.64,24.89,24.91,24.88,25.0,24.75,24.75,24.75,24.85,24.94,24.83,25.0,24.94,24.62,24.67,24.86,24.69,24.86,24.78,24.95,24.97,24.84,24.84,24.69,24.93,24.88,25.08,24.78,24.72,24.9,24.86,24.84,24.79,24.71,24.79,24.94,24.91,24.77,24.78,24.59,24.82,24.88,24.88,24.72,24.61,24.69,24.88,24.9,24.78,24.87,24.88,24.86,25.06,25.0,24.78,24.84,24.95,24.9,24.82,24.89,24.82,24.46,24.66,24.78,24.86,24.75,24.85,25.13,25.31,24.86,24.82,24.66,24.86,25.03,24.92,24.7,24.71,24.59,24.53,24.56
50.56,26.34,24.76,24.66,24.75,24.55,24.34,24.52,24.56,24.56,24.56,24.56,24.46,24.78,24.59,24.72,24.86,24.47,24.44,24.46,24.74,24.58,24.68,24.4,24.73,24.73,24.75,24.75,24.69,24.86,24.88,24.71,24.37,24.39,24.46,24.74,24.78,24.69,24.64,24.65,24.84,24.7,24.58,24.6,24.83,24.78,24.84,24.59,24.58,24.88,24.72,24.59,24.75,24.69,24.73,24.76,24.9,24.78,24.7,24.78,24.86,25.0,24.65,24.69,24.63,24.52,24.84,24.86,24.61,24.59,24.66,24.83,24.7,24.83,24.72,24.86,24.91,24.78,24.88,24.63,24.54,24.68,24.96,24.94,24.59,24.63,24.71,24.69,24.7,24.78,24.75,24.72,24.69,25.0,25.05,24.84,24.73,24.82,24.84,24.78,24.61,24.78,24.86,24.89,24.88,24.88,24.86,24.9,24.89,24.86,25.06,24.86,24.63,24.66,24.84,24.84,24.76,24.85,24.84,24.76,24.75,24.75,24.79,24.93,25.03,25.0,24.95,24.88,24.63,24.86,25.15,24.84,24.78,24.72,24.84,24.62,24.88,24.75,25.03,25.42,25.03,24.86,25.01,24.89,24.83,24.69,25.03,24.8,24.75,24.98,24.86,24.88,24.86,24.86,25.02,25.14,25.03,24.73,24.94,24.88,24.76,24.86,24.71,24.78,24.73,24.81,24.86,24.79,24.86,24.75,24.75,24.89,25.01,24.84,24.81,24.73,24.78,24.69,24.62,24.89,24.86,24.88,25.0,24.73,24.7,24.75,24.86,24.98,24.86,25.0,24.89,24.67,24.73,24.92,24.67,24.86,24.78,24.97,25.02,24.82,24.82,24.72,24.98,24.83,25.08,24.76,24.72,24.92,24.82,24.84,24.84,24.71,24.84,24.94,24.86,24.78,24.76,24.62,24.86,24.88,24.84,24.74,24.61,24.69,24.84,24.83,24.78,24.87,24.88,24.82,25.03,24.95,24.78,24.84,24.97,24.88,24.8,24.92,24.86,24.48,24.66,24.72,24.92,24.75,24.85,25.15,25.27,24.84,24.86,24.69,24.82,24.99,24.94,24.74,24.76,24.59,24.53,24.56
50.7,26.34,24.76,24.66,24.67,24.46,24.34,24.5,24.56,24.56,24.56,24.56,24.44,24.78,24.59,24.59,24.86,24.44,24.44,24.57,24.65,24.56,24.66,24.47,24.75,24.68,24.68,24.75,24.69,24.88,24.82,24.62,24.34,24.39,24.57,24.65,24.76,24.69,24.64,24.6,24.78,24.69,24.56,24.65,24.84,24.78,24.84,24.59,24.61,24.88,24.75,24.59,24.75,24.71,24.75,24.76,24.83,24.77,24.74,24.8,24.88,24.96,24.64,24.69,24.72,24.55,24.76,24.84,24.68,24.66,24.66,24.76,24.69,24.78,24.78,24.88,24.85,24.83,24.88,24.68,24.54,24.7,24.88,24.88,24.65,24.7,24.76,24.69,24.69,24.83,24.75,24.78,24.69,25.0,25.05,24.84,24.75,24.84,24.82,24.78,24.59,24.74,24.88,24.83,24.86,24.86,24.86,24.92,24.83,24.91,25.06,24.88,24.64,24.61,24.82,24.84,24.76,24.86,24.79,24.75,24.75,24.75,24.83,25.0,25.03,24.93,25.0,24.88,24.64,24.88,25.17,24.84,24.8,24.78,24.79,24.62,24.86,24.75,25.03,25.39,25.03,24.91,25.0,24.88,24.84,24.69,25.17,24.92,24.79,25.0,24.88,24.83,24.86,24.86,25.03,25.14,25.03,24.78,24.94,24.88,24.78,24.88,24.77,24.78,24.78,24.82,24.88,24.83,24.86,24.75,24.75,24.83,25.03,24.81,24.85,24.78,24.78,24.76,24.68,24.84,24.84,24.88,25.0,24.78,24.69,24.75,24.86,25.0,24.88,25.0,24.88,24.74,24.75,24.94,24.67,24.92,24.78,24.97,24.98,24.82,24.82,24.78,25.0,24.76,25.03,24.76,24.76,24.92,24.81,24.84,24.86,24.76,24.92,24.88,24.84,24.83,24.76,24.68,24.88,24.88,24.78,24.8,24.67,24.69,24.76,24.73,24.78,24.8,24.88,24.81,24.97,24.88,24.78,24.84,24.97,24.82,24.75,24.94,24.88,24.54,24.66,24.61,24.96,24.75,24.92,25.09,25.18,24.84,24.88,24.77,24.81,24.92,24.88,24.76,24.78,24.59,24.61,24.56
50.78,26.34,24.76,24.59,24.58,24.44,24.34,24.54,24.56,24.56,24.56,24.56,24.48,24.74,24.54,24.5,24.86,24.51,24.44,24.59,24.58,24.56,24.66,24.53,24.72,24.63,24.66,24.75,24.72,24.88,24.77,24.6,24.34,24.39,24.65,24.58,24.72,24.69,24.68,24.55,24.73,24.69,24.59,24.69,24.84,24.78,24.84,24.59,24.61,24.88,24.75,24.59,24.75,24.71,24.72,24.76,24.78,24.77,24.78,24.8,24.88,24.92,24.67,24.69,24.74,24.55,24.71,24.84,24.73,24.7,24.66,24.71,24.69,24.73,24.8,24.84,24.81,24.89,24.88,24.73,24.54,24.66,24.82,24.83,24.69,24.75,24.78,24.69,24.69,24.85,24.75,24.8,24.69,24.97,25.08,24.84,24.75,24.8,24.82,24.78,24.62,24.7,24.84,24.79,24.89,24.89,24.89,24.89,24.79,24.92,25.06,24.88,24.64,24.55,24.82,24.84,24.76,24.86,24.74,24.75,24.75,24.78,24.88,25.02,25.0,24.88,25.05,24.88,24.64,24.84,25.13,24.88,24.8,24.83,24.74,24.62,24.89,24.78,25.03,25.35,25.03,24.92,25.0,24.88,24.84,24.69,25.24,25.02,24.83,25.0,24.84,24.79,24.83,24.86,25.03,25.14,25.03,24.83,24.94,24.88,24.78,24.84,24.86,24.82,24.86,24.86,24.88,24.85,24.86,24.75,24.75,24.82,25.03,24.84,24.87,24.83,24.78,24.78,24.77,24.83,24.84,24.88,25.0,24.83,24.69,24.75,24.89,25.0,24.88,25.0,24.88,24.76,24.75,24.9,24.67,24.94,24.82,25.0,24.93,24.82,24.8,24.8,25.02,24.71,24.98,24.76,24.77,24.92,24.81,24.84,24.81,24.82,24.98,24.83,24.88,24.85,24.76,24.72,24.88,24.88,24.73,24.82,24.72,24.72,24.74,24.66,24.72,24.77,24.92,24.88,24.95,24.83,24.78,24.84,24.97,24.83,24.7,24.87,24.84,24.63,24.7,24.53,24.89,24.75,25.04,25.07,25.12,24.8,24.84,24.79,24.81,24.86,24.86,24.76,24.78,24.59,24.7,24.56
50.9,26.34,24.73,24.46,24.46,24.44,24.34,24.61,24.56,24.56,24.56,24.56,24.57,24.65,24.43,24.38,24.82,24.65,24.47,24.59,24.5,24.56,24.66,24.61,24.65,24.56,24.66,24.75,24.8,24.9,24.69,24.6,24.34,24.43,24.75,24.5,24.62,24.69,24.76,24.5,24.67,24.67,24.66,24.75,24.84,24.78,24.82,24.59,24.63,24.88,24.75,24.59,24.75,24.72,24.67,24.78,24.71,24.75,24.84,24.82,24.88,24.88,24.72,24.69,24.74,24.58,24.63,24.82,24.78,24.77,24.66,24.66,24.69,24.69,24.8,24.8,24.75,24.94,24.88,24.78,24.56,24.59,24.74,24.78,24.75,24.82,24.78,24.69,24.69,24.85,24.75,24.8,24.69,24.9,25.12,24.84,24.75,24.74,24.81,24.78,24.68,24.66,24.8,24.75,24.93,24.93,24.93,24.85,24.75,24.91,25.05,24.88,24.66,24.51,24.81,24.84,24.78,24.88,24.69,24.75,24.75,24.83,24.93,25.03,24.95,24.81,25.09,24.88,24.66,24.79,25.05,24.94,24.82,24.89,24.69,24.64,24.93,24.83,25.03,25.31,25.03,24.91,25.0,24.88,24.84,24.69,25.27,25.12,24.88,25.0,24.8,24.75,24.75,24.85,25.03,25.13,25.03,24.89,24.94,24.88,24.78,24.79,24.99,24.88,24.98,24.93,24.89,24.85,24.85,24.75,24.75,24.83,25.03,24.89,24.85,24.88,24.78,24.78,24.92,24.84,24.84,24.88,25.0,24.89,24.69,24.75,24.93,25.0,24.89,25.0,24.88,24.74,24.75,24.82,24.69,24.92,24.88,25.05,24.88,24.84,24.75,24.8,25.08,24.66,24.94,24.78,24.76,24.9,24.79,24.84,24.74,24.88,25.03,24.78,24.94,24.86,24.78,24.78,24.88,24.88,24.67,24.83,24.78,24.79,24.74,24.59,24.59,24.8,25.01,24.99,24.95,24.78,24.78,24.84,24.95,24.88,24.66,24.74,24.79,24.74,24.8,24.42,24.79,24.75,25.2,25.07,25.03,24.74,24.79,24.79,24.79,24.79,24.86,24.78,24.78,24.59,24.78,24.56
51.01,26.34,24.63,24.36,24.37,24.44,24.34,24.67,24.56,24.56,24.56,24.56,24.63,24.58,24.35,24.28,24.72,24.76,24.56,24.59,24.43,24.56,24.66,24.67,24.6,24.51,24.66,24.75,24.86,24.96,24.64,24.6,24.34,24.52,24.83,24.43,24.51,24.69,24.87,24.5,24.62,24.62,24.7,24.79,24.84,24.78,24.76,24.59,24.69,24.88,24.75,24.59,24.75,24.78,24.67,24.82,24.66,24.71,24.88,24.87,24.88,24.88,24.72,24.69,24.74,24.65,24.58,24.76,24.78,24.81,24.66,24.66,24.69,24.69,24.8,24.8,24.71,24.94,24.88,24.78,24.61,24.59,24.68,24.78,24.79,24.87,24.78,24.69,24.69,24.85,24.75,24.8,24.69,24.85,25.12,24.84,24.75,24.74,24.76,24.78,24.72,24.66,24.8,24.75,24.93,24.93,24.93,24.85,24.75,24.86,25.0,24.88,24.71,24.58,24.76,24.84,24.82,24.93,24.69,24.75,24.75,24.88,24.98,25.07,24.9,24.76,25.05,24.88,24.71,24.79,24.95,24.98,24.87,24.94,24.69,24.69,24.93,24.88,25.03,25.31,25.03,24.86,25.0,24.88,24.84,24.69,25.22,25.12,24.88,25.0,24.8,24.75,24.67,24.81,25.03,25.09,25.03,24.94,24.94,24.88,24.78,24.79,25.1,24.94,25.03,25.02,24.94,24.85,24.81,24.75,24.75,24.88,25.03,24.89,24.81,24.88,24.78,24.78,25.03,24.89,24.84,24.88,25.0,24.94,24.69,24.75,24.93,25.0,24.94,25.0,24.88,24.69,24.75,24.77,24.76,24.86,24.94,25.05,24.88,24.88,24.75,24.8,25.11,24.66,24.94,24.82,24.72,24.85,24.73,24.84,24.74,24.88,25.03,24.78,24.98,24.91,24.82,24.82,24.88,24.88,24.62,24.88,24.78,24.84,24.74,24.59,24.5,24.87,25.07,25.04,24.95,24.78,24.78,24.84,24.91,24.88,24.71,24.68,24.79,24.74,24.87,24.33,24.79,24.75,25.27,25.07,24.96,24.74,24.79,24.79,24.73,24.73,24.86,24.85,24.78,24.59,24.78,24.56
51.12,26.36,24.52,24.38,24.39,24.46,24.45,24.77,24.58,24.58,24.58,24.58,24.66,24.6,24.47,24.18,24.61,24.79,24.71,24.72,24.45,24.58,24.61,24.77,24.61,24.52,24.68,24.7,24.88,24.98,24.58,24.53,24.36,24.68,24.96,24.45,24.44,24.71,24.95,24.59,24.58,24.58,24.72,24.86,24.86,24.8,24.64,24.61,24.8,24.9,24.77,24.61,24.77,24.86,24.76,24.9,24.61,24.68,24.96,25.01,24.9,24.9,24.74,24.64,24.75,24.77,24.6,24.71,24.8,24.83,24.73,24.74,24.71,24.65,24.82,24.93,24.73,24.96,24.9,24.8,24.78,24.7,24.61,24.8,24.81,24.96,24.8,24.76,24.71,24.87,24.77,24.82,24.71,24.86,25.08,24.79,24.77,24.75,24.78,24.8,24.74,24.73,24.87,24.82,24.9,24.9,24.95,24.92,24.82,24.87,24.96,24.9,24.8,24.75,24.71,24.86,24.9,25.01,24.71,24.82,24.77,24.9,24.99,25.15,24.92,24.78,24.95,24.9,24.8,24.81,24.83,25.07,24.89,24.96,24.78,24.82,24.95,24.9,25.05,25.32,25.1,24.87,24.95,24.9,24.79,24.71,25.24,25.14,24.96,24.95,24.87,24.77,24.68,24.77,24.99,25.05,25.05,25.01,24.96,24.84,24.8,24.81,25.32,25.09,25.17,25.1,25.01,24.92,24.82,24.82,24.77,24.9,25.05,24.9,24.77,24.83,24.8,24.8,25.27,25.11,24.92,25.02,25.01,24.96,24.76,24.77,24.95,24.96,25.01,25.01,24.9,24.71,24.77,24.71,25.02,25.01,25.09,25.0,24.9,24.96,24.77,24.87,25.12,24.68,24.9,24.9,24.74,24.8,24.75,24.78,24.86,25.05,25.05,24.87,25.0,25.0,24.9,24.9,24.9,24.84,24.58,24.9,24.8,24.93,24.69,24.61,24.52,24.98,25.17,25.06,24.97,24.8,24.8,24.86,24.92,24.9,24.8,24.7,24.88,24.77,24.89,24.35,24.94,24.89,25.39,25.0,24.9,24.83,24.88,24.81,24.68,24.75,24.87,24.87,24.8,24.61,24.91,24.58
51.22,26.37,24.53,24.39,24.49,24.54,24.53,24.84,24.6,24.6,24.6,24.6,24.68,24.62,24.55,24.19,24.63,24.8,24.72,24.73,24.53,24.6,24.57,24.78,24.63,24.59,24.75,24.66,24.89,24.93,24.6,24.54,24.38,24.69,24.97,24.53,24.46,24.72,24.97,24.65,24.6,24.6,24.74,24.88,24.88,24.81,24.6,24.63,24.81,24.92,24.78,24.63,24.78,24.88,24.78,24.92,24.63,24.69,24.97,25.07,24.92,24.92,24.81,24.6,24.71,24.78,24.68,24.72,24.81,24.8,24.79,24.8,24.72,24.62,24.78,24.98,24.79,24.97,24.92,24.81,24.84,24.72,24.63,24.81,24.78,24.97,24.76,24.82,24.72,24.84,24.78,24.78,24.72,24.87,25.1,24.76,24.78,24.71,24.84,24.81,24.75,24.79,24.88,24.88,24.91,24.91,25.01,24.94,24.88,24.88,24.97,24.92,24.81,24.82,24.72,24.88,24.92,25.02,24.72,24.88,24.78,24.91,24.97,25.12,24.94,24.84,24.91,24.92,24.81,24.76,24.79,25.13,24.85,24.92,24.84,24.88,25.01,24.91,25.06,25.33,25.15,24.88,24.91,24.92,24.76,24.72,25.25,25.16,25.03,24.91,24.88,24.78,24.74,24.78,24.97,25.06,25.06,25.02,24.97,24.81,24.81,24.76,25.43,25.2,25.27,25.11,25.02,24.94,24.88,24.88,24.78,24.91,25.06,24.96,24.75,24.8,24.81,24.76,25.39,25.27,24.99,25.14,25.02,24.92,24.82,24.78,25.01,24.92,25.02,25.02,24.92,24.72,24.78,24.67,25.15,25.12,25.2,25.02,24.92,24.97,24.75,24.88,25.13,24.69,24.87,24.92,24.75,24.81,24.82,24.72,24.87,25.18,25.06,24.93,25.02,24.98,24.92,24.92,24.92,24.81,24.6,24.82,24.81,25.0,24.7,24.63,24.53,25.06,25.25,25.13,25.03,24.81,24.81,24.88,24.99,25.02,24.81,24.66,24.9,24.84,24.9,24.45,24.96,24.99,25.47,25.01,24.92,24.84,24.9,24.76,24.69,24.82,24.94,24.82,24.81,24.63,25.01,24.6
51.34,26.37,24.54,24.4,24.52,24.63,24.56,24.92,24.66,24.6,24.6,24.6,24.75,24.56,24.58,24.19,24.53,24.81,24.82,24.74,24.62,24.6,24.56,24.79,24.63,24.66,24.82,24.65,24.95,24.92,24.66,24.61,24.46,24.79,24.98,24.62,24.46,24.72,24.97,24.73,24.65,24.6,24.74,24.88,24.88,24.77,24.59,24.63,24.82,24.92,24.79,24.63,24.79,24.88,24.74,24.88,24.63,24.69,24.98,25.04,24.92,24.88,24.83,24.59,24.69,24.79,24.7,24.72,24.82,24.74,24.81,24.82,24.72,24.61,24.77,25.0,24.81,24.92,24.92,24.82,24.91,24.66,24.63,24.82,24.77,24.98,24.69,24.8,24.72,24.79,24.79,24.72,24.72,24.82,25.1,24.74,24.79,24.63,24.86,24.82,24.8,24.81,24.84,24.9,24.91,24.91,25.03,24.9,24.94,24.88,24.98,24.92,24.77,24.84,24.78,24.88,24.92,24.97,24.72,24.9,24.79,24.96,24.91,25.03,24.9,24.91,24.9,24.92,24.82,24.69,24.78,25.19,24.84,24.87,24.86,24.9,25.07,24.96,25.07,25.3,25.17,24.88,24.9,24.92,24.74,24.72,25.21,25.16,25.05,24.9,24.88,24.83,24.8,24.83,24.96,25.07,25.07,25.02,25.02,24.8,24.82,24.69,25.47,25.29,25.39,25.16,25.02,24.94,24.94,24.94,24.79,24.91,25.07,25.02,24.74,24.79,24.82,24.69,25.38,25.42,25.15,25.27,25.06,24.95,24.93,24.83,25.07,24.87,25.02,25.02,24.92,24.73,24.79,24.6,25.19,25.21,25.43,25.12,24.98,25.02,24.74,24.88,25.14,24.75,24.86,24.88,24.75,24.82,24.9,24.71,24.88,25.22,25.22,25.1,25.07,24.92,24.92,24.88,24.92,24.8,24.65,24.74,24.82,25.02,24.76,24.7,24.54,25.16,25.34,25.31,25.15,24.82,24.82,24.88,25.01,25.11,24.87,24.6,24.84,24.92,24.9,24.57,24.96,25.02,25.5,25.08,24.99,24.78,24.9,24.69,24.75,24.9,25.02,24.8,24.82,24.63,25.04,24.7
51.43,26.37,24.54,24.5,24.52,24.63,24.56,24.92,24.71,24.6,24.6,24.6,24.75,24.56,24.66,24.19,24.42,24.7,24.91,24.82,24.69,24.6,24.56,24.79,24.68,24.72,24.82,24.65,24.95,24.92,24.71,24.61,24.54,24.89,24.98,24.69,24.52,24.72,24.92,24.78,24.69,24.6,24.69,24.88,24.88,24.72,24.59,24.63,24.82,24.92,24.79,24.63,24.79,24.88,24.74,24.84,24.63,24.69,24.98,24.98,24.92,24.83,24.78,24.59,24.75,24.79,24.7,24.72,24.82,24.69,24.81,24.82,24.72,24.61,24.82,25.04,24.81,24.87,24.92,24.82,24.97,24.66,24.63,24.82,24.77,24.98,24.69,24.75,24.72,24.79,24.79,24.72,24.72,24.82,25.06,24.74,24.79,24.63,24.86,24.82,24.8,24.81,24.84,24.9,24.87,24.87,24.98,24.9,24.98,24.93,24.98,24.92,24.72,24.84,24.83,24.88,24.92,24.92,24.72,24.9,24.79,24.96,24.87,24.98,24.9,24.97,24.9,24.92,24.82,24.69,24.83,25.19,24.84,24.82,24.86,24.9,25.07,24.96,25.07,25.25,25.17,24.93,24.9,24.92,24.74,24.72,25.21,25.16,25.05,24.9,24.93,24.87,24.89,24.87,24.96,25.07,25.07,25.02,25.07,24.8,24.82,24.69,25.42,25.29,25.43,25.16,25.02,24.98,24.98,24.98,24.79,24.87,25.07,25.02,24.78,24.79,24.82,24.69,25.26,25.47,25.29,25.37,25.1,24.99,25.02,24.87,25.07,24.82,25.02,25.02,24.92,24.78,24.79,24.6,25.19,25.31,25.57,25.16,25.03,25.07,24.78,24.93,25.1,24.8,24.86,24.84,24.8,24.82,24.96,24.71,24.95,25.22,25.38,25.25,25.07,24.92,24.92,24.84,24.92,24.8,24.69,24.74,24.82,24.97,24.76,24.77,24.63,25.16,25.34,25.37,25.19,24.82,24.82,24.88,25.01,25.06,24.92,24.67,24.84,24.92,24.83,24.65,25.06,25.02,25.43,25.08,25.06,24.78,24.96,24.69,24.81,24.96,25.02,24.8,24.82,24.63,25.04,24.8
51.56,26.37,24.6,24.63,24.52,24.63,24.6,24.92,24.75,24.6,24.6,24.6,24.71,24.6,24.77,24.26,24.42,24.63,24.98,24.87,24.78,24.64,24.56,24.79,24.72,24.78,24.82,24.65,24.91,24.92,24.75,24.61,24.65,24.96,24.92,24.78,24.59,24.72,24.85,24.81,24.72,24.6,24.63,24.85,24.88,24.68,24.59,24.63,24.82,24.87,24.74,24.67,24.79,24.88,24.77,24.78,24.63,24.69,24.98,24.95,24.92,24.8,24.71,24.59,24.83,24.79,24.74,24.72,24.82,24.66,24.83,24.82,24.76,24.61,24.88,25.11,24.83,24.84,24.92,24.82,25.0,24.71,24.63,24.82,24.77,24.98,24.69,24.72,24.72,24.79,24.82,24.72,24.72,24.82,25.0,24.74,24.79,24.67,24.86,24.82,24.8,24.81,24.84,24.9,24.82,24.82,24.96,24.93,25.01,24.99,24.95,24.92,24.68,24.84,24.86,24.88,24.92,24.89,24.76,24.9,24.79,24.93,24.84,24.96,24.93,25.03,24.87,24.92,24.82,24.69,24.86,25.16,24.84,24.79,24.86,24.9,25.04,24.96,25.07,25.22,25.17,24.99,24.9,24.96,24.77,24.72,25.17,25.13,25.05,24.9,24.99,24.93,24.98,24.9,24.96,25.07,25.07,25.02,25.1,24.8,24.85,24.69,25.32,25.25,25.42,25.13,25.02,25.07,25.04,25.01,24.79,24.84,25.07,25.02,24.81,24.79,24.82,24.73,25.15,25.47,25.38,25.44,25.18,25.07,25.15,24.93,25.07,24.79,25.02,25.02,24.9,24.85,24.79,24.68,25.19,25.42,25.63,25.22,25.15,25.16,24.87,24.99,25.05,24.83,24.86,24.81,24.85,24.82,24.99,24.71,25.05,25.27,25.48,25.41,25.13,24.98,24.96,24.81,24.92,24.8,24.76,24.74,24.82,24.9,24.72,24.87,24.76,25.16,25.29,25.41,25.32,24.92,24.85,24.91,25.04,24.99,24.96,24.78,24.88,24.89,24.74,24.76,25.12,25.08,25.33,25.04,25.14,24.93,25.1,24.73,24.88,24.99,25.02,24.76,24.82,24.63,25.04,24.86
51.65,26.37,24.7,24.69,24.49,24.63,24.64,24.92,24.75,24.6,24.6,24.6,24.66,24.64,24.79,24.35,24.52,24.66,24.97,24.84,24.81,24.69,24.57,24.78,24.7,24.81,24.81,24.66,24.87,24.93,24.75,24.63,24.72,24.95,24.84,24.81,24.63,24.72,24.81,24.79,24.72,24.6,24.6,24.81,24.88,24.68,24.6,24.63,24.81,24.79,24.66,24.73,24.78,24.88,24.79,24.74,24.63,24.69,24.97,24.93,24.92,24.79,24.65,24.6,24.89,24.78,24.77,24.72,24.81,24.67,24.86,24.8,24.8,24.62,24.92,25.12,24.86,24.83,24.92,24.81,24.98,24.74,24.63,24.81,24.78,24.97,24.69,24.71,24.72,24.78,24.85,24.72,24.72,24.8,24.97,24.76,24.78,24.73,24.84,24.81,24.81,24.79,24.82,24.88,24.78,24.78,24.95,24.95,24.99,25.02,24.9,24.92,24.68,24.82,24.86,24.88,24.92,24.88,24.81,24.88,24.78,24.9,24.85,24.95,24.95,25.06,24.83,24.92,24.81,24.69,24.86,25.11,24.85,24.8,24.84,24.88,24.99,24.97,25.06,25.22,25.15,25.02,24.91,25.0,24.83,24.72,25.1,25.07,25.03,24.91,25.02,24.97,24.99,24.9,24.97,25.06,25.06,25.02,25.1,24.81,24.9,24.69,25.2,25.18,25.35,25.1,25.02,25.13,25.06,24.99,24.78,24.85,25.06,25.02,24.8,24.8,24.81,24.78,25.07,25.38,25.36,25.4,25.25,25.16,25.22,24.97,25.06,24.8,25.02,25.02,24.85,24.88,24.78,24.78,25.15,25.42,25.56,25.28,25.28,25.24,24.95,25.02,25.02,24.83,24.87,24.81,24.88,24.81,24.97,24.72,25.1,25.29,25.48,25.49,25.23,25.07,25.0,24.81,24.92,24.81,24.8,24.76,24.81,24.84,24.68,24.93,24.81,25.16,25.22,25.42,25.47,25.06,24.9,24.95,25.06,24.93,24.95,24.86,24.91,24.82,24.69,24.81,25.09,25.14,25.26,24.99,25.2,25.12,25.24,24.78,24.93,24.97,25.02,24.71,24.81,24.63,25.01,24.86
51.76,26.35,24.81,24.67,24.38,24.61,24.62,24.88,24.73,24.58,24.6,24.6,24.63,24.6,24.68,24.45,24.6,24.74,24.95,24.71,24.8,24.73,24.62,24.76,24.63,24.8,24.81,24.71,24.85,24.97,24.75,24.7,24.81,24.93,24.71,24.8,24.63,24.7,24.8,24.7,24.7,24.59,24.58,24.75,24.86,24.66,24.67,24.63,24.8,24.68,24.56,24.77,24.76,24.84,24.77,24.67,24.62,24.68,24.95,24.86,24.89,24.77,24.58,24.65,24.93,24.76,24.74,24.7,24.8,24.7,24.82,24.73,24.83,24.68,24.97,25.04,24.82,24.81,24.89,24.8,24.89,24.7,24.63,24.8,24.82,24.93,24.69,24.63,24.72,24.76,24.88,24.7,24.7,24.73,24.95,24.81,24.75,24.77,24.77,24.8,24.83,24.71,24.73,24.81,24.78,24.78,24.92,24.92,24.92,25.01,24.84,24.89,24.66,24.73,24.84,24.86,24.89,24.85,24.84,24.81,24.78,24.89,24.88,24.93,24.92,25.05,24.82,24.89,24.8,24.67,24.84,25.03,24.9,24.83,24.75,24.81,24.93,25.0,25.05,25.21,25.08,25.01,24.96,25.03,24.92,24.7,24.96,24.98,24.94,24.95,24.99,24.99,24.93,24.89,25.02,25.05,25.05,24.99,25.09,24.86,24.93,24.67,24.99,25.03,25.22,25.08,24.99,25.16,25.05,24.93,24.79,24.89,25.05,25.01,24.8,24.86,24.8,24.81,24.91,25.18,25.28,25.25,25.3,25.29,25.28,25.03,25.07,24.84,24.99,25.01,24.8,24.86,24.78,24.88,24.98,25.27,25.42,25.36,25.39,25.33,25.08,25.04,25.04,24.84,24.91,24.78,24.84,24.8,24.9,24.79,25.08,25.18,25.46,25.5,25.36,25.18,25.08,24.83,24.92,24.86,24.84,24.79,24.8,24.75,24.66,24.98,24.82,25.12,25.12,25.45,25.62,25.22,24.98,25.03,25.06,24.86,24.95,24.9,24.88,24.72,24.67,24.8,24.97,25.09,25.12,24.97,25.27,25.29,25.34,24.89,25.02,24.91,25.01,24.71,24.82,24.61,24.88,24.84
51.87,26.34,24.89,24.66,24.37,24.59,24.61,24.8,24.71,24.56,24.64,24.64,24.61,24.52,24.59,24.53,24.58,24.72,24.94,24.62,24.78,24.71,24.66,24.75,24.61,24.78,24.85,24.75,24.84,24.96,24.79,24.75,24.88,24.92,24.62,24.78,24.68,24.69,24.78,24.64,24.69,24.62,24.56,24.73,24.84,24.64,24.76,24.68,24.78,24.66,24.55,24.76,24.75,24.78,24.75,24.65,24.66,24.71,24.94,24.8,24.88,24.75,24.57,24.69,24.92,24.75,24.72,24.69,24.78,24.69,24.77,24.72,24.81,24.75,25.0,24.94,24.77,24.8,24.88,24.78,24.82,24.61,24.68,24.78,24.84,24.87,24.72,24.58,24.76,24.75,24.86,24.69,24.69,24.72,24.94,24.84,24.68,24.76,24.76,24.78,24.82,24.66,24.63,24.75,24.81,24.81,24.86,24.86,24.86,25.0,24.82,24.88,24.64,24.66,24.82,24.84,24.88,24.79,24.82,24.75,24.81,24.92,24.86,24.92,24.86,25.03,24.86,24.88,24.78,24.66,24.82,24.97,24.94,24.81,24.69,24.75,24.92,25.03,25.03,25.2,25.03,25.0,25.0,25.01,24.96,24.69,24.89,24.92,24.88,24.93,24.94,24.98,24.92,24.92,25.09,25.03,25.03,24.94,25.12,24.94,24.92,24.66,24.88,24.92,25.11,25.06,24.94,25.14,25.03,24.92,24.86,24.92,25.03,25.0,24.82,24.93,24.78,24.79,24.79,25.06,25.22,25.14,25.24,25.32,25.31,25.14,25.14,24.88,24.94,25.0,24.83,24.84,24.81,24.86,24.84,25.16,25.36,25.34,25.38,25.36,25.23,25.11,25.11,24.91,24.94,24.76,24.79,24.78,24.88,24.84,25.06,25.05,25.44,25.43,25.39,25.29,25.19,24.94,24.99,24.94,24.88,24.78,24.78,24.69,24.65,24.97,24.89,25.03,25.05,25.43,25.65,25.3,25.11,25.15,25.09,24.85,24.99,24.94,24.81,24.65,24.66,24.78,24.96,24.99,24.97,24.96,25.31,25.33,25.37,25.09,25.17,24.94,25.0,24.76,24.87,24.59,24.78,24.82
52.0,26.34,25.02,24.66,24.49,24.59,24.69,24.72,24.64,24.56,24.71,24.71,24.52,24.52,24.59,24.66,24.72,24.72,24.81,24.51,24.78,24.71,24.66,24.75,24.61,24.78,24.92,24.75,24.76,24.88,24.79,24.75,24.88,24.79,24.51,24.78,24.76,24.69,24.78,24.57,24.62,24.69,24.56,24.73,24.84,24.71,24.84,24.76,24.78,24.66,24.55,24.76,24.75,24.71,24.81,24.71,24.73,24.77,24.94,24.87,24.88,24.81,24.64,24.69,24.84,24.75,24.8,24.69,24.78,24.69,24.77,24.79,24.81,24.81,25.0,24.88,24.77,24.87,24.88,24.78,24.76,24.61,24.76,24.78,24.84,24.8,24.79,24.63,24.82,24.75,24.86,24.69,24.69,24.79,24.94,24.84,24.61,24.76,24.82,24.78,24.76,24.66,24.58,24.75,24.86,24.86,24.86,24.86,24.81,25.0,24.82,24.88,24.71,24.66,24.76,24.84,24.88,24.79,24.82,24.75,24.86,24.92,24.86,24.98,24.86,25.03,24.86,24.88,24.78,24.66,24.76,24.91,24.94,24.81,24.69,24.75,24.92,25.03,25.03,25.26,25.03,25.0,25.0,25.01,24.96,24.69,24.89,24.85,24.88,24.86,24.88,24.92,24.92,24.92,25.14,25.03,25.03,24.88,25.12,25.01,24.92,24.66,24.88,24.85,24.99,25.0,24.88,25.14,25.03,24.92,24.98,24.98,25.03,25.0,24.82,24.99,24.78,24.79,24.86,25.0,25.03,25.01,25.12,25.28,25.31,25.24,25.24,24.94,24.88,25.0,24.9,24.84,24.88,24.86,24.84,25.09,25.18,25.22,25.31,25.36,25.4,25.21,25.21,24.96,24.94,24.82,24.73,24.78,24.88,24.84,25.06,25.05,25.24,25.24,25.39,25.48,25.38,25.18,25.11,25.01,24.88,24.71,24.78,24.69,24.58,24.88,25.01,24.94,24.96,25.29,25.65,25.43,25.31,25.33,25.22,24.92,24.99,25.0,24.81,24.58,24.66,24.78,24.96,24.99,24.88,24.87,25.31,25.48,25.43,25.37,25.31,25.01,25.0,24.76,24.96,24.59,24.78,24.69
52.1,26.34,25.12,24.66,24.49,24.59,24.76,24.72,24.58,24.56,24.71,24.71,24.52,24.58,24.59,24.66,24.92,24.83,24.72,24.43,24.78,24.77,24.71,24.69,24.61,24.78,24.92,24.75,24.71,24.82,24.73,24.75,24.88,24.69,24.51,24.78,24.76,24.74,24.78,24.52,24.58,24.73,24.61,24.73,24.84,24.76,24.84,24.82,24.78,24.66,24.55,24.76,24.75,24.71,24.86,24.71,24.73,24.81,24.94,24.92,24.83,24.86,24.69,24.74,24.84,24.75,24.86,24.69,24.83,24.69,24.77,24.79,24.81,24.81,25.0,24.83,24.77,24.92,24.88,24.78,24.7,24.68,24.76,24.78,24.84,24.8,24.79,24.67,24.82,24.79,24.9,24.69,24.73,24.85,24.98,24.84,24.61,24.76,24.88,24.78,24.76,24.7,24.58,24.75,24.9,24.9,24.9,24.86,24.76,25.0,24.82,24.88,24.76,24.66,24.76,24.84,24.88,24.85,24.82,24.75,24.86,24.92,24.9,25.02,24.86,25.03,24.86,24.88,24.78,24.66,24.76,24.86,24.94,24.81,24.69,24.79,24.92,25.03,25.03,25.26,25.03,25.0,25.0,25.01,24.96,24.69,24.84,24.85,24.88,24.86,24.83,24.88,24.92,24.92,25.14,25.07,25.03,24.88,25.08,25.01,24.92,24.66,24.82,24.85,24.9,24.95,24.83,25.1,25.07,24.92,25.02,25.06,25.03,25.0,24.82,24.99,24.78,24.79,24.92,24.95,24.89,24.96,25.04,25.24,25.27,25.32,25.32,25.11,24.95,25.04,24.95,24.89,24.88,24.86,24.84,25.05,24.98,25.12,25.25,25.32,25.45,25.29,25.34,25.13,25.06,24.96,24.78,24.78,24.88,24.84,25.06,24.99,25.08,25.09,25.39,25.48,25.43,25.31,25.25,25.15,25.05,24.8,24.78,24.69,24.58,24.88,25.01,24.87,24.84,25.19,25.6,25.48,25.36,25.42,25.35,25.11,25.13,25.05,24.86,24.58,24.66,24.78,24.96,24.99,24.8,24.8,25.25,25.54,25.43,25.42,25.31,25.11,25.11,24.87,24.96,24.66,24.78,24.6
52.21,26.34,25.16,24.66,24.49,24.59,24.78,24.72,24.56,24.56,24.71,24.71,24.59,24.61,24.59,24.56,24.99,24.87,24.69,24.41,24.78,24.79,24.79,24.61,24.66,24.78,24.92,24.75,24.69,24.75,24.71,24.75,24.88,24.66,24.59,24.78,24.76,24.82,24.78,24.5,24.56,24.8,24.67,24.77,24.84,24.78,24.84,24.9,24.78,24.74,24.62,24.7,24.75,24.71,24.88,24.71,24.73,24.87,24.94,24.94,24.78,24.88,24.76,24.82,24.84,24.75,24.88,24.69,24.9,24.64,24.73,24.79,24.77,24.81,25.0,24.77,24.73,24.94,24.88,24.78,24.69,24.7,24.76,24.78,24.84,24.8,24.79,24.69,24.82,24.85,24.92,24.69,24.8,24.91,25.04,24.84,24.61,24.7,24.95,24.78,24.76,24.75,24.58,24.75,24.96,24.96,24.92,24.82,24.75,25.0,24.87,24.88,24.78,24.66,24.81,24.84,24.88,24.86,24.77,24.75,24.86,24.96,24.92,25.03,24.82,25.03,24.91,24.88,24.78,24.66,24.81,24.84,24.94,24.77,24.69,24.85,24.96,25.03,25.03,25.21,25.03,25.0,25.0,24.96,24.91,24.69,24.82,24.9,24.88,24.86,24.77,24.82,24.96,24.96,25.14,25.13,25.03,24.88,25.06,25.01,24.87,24.66,24.81,24.9,24.88,24.94,24.77,25.0,25.13,24.96,25.07,25.13,25.03,25.0,24.87,24.99,24.78,24.74,24.94,24.98,24.84,25.0,24.88,25.14,25.2,25.43,25.43,25.3,25.06,25.09,25.06,24.95,24.88,24.75,24.84,25.03,24.92,25.0,25.1,25.21,25.46,25.4,25.51,25.41,25.23,25.1,24.84,24.78,24.94,24.84,25.06,24.85,25.03,24.95,25.3,25.39,25.44,25.45,25.43,25.33,25.29,24.92,24.78,24.69,24.63,24.88,25.01,24.77,24.74,25.11,25.44,25.41,25.38,25.49,25.49,25.37,25.37,25.06,24.88,24.63,24.66,24.78,25.05,24.9,24.71,24.78,25.16,25.4,25.33,25.44,25.31,25.3,25.25,25.08,24.96,24.76,24.78,24.56
52.31,26.34,25.06,24.66,24.49,24.59,24.78,24.67,24.56,24.62,24.77,24.71,24.59,24.54,24.59,24.56,24.89,24.87,24.59,24.41,24.78,24.79,24.79,24.61,24.72,24.78,24.92,24.75,24.69,24.75,24.77,24.75,24.88,24.66,24.59,24.78,24.82,24.82,24.78,24.5,24.56,24.84,24.72,24.82,24.84,24.78,24.84,24.96,24.72,24.82,24.7,24.63,24.75,24.71,24.88,24.71,24.73,24.91,24.94,24.94,24.78,24.83,24.81,24.88,24.84,24.75,24.82,24.69,24.9,24.64,24.73,24.79,24.72,24.81,25.0,24.77,24.68,24.94,24.88,24.78,24.69,24.63,24.76,24.78,24.84,24.8,24.79,24.69,24.82,24.85,24.92,24.69,24.8,24.97,25.04,24.89,24.61,24.63,24.95,24.78,24.76,24.8,24.58,24.75,24.96,24.96,24.88,24.82,24.75,25.0,24.91,24.88,24.78,24.66,24.81,24.79,24.88,24.86,24.72,24.75,24.86,25.0,24.92,25.03,24.82,25.03,24.97,24.88,24.78,24.66,24.81,24.89,24.94,24.72,24.69,24.85,24.96,25.03,25.03,25.21,25.03,25.05,25.0,24.91,24.87,24.69,24.82,24.95,24.88,24.81,24.72,24.78,25.0,25.0,25.14,25.13,25.07,24.91,25.11,25.06,24.87,24.66,24.81,24.95,24.88,24.94,24.72,24.92,25.13,25.0,25.2,25.17,25.07,25.04,24.95,25.03,24.78,24.69,24.94,25.03,24.84,25.0,24.74,25.01,25.16,25.43,25.51,25.38,25.14,25.17,25.19,25.0,24.88,24.64,24.9,25.03,24.97,24.91,24.97,25.12,25.42,25.48,25.63,25.58,25.36,25.24,24.98,24.83,24.99,24.84,25.06,24.73,24.98,24.9,25.22,25.34,25.39,25.45,25.57,25.47,25.47,25.06,24.88,24.69,24.69,24.88,25.09,24.7,24.74,25.06,25.29,25.31,25.38,25.45,25.49,25.42,25.51,25.25,24.93,24.69,24.66,24.78,25.15,24.81,24.64,24.72,25.09,25.24,25.22,25.44,25.31,25.36,25.3,25.25,25.02,24.76,24.78,24.66
52.43,26.34,24.93,24.66,24.43,24.59,24.78,24.63,24.56,24.69,24.81,24.68,24.59,24.5,24.59,24.56,24.82,24.94,24.47,24.41,24.78,24.82,24.79,24.61,24.75,24.78,24.88,24.75,24.69,24.79,24.81,24.75,24.88,24.66,24.59,24.78,24.86,24.82,24.78,24.5,24.56,24.88,24.78,24.84,24.84,24.78,24.8,25.0,24.63,24.88,24.75,24.59,24.75,24.74,24.88,24.68,24.7,24.94,24.94,24.94,24.78,24.77,24.84,24.95,24.88,24.75,24.74,24.69,24.9,24.67,24.75,24.76,24.69,24.78,25.0,24.8,24.66,24.94,24.88,24.78,24.69,24.59,24.72,24.78,24.84,24.83,24.76,24.69,24.79,24.85,24.95,24.69,24.8,25.0,25.04,24.95,24.65,24.59,24.91,24.78,24.79,24.85,24.6,24.75,24.93,24.93,24.85,24.85,24.75,25.0,24.94,24.88,24.78,24.66,24.81,24.72,24.88,24.9,24.69,24.75,24.83,25.03,24.95,25.03,24.85,25.03,25.0,24.88,24.78,24.66,24.81,24.95,24.94,24.69,24.69,24.85,24.93,25.03,25.03,25.21,25.03,25.11,25.0,24.88,24.84,24.69,24.79,25.02,24.88,24.78,24.69,24.75,25.03,25.03,25.12,25.13,25.13,24.99,25.14,25.1,24.9,24.66,24.77,25.02,24.88,24.94,24.69,24.83,25.13,25.03,25.3,25.23,25.13,25.09,25.04,25.06,24.78,24.66,24.94,25.06,24.84,25.0,24.66,24.89,25.09,25.38,25.56,25.49,25.28,25.27,25.31,25.06,24.84,24.56,24.99,25.03,25.0,24.84,24.88,25.03,25.3,25.53,25.75,25.74,25.53,25.42,25.2,24.9,25.03,24.84,25.06,24.61,24.9,24.9,25.16,25.25,25.27,25.35,25.69,25.61,25.71,25.28,25.01,24.69,24.76,24.92,25.15,24.66,24.74,25.03,25.16,25.22,25.31,25.32,25.46,25.45,25.67,25.51,25.03,24.76,24.66,24.78,25.22,24.75,24.59,24.63,25.01,25.1,25.12,25.34,25.24,25.37,25.37,25.44,25.07,24.76,24.78,24.79
52.52,26.34,24.83,24.69,24.34,24.59,24.76,24.63,24.58,24.73,24.81,24.62,24.59,24.52,24.62,24.56,24.86,25.01,24.41,24.43,24.78,24.86,24.77,24.59,24.75,24.78,24.83,24.75,24.67,24.84,24.81,24.73,24.85,24.66,24.62,24.78,24.86,24.82,24.76,24.5,24.58,24.88,24.83,24.83,24.84,24.78,24.76,25.0,24.58,24.88,24.75,24.61,24.75,24.78,24.86,24.64,24.65,24.94,24.92,24.92,24.78,24.73,24.84,24.99,24.92,24.75,24.71,24.69,24.88,24.7,24.78,24.71,24.69,24.73,25.0,24.84,24.67,24.95,24.88,24.78,24.69,24.59,24.68,24.8,24.83,24.87,24.71,24.7,24.76,24.85,24.98,24.69,24.81,25.0,25.04,24.98,24.7,24.61,24.88,24.78,24.83,24.88,24.65,24.76,24.9,24.89,24.85,24.88,24.76,25.0,24.94,24.86,24.76,24.68,24.82,24.69,24.86,24.93,24.7,24.76,24.81,25.02,24.98,25.03,24.9,25.03,25.0,24.88,24.78,24.66,24.82,25.0,24.94,24.7,24.69,24.86,24.89,25.02,25.03,25.21,25.05,25.14,25.0,24.88,24.84,24.7,24.74,25.07,24.88,24.79,24.69,24.75,25.03,25.03,25.07,25.14,25.16,25.08,25.14,25.08,24.92,24.66,24.71,25.07,24.88,24.92,24.69,24.79,25.13,25.03,25.31,25.27,25.18,25.12,25.08,25.04,24.78,24.66,24.94,25.06,24.84,24.98,24.66,24.86,25.05,25.31,25.56,25.58,25.42,25.37,25.36,25.11,24.8,24.56,25.05,25.03,25.0,24.84,24.86,24.98,25.17,25.52,25.8,25.82,25.65,25.56,25.39,24.97,25.03,24.84,25.06,24.58,24.86,24.94,25.14,25.14,25.15,25.22,25.72,25.7,25.87,25.46,25.11,24.7,24.82,24.97,25.12,24.66,24.74,25.01,25.09,25.15,25.2,25.2,25.41,25.45,25.75,25.69,25.13,24.82,24.68,24.78,25.22,24.75,24.62,24.58,24.94,25.03,25.06,25.19,25.13,25.32,25.42,25.53,25.07,24.78,24.78,24.89
52.63,26.34,24.7,24.8,24.25,24.59,24.67,24.61,24.66,24.73,24.82,24.56,24.57,24.58,24.71,24.59,24.95,24.98,24.41,24.54,24.78,24.84,24.68,24.53,24.75,24.78,24.78,24.75,24.6,24.92,24.82,24.64,24.74,24.66,24.7,24.78,24.88,24.8,24.7,24.5,24.64,24.88,24.88,24.77,24.84,24.78,24.78,25.0,24.58,24.88,24.75,24.7,24.75,24.76,24.8,24.59,24.59,24.94,24.87,24.85,24.79,24.73,24.84,24.97,24.9,24.75,24.71,24.69,24.8,24.7,24.78,24.66,24.69,24.69,25.0,24.91,24.73,25.01,24.88,24.78,24.69,24.57,24.7,24.87,24.77,24.85,24.66,24.77,24.77,24.83,24.96,24.69,24.86,25.0,25.02,24.98,24.75,24.7,24.88,24.78,24.88,24.87,24.69,24.82,24.9,24.83,24.83,24.88,24.82,25.0,24.94,24.8,24.7,24.75,24.88,24.69,24.8,24.91,24.77,24.82,24.82,24.96,24.96,25.03,25.02,25.03,25.0,24.88,24.78,24.66,24.88,25.06,24.94,24.77,24.69,24.9,24.83,24.96,25.03,25.23,25.1,25.14,25.0,24.88,24.84,24.77,24.69,25.12,24.88,24.85,24.69,24.75,25.03,25.03,25.03,25.19,25.16,25.18,25.16,25.03,24.85,24.66,24.66,25.12,24.88,24.87,24.69,24.75,25.12,25.03,25.27,25.31,25.29,25.18,25.13,25.0,24.78,24.66,24.94,25.06,24.84,24.91,24.66,24.86,25.0,25.26,25.56,25.65,25.61,25.51,25.47,25.16,24.75,24.56,25.13,25.03,25.02,24.84,24.8,24.94,25.03,25.46,25.84,25.88,25.78,25.71,25.66,25.1,25.03,24.84,25.06,24.59,24.86,24.94,25.08,25.0,25.06,25.05,25.7,25.78,25.99,25.67,25.24,24.77,24.88,24.95,25.03,24.66,24.76,24.94,24.98,25.04,25.04,25.1,25.33,25.41,25.77,25.89,25.25,24.88,24.77,24.78,25.22,24.75,24.71,24.58,24.88,24.9,24.94,25.03,25.03,25.24,25.46,25.57,25.09,24.85,24.78,25.02
52.74,26.34,24.6,24.89,24.25,24.59,24.61,24.56,24.71,24.73,24.88,24.56,24.5,24.58,24.78,24.69,24.95,24.87,24.41,24.62,24.78,24.79,24.58,24.53,24.75,24.78,24.78,24.75,24.55,24.98,24.88,24.58,24.66,24.66,24.7,24.78,24.94,24.74,24.64,24.5,24.69,24.88,24.88,24.73,24.84,24.78,24.84,25.0,24.58,24.88,24.75,24.76,24.75,24.71,24.75,24.59,24.59,24.94,24.82,24.8,24.83,24.73,24.84,24.91,24.84,24.75,24.71,24.69,24.7,24.7,24.78,24.66,24.69,24.69,25.0,24.95,24.77,25.05,24.88,24.78,24.69,24.5,24.76,24.92,24.73,24.8,24.66,24.81,24.82,24.79,24.92,24.69,24.86,25.0,24.98,24.98,24.75,24.76,24.88,24.78,24.88,24.82,24.69,24.86,24.9,24.79,24.79,24.88,24.86,25.0,24.94,24.75,24.64,24.81,24.88,24.69,24.76,24.86,24.82,24.86,24.86,24.92,24.92,25.03,25.1,25.03,25.0,24.88,24.78,24.66,24.88,25.11,24.94,24.81,24.69,24.9,24.79,24.92,25.03,25.27,25.14,25.14,25.0,24.88,24.84,24.82,24.69,25.12,24.88,24.85,24.69,24.75,25.03,25.03,25.03,25.19,25.16,25.21,25.2,25.03,24.8,24.66,24.66,25.12,24.88,24.82,24.69,24.75,25.07,25.03,25.27,25.31,25.37,25.21,25.18,25.0,24.78,24.66,24.94,25.06,24.84,24.81,24.66,24.86,25.0,25.22,25.56,25.6,25.66,25.59,25.56,25.16,24.75,24.56,25.19,25.03,25.07,24.84,24.76,24.94,24.98,25.42,25.84,25.83,25.78,25.74,25.8,25.2,25.03,24.84,25.06,24.65,24.86,24.94,25.03,25.0,25.06,24.96,25.66,25.78,25.95,25.71,25.34,24.82,24.88,24.88,25.03,24.66,24.82,24.88,24.94,24.99,24.99,25.06,25.25,25.27,25.67,26.04,25.3,24.88,24.84,24.78,25.22,24.75,24.78,24.58,24.88,24.84,24.88,25.03,25.03,25.13,25.4,25.52,25.15,24.85,24.78,25.12
52.85,26.34,24.5,24.89,24.25,24.59,24.52,24.5,24.71,24.79,24.86,24.56,24.44,24.52,24.78,24.78,24.86,24.87,24.44,24.62,24.78,24.79,24.52,24.59,24.75,24.78,24.78,24.75,24.55,24.96,24.94,24.58,24.66,24.66,24.72,24.78,25.0,24.62,24.58,24.5,24.75,24.88,24.88,24.68,24.84,24.78,24.91,25.0,24.52,24.77,24.75,24.84,24.75,24.64,24.69,24.59,24.59,24.88,24.82,24.73,24.82,24.75,24.84,24.84,24.76,24.65,24.72,24.69,24.64,24.69,24.77,24.66,24.69,24.75,24.94,24.94,24.77,25.05,24.88,24.78,24.69,24.44,24.76,24.92,24.73,24.8,24.66,24.81,24.82,24.81,24.92,24.69,24.81,25.0,24.94,24.97,24.75,24.68,24.82,24.85,24.88,24.77,24.69,24.86,24.86,24.81,24.81,24.92,24.86,24.94,24.94,24.75,24.64,24.81,24.82,24.71,24.76,24.86,24.82,24.86,24.86,24.92,24.92,25.03,25.09,24.96,25.0,24.88,24.78,24.66,24.82,25.09,24.94,24.88,24.69,24.86,24.75,24.92,25.03,25.31,25.14,25.12,25.0,24.88,24.9,24.89,24.69,25.06,24.88,24.86,24.69,24.75,24.98,25.03,25.03,25.2,25.14,25.2,25.19,25.01,24.78,24.66,24.66,25.06,24.88,24.82,24.75,24.75,24.98,25.03,25.3,25.36,25.46,25.25,25.16,24.99,24.78,24.66,24.94,25.0,24.84,24.76,24.72,24.88,25.0,25.14,25.56,25.56,25.78,25.68,25.59,25.09,24.75,24.64,25.17,25.03,25.06,24.79,24.76,24.94,24.94,25.36,25.78,25.85,25.78,25.78,25.89,25.25,25.03,24.84,25.06,24.72,24.88,24.92,24.97,24.99,25.01,24.94,25.54,25.78,25.95,25.81,25.44,24.89,24.88,24.78,25.01,24.75,24.88,24.81,24.88,24.92,24.99,24.97,25.16,25.12,25.56,26.04,25.34,24.88,24.84,24.78,25.22,24.87,24.88,24.61,24.88,24.84,24.88,25.03,25.03,24.96,25.34,25.52,25.13,24.88,24.78,25.09
52.96,26.34,24.5,24.89,24.25,24.59,24.45,24.5,24.71,24.79,24.81,24.56,24.44,24.52,24.78,24.78,24.86,24.87,24.53,24.62,24.78,24.79,24.52,24.59,24.75,24.78,24.78,24.75,24.55,24.9,24.94,24.58,24.66,24.66,24.8,24.78,25.0,24.57,24.52,24.5,24.8,24.88,24.88,24.63,24.84,24.78,24.97,25.0,24.52,24.69,24.75,24.9,24.75,24.59,24.64,24.59,24.59,24.84,24.82,24.68,24.78,24.8,24.84,24.78,24.7,24.58,24.78,24.69,24.64,24.64,24.73,24.66,24.69,24.8,24.89,24.89,24.77,25.05,24.88,24.78,24.69,24.44,24.76,24.92,24.73,24.8,24.66,24.81,24.82,24.85,24.92,24.69,24.81,25.0,24.94,24.92,24.75,24.62,24.82,24.9,24.88,24.73,24.69,24.86,24.86,24.85,24.85,24.92,24.86,24.89,24.94,24.75,24.64,24.81,24.82,24.76,24.76,24.86,24.82,24.86,24.86,24.92,24.92,25.03,25.05,24.91,25.0,24.88,24.78,24.66,24.82,25.05,24.94,24.92,24.69,24.86,24.75,24.92,25.03,25.31,25.14,25.08,25.0,24.88,24.94,24.95,24.69,25.0,24.88,24.91,24.69,24.75,24.93,25.03,25.03,25.24,25.1,25.16,25.14,24.96,24.73,24.66,24.66,25.0,24.88,24.82,24.8,24.75,24.93,25.03,25.26,25.4,25.5,25.25,25.12,24.95,24.78,24.66,24.94,24.95,24.84,24.76,24.78,24.92,25.0,25.14,25.56,25.56,25.86,25.72,25.59,25.05,24.75,24.69,25.11,25.03,25.0,24.75,24.76,24.94,24.94,25.32,25.73,25.9,25.78,25.78,25.89,25.25,25.03,24.84,25.06,24.78,24.94,24.87,24.92,24.95,25.01,25.0,25.46,25.78,25.95,25.86,25.44,24.95,24.88,24.71,24.92,24.82,24.88,24.75,24.83,24.87,24.99,24.97,25.16,25.12,25.52,25.89,25.34,24.88,24.84,24.78,25.22,24.96,24.95,24.67,24.88,24.84,24.88,25.03,25.03,24.9,25.34,25.52,25.07,24.95,24.78,24.99
53.09,26.34,24.6,24.89,24.25,24.59,24.43,24.56,24.77,24.73,24.73,24.56,24.5,24.58,24.78,24.69,24.95,24.87,24.75,24.62,24.72,24.73,24.52,24.59,24.75,24.73,24.73,24.75,24.61,24.88,24.94,24.51,24.58,24.66,24.91,24.78,24.94,24.55,24.51,24.55,24.81,24.88,24.83,24.62,24.84,24.73,24.99,24.94,24.58,24.66,24.75,24.92,24.75,24.57,24.62,24.59,24.55,24.78,24.82,24.66,24.81,24.81,24.84,24.71,24.68,24.55,24.86,24.69,24.59,24.62,24.67,24.66,24.69,24.81,24.88,24.88,24.81,25.05,24.88,24.78,24.74,24.5,24.82,24.92,24.69,24.75,24.66,24.86,24.82,24.86,24.88,24.69,24.86,25.04,24.94,24.86,24.75,24.67,24.88,24.92,24.83,24.67,24.69,24.86,24.86,24.86,24.86,24.92,24.9,24.88,24.94,24.75,24.64,24.81,24.82,24.83,24.76,24.81,24.82,24.9,24.9,24.88,24.92,24.99,25.03,24.84,25.0,24.88,24.78,24.66,24.88,24.98,24.94,24.98,24.69,24.86,24.79,24.88,25.03,25.31,25.14,25.02,25.04,24.88,24.96,24.96,24.69,24.94,24.88,24.98,24.69,24.75,24.88,25.03,25.07,25.3,25.05,25.11,25.08,24.89,24.71,24.66,24.71,24.94,24.88,24.82,24.81,24.75,24.88,25.03,25.21,25.45,25.55,25.25,25.06,24.93,24.78,24.71,24.94,24.89,24.84,24.76,24.85,24.98,24.95,25.14,25.52,25.6,25.94,25.77,25.59,24.98,24.75,24.77,25.03,24.98,24.94,24.73,24.76,24.94,24.9,25.23,25.72,25.97,25.78,25.78,25.85,25.25,25.03,24.9,25.06,24.86,24.96,24.8,24.86,24.93,25.06,25.01,25.35,25.73,25.95,25.88,25.39,24.96,24.88,24.69,24.89,24.84,24.88,24.73,24.77,24.85,24.99,24.97,25.11,25.12,25.5,25.75,25.4,24.88,24.84,24.78,25.22,24.99,25.04,24.76,24.88,24.84,24.88,25.03,25.03,24.88,25.34,25.52,25.04,25.04,24.78,24.86
53.18,26.34,24.7,24.83,24.25,24.59,24.48,24.61,24.79,24.71,24.68,24.56,24.57,24.61,24.73,24.59,24.99,24.94,24.88,24.57,24.65,24.71,24.55,24.63,24.75,24.68,24.68,24.75,24.7,24.88,24.94,24.49,24.56,24.66,24.94,24.78,24.88,24.55,24.54,24.6,24.78,24.88,24.78,24.65,24.84,24.68,24.95,24.88,24.61,24.66,24.75,24.88,24.75,24.6,24.66,24.59,24.51,24.74,24.85,24.7,24.87,24.78,24.84,24.69,24.72,24.55,24.88,24.69,24.58,24.66,24.66,24.66,24.69,24.81,24.88,24.88,24.82,25.02,24.88,24.78,24.79,24.57,24.84,24.88,24.68,24.73,24.66,24.88,24.79,24.86,24.86,24.69,24.88,25.08,24.94,24.84,24.75,24.69,24.89,24.92,24.79,24.66,24.69,24.83,24.83,24.86,24.86,24.95,24.92,24.88,24.94,24.78,24.68,24.77,24.79,24.84,24.79,24.79,24.79,24.92,24.92,24.86,24.95,24.95,25.0,24.79,25.0,24.88,24.78,24.66,24.89,24.94,24.94,25.0,24.69,24.83,24.83,24.86,25.03,25.31,25.12,25.0,25.08,24.88,24.96,24.93,24.69,24.88,24.88,25.0,24.69,24.75,24.83,25.03,25.12,25.31,25.03,25.08,25.03,24.88,24.78,24.66,24.77,24.88,24.88,24.85,24.81,24.75,24.83,25.03,25.23,25.49,25.56,25.25,25.02,24.96,24.78,24.76,24.94,24.84,24.84,24.79,24.9,25.0,24.91,25.12,25.49,25.65,25.96,25.78,25.56,24.94,24.75,24.82,24.97,24.92,24.88,24.73,24.79,24.94,24.85,25.18,25.72,26.02,25.78,25.78,25.77,25.22,25.03,24.97,25.06,24.88,24.92,24.78,24.84,24.96,25.08,25.01,25.29,25.69,25.98,25.88,25.34,24.93,24.88,24.73,24.95,24.84,24.88,24.77,24.75,24.88,25.02,24.94,25.06,25.12,25.53,25.69,25.46,24.88,24.8,24.78,25.22,24.99,25.06,24.78,24.88,24.88,24.92,25.03,25.03,24.88,25.34,25.55,25.04,25.06,24.78,24.76
53.3,26.34,24.83,24.65,24.25,24.59,24.56,24.69,24.75,24.71,24.6,24.6,24.66,24.61,24.64,24.53,24.92,25.08,24.94,24.46,24.56,24.71,24.62,24.71,24.75,24.61,24.64,24.75,24.8,24.84,24.94,24.53,24.61,24.66,24.88,24.78,24.8,24.55,24.61,24.64,24.68,24.84,24.72,24.7,24.84,24.64,24.88,24.84,24.65,24.66,24.7,24.8,24.75,24.67,24.69,24.59,24.52,24.71,24.91,24.77,24.87,24.75,24.87,24.69,24.76,24.55,24.84,24.72,24.61,24.69,24.66,24.66,24.72,24.84,24.88,24.84,24.8,24.93,24.9,24.78,24.82,24.66,24.8,24.85,24.7,24.73,24.66,24.84,24.72,24.89,24.86,24.69,24.84,25.1,24.94,24.84,24.75,24.65,24.86,24.92,24.76,24.66,24.69,24.78,24.78,24.86,24.86,24.98,24.89,24.88,24.94,24.88,24.71,24.69,24.72,24.84,24.85,24.79,24.72,24.89,24.89,24.89,24.98,24.92,24.92,24.76,25.0,24.88,24.78,24.66,24.86,24.88,24.97,24.97,24.69,24.78,24.86,24.86,25.03,25.31,25.06,25.0,25.12,24.88,24.92,24.86,24.69,24.82,24.88,24.97,24.69,24.75,24.78,25.03,25.17,25.31,25.06,25.02,25.0,24.88,24.88,24.66,24.84,24.82,24.88,24.91,24.81,24.78,24.81,25.03,25.31,25.51,25.56,25.25,24.99,25.02,24.78,24.79,24.9,24.81,24.84,24.82,24.93,24.97,24.88,25.09,25.49,25.68,25.96,25.76,25.53,24.91,24.78,24.9,24.88,24.84,24.82,24.73,24.82,24.91,24.82,25.12,25.72,26.09,25.82,25.78,25.68,25.19,25.03,25.01,25.01,24.88,24.88,24.82,24.84,24.99,25.05,25.01,25.24,25.6,25.98,25.85,25.31,24.89,24.88,24.78,25.01,24.84,24.88,24.84,24.75,24.92,25.06,24.88,25.03,25.12,25.53,25.59,25.53,24.92,24.7,24.78,25.15,25.05,25.06,24.82,24.88,24.92,24.96,25.03,25.03,24.88,25.31,25.55,25.04,25.06,24.78,24.63
53.4,26.34,24.93,24.49,24.25,24.59,24.63,24.74,24.71,24.69,24.56,24.66,24.72,24.63,24.59,24.53,24.86,25.16,24.94,24.41,24.5,24.69,24.66,24.75,24.75,24.56,24.64,24.75,24.84,24.81,24.94,24.58,24.66,24.66,24.8,24.78,24.74,24.57,24.66,24.64,24.59,24.8,24.67,24.75,24.84,24.64,24.82,24.84,24.74,24.69,24.62,24.74,24.75,24.72,24.69,24.59,24.57,24.73,24.94,24.82,24.84,24.75,24.91,24.69,24.76,24.58,24.78,24.78,24.64,24.69,24.66,24.66,24.77,24.88,24.89,24.81,24.77,24.85,24.95,24.78,24.82,24.72,24.76,24.87,24.73,24.71,24.66,24.81,24.69,24.92,24.85,24.69,24.81,25.1,24.94,24.84,24.75,24.62,24.82,24.9,24.76,24.66,24.69,24.75,24.75,24.85,24.85,24.96,24.86,24.89,24.94,24.96,24.7,24.66,24.69,24.84,24.88,24.78,24.69,24.86,24.86,24.92,24.96,24.92,24.86,24.77,25.0,24.88,24.78,24.66,24.82,24.84,25.01,24.92,24.69,24.75,24.86,24.85,25.03,25.31,25.03,25.0,25.16,24.88,24.86,24.81,24.69,24.78,24.88,24.91,24.69,24.75,24.75,25.03,25.21,25.31,25.1,25.0,25.02,24.88,24.92,24.66,24.9,24.78,24.88,24.94,24.8,24.82,24.82,25.03,25.38,25.5,25.56,25.25,25.01,25.06,24.78,24.79,24.84,24.83,24.84,24.8,24.91,24.92,24.88,25.1,25.53,25.68,25.94,25.72,25.55,24.92,24.83,24.94,24.84,24.79,24.78,24.75,24.8,24.87,24.82,25.09,25.73,26.12,25.87,25.78,25.66,25.2,25.03,25.01,24.94,24.88,24.88,24.87,24.84,24.99,25.01,25.0,25.22,25.52,25.91,25.79,25.31,24.89,24.88,24.78,25.01,24.82,24.88,24.9,24.75,24.92,25.04,24.84,25.03,25.12,25.48,25.52,25.59,24.98,24.66,24.78,25.05,25.11,25.06,24.89,24.88,24.9,24.94,25.03,25.03,24.9,25.26,25.48,25.07,25.06,24.78,24.56
53.54,26.34,24.99,24.43,24.31,24.59,24.67,24.78,24.71,24.62,24.56,24.69,24.81,24.72,24.64,24.53,24.86,25.08,24.94,24.46,24.45,24.58,24.66,24.75,24.78,24.52,24.61,24.72,24.84,24.81,24.94,24.53,24.61,24.66,24.75,24.78,24.65,24.64,24.73,24.67,24.52,24.73,24.61,24.8,24.84,24.64,24.78,24.8,24.87,24.8,24.58,24.65,24.75,24.76,24.72,24.62,24.64,24.75,24.91,24.89,24.87,24.75,24.94,24.69,24.8,24.72,24.74,24.82,24.61,24.72,24.66,24.66,24.8,24.84,24.95,24.84,24.8,24.82,24.97,24.75,24.82,24.81,24.76,24.86,24.7,24.68,24.69,24.81,24.69,24.89,24.79,24.69,24.84,25.1,24.94,24.84,24.75,24.74,24.82,24.8,24.73,24.66,24.69,24.75,24.78,24.79,24.79,24.93,24.89,24.95,24.91,24.96,24.63,24.69,24.69,24.84,24.85,24.71,24.69,24.89,24.86,24.89,24.9,24.92,24.89,24.84,25.0,24.88,24.78,24.66,24.86,24.84,25.0,24.86,24.72,24.78,24.86,24.79,25.03,25.31,25.06,25.0,25.19,24.88,24.77,24.77,24.72,24.78,24.85,24.85,24.72,24.78,24.78,25.0,25.24,25.31,25.16,25.02,25.08,24.88,24.92,24.69,24.98,24.78,24.88,24.91,24.77,24.85,24.85,25.03,25.4,25.48,25.56,25.25,25.1,25.09,24.78,24.79,24.81,24.86,24.88,24.75,24.85,24.86,24.88,25.13,25.56,25.7,25.89,25.69,25.61,24.98,24.89,24.94,24.84,24.75,24.82,24.8,24.75,24.81,24.82,25.06,25.77,26.09,25.9,25.78,25.66,25.23,25.03,25.01,24.84,24.88,24.88,24.9,24.88,24.99,25.01,24.93,25.22,25.4,25.76,25.7,25.31,24.93,24.88,24.83,25.01,24.77,24.84,24.94,24.75,24.95,24.97,24.84,25.0,25.09,25.45,25.56,25.66,25.03,24.7,24.78,24.99,25.11,25.06,24.93,24.88,24.86,24.9,25.03,25.03,24.94,25.19,25.37,25.15,25.06,24.72,24.63
53.62,26.34,24.99,24.43,24.4,24.59,24.67,24.78,24.71,24.56,24.56,24.69,24.88,24.78,24.71,24.53,24.86,24.98,24.94,24.54,24.45,24.46,24.66,24.75,24.83,24.52,24.56,24.66,24.84,24.81,24.94,24.47,24.53,24.66,24.75,24.78,24.59,24.69,24.78,24.72,24.52,24.69,24.56,24.84,24.84,24.64,24.78,24.74,24.93,24.88,24.58,24.59,24.75,24.76,24.77,24.66,24.69,24.75,24.87,24.94,24.91,24.75,24.94,24.69,24.86,24.85,24.74,24.82,24.56,24.77,24.66,24.66,24.8,24.8,25.0,24.89,24.84,24.82,24.97,24.7,24.82,24.88,24.76,24.81,24.66,24.68,24.74,24.81,24.69,24.85,24.75,24.69,24.89,25.1,24.94,24.84,24.75,24.86,24.82,24.7,24.69,24.66,24.69,24.75,24.82,24.75,24.75,24.93,24.93,25.0,24.87,24.92,24.58,24.75,24.69,24.84,24.8,24.66,24.69,24.93,24.86,24.85,24.86,24.92,24.93,24.89,25.0,24.88,24.78,24.66,24.91,24.84,24.95,24.81,24.77,24.82,24.86,24.75,25.03,25.31,25.1,25.0,25.19,24.88,24.72,24.77,24.77,24.78,24.8,24.79,24.77,24.82,24.82,24.96,25.24,25.31,25.2,25.06,25.12,24.88,24.92,24.75,25.03,24.78,24.88,24.87,24.77,24.85,24.85,25.03,25.4,25.48,25.56,25.25,25.18,25.09,24.78,24.79,24.81,24.86,24.92,24.71,24.79,24.81,24.88,25.13,25.56,25.75,25.84,25.69,25.66,25.03,24.94,24.94,24.84,24.75,24.87,24.84,24.71,24.77,24.82,25.06,25.77,26.04,25.9,25.78,25.66,25.23,25.03,25.01,24.76,24.88,24.88,24.9,24.92,24.99,25.01,24.88,25.22,25.32,25.63,25.65,25.31,24.98,24.88,24.9,25.01,24.77,24.78,24.94,24.75,25.0,24.92,24.84,24.95,25.04,25.45,25.62,25.72,25.03,24.77,24.78,24.99,25.11,25.06,24.93,24.88,24.86,24.9,25.03,25.03,24.94,25.14,25.32,25.22,25.06,24.64,24.73
53.74,26.34,24.86,24.43,24.52,24.59,24.58,24.71,24.64,24.56,24.56,24.69,24.88,24.78,24.8,24.66,24.72,24.83,24.81,24.65,24.54,24.38,24.66,24.75,24.89,24.59,24.56,24.6,24.76,24.73,24.94,24.47,24.53,24.66,24.75,24.78,24.59,24.69,24.78,24.72,24.58,24.62,24.56,24.84,24.84,24.71,24.86,24.74,24.93,24.88,24.58,24.59,24.75,24.69,24.77,24.72,24.81,24.75,24.81,24.94,24.85,24.81,24.94,24.69,24.86,24.93,24.74,24.82,24.56,24.77,24.66,24.66,24.8,24.8,25.0,24.89,24.84,24.82,24.97,24.63,24.76,24.88,24.68,24.73,24.66,24.75,24.81,24.75,24.69,24.85,24.75,24.69,24.89,25.05,24.94,24.84,24.75,24.86,24.76,24.63,24.69,24.66,24.69,24.75,24.88,24.75,24.75,24.93,24.93,25.0,24.81,24.85,24.51,24.82,24.69,24.84,24.75,24.66,24.69,24.93,24.81,24.85,24.81,24.98,24.93,24.96,25.0,24.88,24.78,24.66,24.91,24.84,24.88,24.75,24.84,24.88,24.81,24.75,25.03,25.31,25.16,25.0,25.14,24.88,24.72,24.84,24.84,24.78,24.75,24.72,24.83,24.88,24.88,24.9,25.19,25.31,25.26,25.11,25.19,24.88,24.85,24.82,25.03,24.78,24.88,24.81,24.83,24.85,24.85,25.03,25.4,25.48,25.56,25.25,25.3,25.03,24.78,24.72,24.81,24.86,24.98,24.65,24.72,24.75,24.94,25.13,25.61,25.75,25.84,25.69,25.72,25.09,25.0,24.94,24.84,24.82,24.94,24.84,24.65,24.71,24.88,25.11,25.7,25.97,25.9,25.78,25.72,25.23,25.03,24.92,24.66,24.88,24.96,24.9,24.98,24.93,24.94,24.88,25.22,25.27,25.45,25.65,25.38,25.12,24.88,24.9,24.89,24.87,24.71,24.86,24.75,25.0,24.85,24.84,24.95,24.97,25.39,25.62,25.72,25.03,24.87,24.78,24.99,25.22,25.06,24.93,24.88,24.86,24.9,25.03,25.03,24.86,25.07,25.25,25.22,25.06,24.53,24.86
53.84,26.35,24.78,24.44,24.53,24.54,24.53,24.66,24.6,24.58,24.63,24.71,24.83,24.8,24.89,24.85,24.64,24.74,24.64,24.74,24.62,24.39,24.67,24.7,24.9,24.66,24.62,24.61,24.67,24.75,24.95,24.55,24.63,24.67,24.77,24.8,24.61,24.7,24.75,24.69,24.6,24.64,24.58,24.82,24.86,24.78,24.93,24.75,24.95,24.89,24.59,24.66,24.76,24.65,24.73,24.73,24.92,24.77,24.78,24.9,24.81,24.92,24.96,24.7,24.81,24.95,24.76,24.89,24.62,24.78,24.67,24.67,24.85,24.81,24.97,24.86,24.81,24.83,24.99,24.59,24.72,24.89,24.68,24.75,24.72,24.76,24.82,24.72,24.7,24.86,24.71,24.7,24.9,25.02,24.95,24.86,24.76,24.81,24.77,24.64,24.71,24.67,24.7,24.81,24.89,24.76,24.76,24.9,24.95,25.01,24.82,24.87,24.47,24.78,24.75,24.86,24.77,24.67,24.7,24.9,24.78,24.9,24.78,25.03,24.95,25.03,25.01,24.89,24.75,24.67,24.92,24.9,24.9,24.72,24.86,24.89,24.82,24.76,25.05,25.32,25.17,25.01,25.15,24.94,24.74,24.86,24.91,24.8,24.77,24.73,24.84,24.89,24.93,24.92,25.2,25.32,25.27,25.12,25.2,24.94,24.81,24.84,25.05,24.8,24.89,24.82,24.84,24.9,24.86,25.05,25.41,25.49,25.58,25.26,25.36,25.04,24.8,24.69,24.76,24.87,25.0,24.72,24.73,24.72,24.95,25.14,25.66,25.76,25.86,25.71,25.73,25.15,25.06,24.95,24.86,24.84,24.95,24.9,24.72,24.73,24.94,25.12,25.63,25.93,25.96,25.84,25.73,25.25,25.05,24.88,24.68,24.83,24.97,24.92,25.0,24.95,24.91,24.89,25.19,25.25,25.37,25.67,25.48,25.18,24.89,24.91,24.82,24.95,24.72,24.82,24.76,24.97,24.81,24.86,24.97,24.98,25.31,25.63,25.78,25.05,24.88,24.8,24.9,25.24,25.08,24.95,24.89,24.81,24.91,25.05,25.05,24.82,25.03,25.16,25.23,25.08,24.54,24.87
53.94,26.37,24.66,24.56,24.55,24.47,24.46,24.61,24.6,24.6,24.73,24.67,24.77,24.81,25.0,25.01,24.63,24.62,24.5,24.86,24.73,24.41,24.69,24.64,24.92,24.75,24.66,24.63,24.6,24.82,24.97,24.59,24.68,24.69,24.86,24.81,24.63,24.72,24.7,24.69,24.67,24.72,24.6,24.78,24.88,24.81,25.02,24.71,24.9,24.92,24.68,24.76,24.78,24.6,24.74,24.75,24.97,24.75,24.75,24.85,24.86,25.01,24.93,24.72,24.81,24.97,24.84,24.93,24.66,24.86,24.69,24.69,24.88,24.78,24.92,24.86,24.82,24.9,24.98,24.55,24.72,24.92,24.76,24.71,24.75,24.78,24.84,24.72,24.72,24.84,24.66,24.72,24.96,25.02,24.97,24.88,24.78,24.81,24.84,24.66,24.68,24.69,24.72,24.88,24.91,24.78,24.78,24.91,25.01,25.02,24.84,24.85,24.48,24.72,24.84,24.88,24.79,24.69,24.72,24.91,24.78,24.94,24.78,25.06,25.01,25.06,25.02,24.92,24.7,24.69,25.0,24.99,24.87,24.72,24.88,24.91,24.88,24.78,25.06,25.33,25.19,25.02,25.17,25.03,24.81,24.88,25.0,24.81,24.79,24.8,24.86,24.91,25.01,24.94,25.21,25.33,25.25,25.13,25.17,25.03,24.81,24.86,25.06,24.81,24.92,24.84,24.86,24.94,24.84,25.06,25.38,25.55,25.6,25.28,25.39,25.06,24.81,24.69,24.76,24.85,25.02,24.85,24.8,24.72,24.92,25.12,25.65,25.82,25.88,25.76,25.7,25.19,25.1,24.97,24.88,24.86,24.97,24.99,24.85,24.79,24.97,25.13,25.53,25.88,25.99,25.92,25.7,25.22,25.06,24.88,24.77,24.78,24.93,24.88,25.02,25.01,24.92,24.92,25.14,25.25,25.36,25.73,25.58,25.22,24.92,25.0,24.81,25.06,24.75,24.76,24.78,24.97,24.81,24.88,24.94,25.0,25.3,25.71,25.87,25.01,24.9,24.81,24.89,25.17,25.1,24.9,24.92,24.81,24.99,25.06,25.06,24.76,25.02,25.14,25.25,25.1,24.56,24.89
54.05,26.38,24.58,24.61,24.62,24.47,24.41,24.57,24.61,24.61,24.76,24.63,24.76,24.78,25.04,25.05,24.71,24.54,24.48,24.9,24.81,24.43,24.7,24.59,24.94,24.81,24.71,24.64,24.6,24.85,24.98,24.6,24.7,24.77,24.96,24.78,24.64,24.73,24.7,24.74,24.73,24.75,24.64,24.75,24.89,24.83,25.05,24.7,24.85,24.94,24.77,24.79,24.76,24.6,24.75,24.77,24.95,24.72,24.72,24.88,24.89,25.0,24.87,24.73,24.86,24.98,24.88,24.9,24.67,24.92,24.7,24.7,24.86,24.75,24.92,24.9,24.83,24.93,24.95,24.55,24.77,24.89,24.79,24.64,24.76,24.8,24.86,24.73,24.73,24.81,24.66,24.76,25.02,25.0,24.98,24.89,24.83,24.82,24.87,24.67,24.69,24.7,24.76,24.91,24.92,24.8,24.82,24.95,25.06,25.0,24.83,24.81,24.53,24.75,24.87,24.89,24.78,24.73,24.73,24.95,24.8,24.92,24.8,25.08,25.06,25.08,25.03,24.94,24.7,24.7,25.06,25.02,24.84,24.73,24.89,24.92,24.91,24.8,25.08,25.34,25.23,25.03,25.16,25.06,24.87,24.89,25.06,24.86,24.78,24.83,24.88,24.92,25.06,24.95,25.19,25.34,25.24,25.17,25.14,25.06,24.83,24.87,25.11,24.83,24.94,24.83,24.9,24.95,24.84,25.05,25.36,25.57,25.61,25.32,25.41,25.08,24.83,24.7,24.82,24.81,25.03,24.89,24.86,24.76,24.92,25.09,25.6,25.88,25.89,25.82,25.7,25.2,25.08,24.98,24.89,24.91,24.98,25.02,24.89,24.82,24.98,25.14,25.48,25.85,25.97,25.95,25.73,25.22,25.08,24.85,24.81,24.78,24.93,24.88,25.0,25.04,24.94,24.97,25.14,25.27,25.38,25.78,25.61,25.27,24.94,25.04,24.83,25.1,24.77,24.76,24.83,24.95,24.83,24.92,24.94,25.02,25.31,25.74,25.9,25.0,24.96,24.88,24.9,25.09,25.06,24.89,24.94,24.86,25.02,25.08,25.08,24.79,25.03,25.19,25.22,25.11,24.58,24.97
54.18,26.39,24.57,24.53,24.67,24.48,24.41,24.57,24.63,24.63,24.78,24.63,24.79,24.72,24.99,25.07,24.86,24.52,24.5,24.84,24.85,24.51,24.72,24.53,24.91,24.85,24.85,24.71,24.62,24.87,25.0,24.68,24.8,24.91,25.0,24.72,24.66,24.75,24.72,24.77,24.72,24.77,24.73,24.71,24.91,24.85,25.02,24.77,24.85,24.96,24.82,24.81,24.69,24.67,24.72,24.74,24.9,24.72,24.72,24.95,24.87,24.96,24.81,24.75,24.89,24.94,24.84,24.9,24.74,24.96,24.72,24.72,24.87,24.75,24.93,24.93,24.81,24.9,24.96,24.62,24.86,24.83,24.81,24.62,24.82,24.76,24.82,24.75,24.75,24.82,24.68,24.84,25.04,24.95,25.0,24.91,24.91,24.78,24.89,24.74,24.75,24.72,24.84,24.93,24.9,24.82,24.9,24.98,25.1,24.96,24.83,24.87,24.62,24.78,24.89,24.91,24.78,24.82,24.75,24.98,24.82,24.93,24.82,25.1,25.1,25.1,25.04,24.96,24.72,24.72,25.1,25.03,24.9,24.75,24.86,24.9,24.93,24.82,25.1,25.36,25.26,25.04,25.16,25.09,24.91,24.86,25.1,24.95,24.78,24.85,24.85,24.9,25.1,25.01,25.2,25.36,25.26,25.2,25.1,25.09,24.85,24.83,25.19,24.85,24.96,24.83,24.93,25.01,24.9,25.01,25.36,25.54,25.63,25.4,25.38,25.14,24.85,24.72,24.85,24.82,25.0,24.91,24.94,24.84,24.93,25.1,25.54,25.91,25.91,25.85,25.72,25.22,25.03,25.0,24.91,24.95,24.95,25.03,24.91,24.83,25.0,25.12,25.48,25.85,25.97,25.97,25.81,25.28,25.1,24.78,24.83,24.8,24.95,24.95,24.9,25.06,24.96,25.06,25.16,25.28,25.44,25.82,25.63,25.3,24.96,24.99,24.85,25.05,24.85,24.83,24.91,24.86,24.85,25.0,25.0,25.09,25.28,25.7,25.91,25.08,25.0,25.02,24.82,24.99,24.99,24.98,24.96,24.89,24.98,25.1,25.1,24.93,25.04,25.22,25.15,25.13,24.68,25.02
54.27,26.39,24.61,24.45,24.65,24.49,24.42,24.58,24.64,24.64,24.79,24.66,24.78,24.66,24.93,25.08,24.96,24.54,24.51,24.77,24.86,24.6,24.73,24.5,24.87,24.86,24.94,24.77,24.62,24.9,25.01,24.76,24.87,24.98,24.99,24.68,24.67,24.76,24.71,24.78,24.7,24.79,24.78,24.68,24.9,24.86,24.99,24.84,24.83,24.95,24.82,24.84,24.68,24.71,24.68,24.72,24.88,24.75,24.73,24.97,24.85,24.94,24.78,24.75,24.88,24.89,24.81,24.91,24.79,24.96,24.73,24.75,24.88,24.76,24.92,24.94,24.8,24.88,24.96,24.68,24.9,24.8,24.82,24.63,24.88,24.72,24.78,24.76,24.76,24.81,24.69,24.88,25.05,24.91,25.0,24.92,24.95,24.75,24.9,24.8,24.79,24.73,24.88,24.94,24.87,24.81,24.94,24.99,25.11,24.92,24.86,24.93,24.7,24.79,24.92,24.92,24.79,24.87,24.78,24.98,24.82,24.94,24.84,25.11,25.11,25.11,25.05,24.96,24.73,24.73,25.11,25.04,24.94,24.78,24.83,24.88,24.95,24.82,25.11,25.36,25.26,25.05,25.16,25.09,24.92,24.83,25.11,24.99,24.79,24.86,24.82,24.88,25.11,25.05,25.21,25.36,25.26,25.21,25.08,25.1,24.84,24.79,25.23,24.87,24.98,24.84,24.92,25.05,24.95,24.99,25.35,25.52,25.65,25.45,25.34,25.18,24.86,24.73,24.86,24.84,24.98,24.93,24.98,24.88,24.92,25.11,25.52,25.92,25.9,25.86,25.72,25.25,25.01,24.99,24.92,24.96,24.92,25.04,24.93,24.84,25.01,25.09,25.49,25.86,25.98,26.0,25.84,25.34,25.11,24.74,24.84,24.81,24.96,24.99,24.83,25.08,24.98,25.1,25.15,25.29,25.48,25.82,25.65,25.31,24.98,24.93,24.86,24.99,24.92,24.9,24.95,24.78,24.86,25.04,25.06,25.13,25.25,25.68,25.92,25.15,24.99,25.08,24.74,24.91,24.95,25.05,24.98,24.88,24.94,25.11,25.11,25.02,25.05,25.21,25.12,25.14,24.77,25.0
54.4,26.39,24.73,24.31,24.56,24.51,24.41,24.57,24.63,24.63,24.76,24.73,24.71,24.57,24.83,25.05,25.09,24.53,24.54,24.66,24.85,24.73,24.73,24.52,24.82,24.85,24.99,24.82,24.64,24.95,25.01,24.82,24.84,24.98,24.88,24.68,24.66,24.76,24.66,24.79,24.71,24.83,24.77,24.63,24.83,24.85,24.98,24.92,24.74,24.84,24.82,24.9,24.74,24.71,24.63,24.73,24.87,24.8,24.73,24.91,24.84,24.92,24.78,24.67,24.81,24.82,24.81,24.89,24.77,24.89,24.73,24.81,24.86,24.76,24.87,24.95,24.88,24.87,24.89,24.74,24.9,24.79,24.8,24.61,24.91,24.66,24.73,24.76,24.76,24.74,24.7,24.87,25.05,24.84,24.92,24.91,24.95,24.77,24.88,24.85,24.79,24.73,24.87,24.92,24.82,24.74,24.93,25.0,25.1,24.86,24.9,24.97,24.83,24.83,24.96,24.91,24.77,24.94,24.84,24.93,24.82,24.92,24.89,25.1,25.1,25.1,25.05,24.9,24.74,24.73,25.1,25.02,24.92,24.84,24.84,24.89,24.99,24.82,25.1,25.36,25.27,25.05,25.15,25.01,24.91,24.84,25.1,24.99,24.77,24.84,24.84,24.89,25.1,25.03,25.19,25.36,25.27,25.22,25.09,25.08,24.77,24.73,25.23,24.94,24.97,24.82,24.87,25.03,25.0,24.99,25.29,25.52,25.7,25.5,25.29,25.16,24.85,24.73,24.88,24.9,24.99,24.95,24.96,24.87,24.87,25.1,25.52,25.91,25.84,25.85,25.66,25.3,25.01,24.91,24.91,24.97,24.94,25.02,24.95,24.82,25.01,25.05,25.5,25.85,25.96,26.05,25.85,25.4,25.1,24.74,24.81,24.83,24.97,24.99,24.78,25.06,24.97,25.09,25.09,25.29,25.46,25.82,25.7,25.32,24.97,24.83,24.85,24.89,24.97,24.97,24.95,24.73,24.85,25.04,25.12,25.11,25.2,25.67,25.9,25.23,24.91,25.08,24.63,24.82,24.95,25.14,24.97,24.81,24.86,25.1,25.1,25.1,25.05,25.15,25.11,25.13,24.85,24.9
54.51,26.38,24.82,24.2,24.54,24.56,24.4,24.56,24.62,24.62,24.69,24.77,24.69,24.49,24.74,24.95,25.18,24.51,24.62,24.57,24.84,24.77,24.71,24.56,24.81,24.84,24.98,24.81,24.68,24.94,24.99,24.81,24.74,24.96,24.78,24.66,24.65,24.74,24.64,24.83,24.74,24.81,24.76,24.62,24.76,24.84,24.97,24.96,24.66,24.74,24.81,24.89,24.77,24.69,24.62,24.76,24.86,24.82,24.71,24.9,24.82,24.86,24.76,24.61,24.8,24.81,24.79,24.82,24.7,24.82,24.71,24.85,24.8,24.74,24.86,24.98,24.95,24.86,24.82,24.78,24.88,24.78,24.72,24.54,24.9,24.65,24.71,24.74,24.74,24.68,24.74,24.86,25.04,24.78,24.86,24.9,24.93,24.81,24.81,24.84,24.78,24.71,24.86,24.86,24.81,24.68,24.92,25.03,25.09,24.8,24.88,24.95,24.91,24.93,24.95,24.9,24.71,24.98,24.88,24.92,24.81,24.86,24.92,25.09,25.09,25.09,25.04,24.84,24.78,24.71,25.09,24.96,24.86,24.87,24.88,24.92,24.98,24.81,25.09,25.35,25.3,25.04,25.09,24.9,24.9,24.88,25.09,24.98,24.71,24.78,24.87,24.92,25.09,24.98,25.14,25.35,25.3,25.25,25.12,25.01,24.7,24.71,25.21,24.98,24.95,24.77,24.86,24.98,25.03,24.98,25.24,25.51,25.73,25.53,25.28,25.1,24.84,24.71,24.92,24.93,25.02,24.89,24.9,24.86,24.86,25.09,25.51,25.9,25.78,25.84,25.65,25.34,24.99,24.84,24.9,25.01,24.98,24.96,24.89,24.77,24.99,25.04,25.53,25.84,25.9,26.04,25.89,25.43,25.09,24.72,24.72,24.87,25.01,24.98,24.76,25.0,24.95,25.08,25.08,25.28,25.4,25.81,25.68,25.36,24.95,24.74,24.84,24.81,24.95,25.01,24.93,24.71,24.84,25.02,25.15,25.04,25.18,25.66,25.83,25.28,24.9,25.06,24.62,24.81,24.93,25.19,24.95,24.8,24.79,25.09,25.09,25.14,25.04,25.13,25.1,25.12,24.84,24.88
54.63,26.37,24.8,24.18,24.64,24.54,24.38,24.54,24.68,24.68,24.6,24.75,24.66,24.38,24.63,24.82,25.16,24.49,24.72,24.55,24.82,24.75,24.69,24.62,24.79,24.82,24.96,24.79,24.72,24.84,24.98,24.7,24.71,25.08,24.76,24.64,24.63,24.72,24.68,24.88,24.79,24.72,24.74,24.66,24.74,24.82,24.88,24.94,24.64,24.71,24.79,24.79,24.75,24.74,24.66,24.8,24.77,24.81,24.75,24.95,24.74,24.79,24.74,24.59,24.78,24.87,24.69,24.72,24.68,24.8,24.75,24.83,24.72,24.72,24.9,25.02,24.99,24.77,24.8,24.82,24.86,24.75,24.63,24.52,24.88,24.7,24.76,24.72,24.72,24.66,24.79,24.84,25.02,24.76,24.84,24.88,24.91,24.79,24.72,24.82,24.81,24.75,24.84,24.79,24.79,24.72,24.96,25.07,25.07,24.72,24.86,24.92,24.96,24.99,24.86,24.88,24.69,24.96,24.86,24.9,24.84,24.84,24.96,25.07,25.07,25.07,25.02,24.81,24.82,24.69,25.0,24.94,24.84,24.91,24.86,24.9,24.9,24.79,25.07,25.34,25.28,25.02,25.08,24.81,24.88,24.86,25.0,24.96,24.69,24.76,24.85,24.9,25.07,24.96,25.07,25.39,25.34,25.24,25.1,24.99,24.75,24.69,25.19,24.96,24.92,24.75,24.84,24.9,25.01,24.96,25.22,25.49,25.71,25.57,25.26,25.08,24.89,24.76,24.9,24.91,25.01,24.8,24.89,24.9,24.84,25.07,25.49,25.88,25.76,25.82,25.69,25.32,24.98,24.82,24.88,25.07,24.96,24.88,24.8,24.75,24.98,25.02,25.57,25.89,25.89,26.02,25.93,25.41,25.07,24.71,24.6,24.92,24.99,24.96,24.74,24.92,24.92,25.05,25.12,25.26,25.38,25.79,25.66,25.34,24.92,24.63,24.93,24.79,24.85,25.07,24.98,24.76,24.82,25.01,25.19,25.02,25.16,25.64,25.67,25.25,24.98,25.04,24.73,24.79,24.82,25.17,24.92,24.86,24.69,25.07,24.99,25.19,25.02,25.19,25.08,25.01,24.82,24.99
54.71,26.36,24.79,24.26,24.63,24.46,24.37,24.52,24.72,24.72,24.59,24.74,24.58,24.37,24.62,24.8,25.04,24.47,24.71,24.62,24.8,24.74,24.68,24.67,24.77,24.8,24.89,24.77,24.71,24.83,24.96,24.62,24.69,25.07,24.75,24.7,24.62,24.71,24.67,24.87,24.82,24.71,24.67,24.68,24.73,24.8,24.86,24.87,24.63,24.69,24.77,24.78,24.8,24.73,24.7,24.83,24.75,24.79,24.78,24.89,24.73,24.82,24.78,24.57,24.71,24.92,24.67,24.71,24.67,24.78,24.78,24.82,24.71,24.71,24.89,25.02,25.02,24.75,24.78,24.8,24.8,24.8,24.62,24.56,24.87,24.74,24.8,24.71,24.71,24.65,24.77,24.78,25.02,24.8,24.82,24.87,24.85,24.78,24.71,24.8,24.79,24.78,24.78,24.77,24.77,24.75,24.94,25.05,25.05,24.71,24.89,24.91,24.94,24.92,24.85,24.87,24.72,24.9,24.85,24.84,24.87,24.87,24.98,25.05,25.05,25.05,25.02,24.79,24.8,24.68,24.93,24.98,24.82,24.95,24.85,24.89,24.89,24.77,25.05,25.33,25.23,25.02,25.1,24.79,24.87,24.85,24.93,24.89,24.72,24.8,24.84,24.89,25.05,24.94,25.05,25.42,25.33,25.19,25.09,25.03,24.79,24.68,25.13,24.94,24.91,24.78,24.78,24.84,24.96,24.98,25.22,25.52,25.7,25.55,25.24,25.07,24.92,24.8,24.83,24.9,24.99,24.83,24.88,24.89,24.78,25.05,25.52,25.87,25.74,25.8,25.68,25.3,25.01,24.81,24.87,25.05,24.94,24.87,24.83,24.78,24.96,25.02,25.55,25.92,25.92,26.06,25.88,25.35,25.05,24.76,24.59,24.91,24.92,24.89,24.78,24.91,24.91,24.98,25.1,25.24,25.37,25.77,25.7,25.28,24.91,24.62,25.0,24.84,24.78,25.05,24.96,24.85,24.8,24.95,25.18,25.01,25.15,25.68,25.6,25.18,24.96,24.95,24.82,24.77,24.8,25.09,24.91,24.85,24.68,25.05,24.92,25.13,25.02,25.18,25.13,24.92,24.8,24.98
54.82,26.36,24.88,24.38,24.54,24.44,24.43,24.58,24.73,24.73,24.58,24.73,24.48,24.36,24.61,24.88,25.01,24.57,24.71,24.64,24.73,24.79,24.68,24.75,24.72,24.75,24.77,24.77,24.65,24.82,24.96,24.59,24.69,24.97,24.66,24.78,24.67,24.71,24.66,24.81,24.88,24.71,24.65,24.74,24.72,24.75,24.91,24.85,24.62,24.6,24.77,24.78,24.87,24.67,24.76,24.84,24.75,24.79,24.83,24.83,24.77,24.83,24.85,24.57,24.69,24.93,24.67,24.71,24.66,24.78,24.83,24.81,24.71,24.71,24.89,25.01,25.02,24.8,24.78,24.85,24.78,24.81,24.61,24.58,24.86,24.8,24.81,24.71,24.71,24.64,24.77,24.72,24.97,24.81,24.82,24.86,24.78,24.78,24.71,24.8,24.79,24.83,24.72,24.77,24.77,24.8,24.94,25.05,25.05,24.71,24.94,24.9,24.94,24.84,24.84,24.86,24.77,24.83,24.84,24.78,24.88,24.88,25.04,25.05,25.05,25.05,25.01,24.79,24.8,24.68,24.86,24.99,24.82,25.0,24.84,24.88,24.88,24.77,25.09,25.32,25.18,25.01,25.11,24.79,24.9,24.84,24.86,24.82,24.77,24.86,24.87,24.88,25.01,24.9,25.05,25.42,25.32,25.13,25.08,25.08,24.8,24.68,25.01,24.94,24.9,24.83,24.76,24.78,24.9,24.99,25.21,25.61,25.69,25.55,25.24,25.02,24.94,24.86,24.75,24.89,24.99,24.88,24.88,24.89,24.76,25.01,25.57,25.86,25.78,25.8,25.68,25.3,25.07,24.81,24.86,24.99,24.94,24.86,24.88,24.83,24.96,24.97,25.51,25.98,25.98,26.12,25.81,25.28,24.99,24.84,24.66,24.9,24.84,24.76,24.85,24.9,24.9,24.92,25.05,25.24,25.36,25.82,25.71,25.15,24.9,24.61,25.11,24.86,24.75,24.99,24.91,24.92,24.85,24.92,25.13,24.95,25.14,25.75,25.58,25.15,24.89,24.83,24.84,24.77,24.87,25.0,24.9,24.85,24.73,25.05,24.9,25.07,25.01,25.18,25.22,24.89,24.8,24.88
54.93,26.36,24.92,24.49,24.52,24.45,24.5,24.65,24.74,24.74,24.59,24.7,24.48,24.37,24.62,24.98,25.02,24.68,24.72,24.65,24.68,24.82,24.68,24.78,24.68,24.72,24.72,24.78,24.61,24.8,24.97,24.6,24.75,24.95,24.65,24.81,24.73,24.72,24.71,24.77,24.91,24.68,24.69,24.79,24.77,24.72,24.94,24.86,24.68,24.58,24.78,24.74,24.87,24.67,24.82,24.82,24.72,24.77,24.88,24.86,24.8,24.81,24.87,24.61,24.73,24.94,24.64,24.72,24.71,24.82,24.88,24.79,24.72,24.72,24.92,25.02,24.98,24.83,24.82,24.91,24.82,24.78,24.62,24.58,24.87,24.86,24.82,24.72,24.72,24.68,24.78,24.72,24.93,24.82,24.86,24.87,24.78,24.74,24.72,24.81,24.83,24.88,24.72,24.78,24.78,24.88,24.98,25.06,25.06,24.72,24.97,24.91,24.91,24.8,24.82,24.87,24.83,24.79,24.82,24.78,24.89,24.89,25.06,25.06,25.06,25.06,25.02,24.83,24.81,24.68,24.82,25.0,24.86,25.02,24.82,24.86,24.86,24.78,25.13,25.33,25.14,25.02,25.12,24.83,24.96,24.82,24.82,24.81,24.83,24.92,24.89,24.86,24.98,24.89,25.06,25.43,25.33,25.09,25.06,25.14,24.84,24.68,24.95,24.91,24.91,24.88,24.8,24.78,24.86,24.98,25.25,25.68,25.68,25.56,25.25,25.02,24.95,24.92,24.7,24.87,24.97,24.91,24.92,24.92,24.8,24.98,25.59,25.87,25.85,25.81,25.72,25.28,25.09,24.85,24.87,24.95,24.91,24.87,24.91,24.88,24.97,24.93,25.48,26.04,26.04,26.14,25.81,25.25,24.95,24.87,24.74,24.91,24.8,24.7,24.87,24.91,24.91,24.91,25.05,25.25,25.4,25.87,25.68,25.06,24.91,24.62,25.2,24.87,24.76,24.95,24.9,24.95,24.91,24.97,25.09,24.95,25.15,25.78,25.59,25.16,24.87,24.81,24.85,24.78,24.9,24.94,24.91,24.9,24.8,25.06,24.91,25.06,25.02,25.22,25.25,24.9,24.81,24.85
55.04,26.37,24.87,24.63,24.58,24.46,24.6,24.7,24.75,24.79,24.6,24.64,24.49,24.38,24.63,25.04,25.02,24.76,24.72,24.66,24.6,24.79,24.69,24.79,24.65,24.69,24.69,24.79,24.55,24.73,24.98,24.61,24.87,24.96,24.66,24.78,24.82,24.72,24.78,24.74,24.89,24.63,24.77,24.85,24.81,24.66,24.95,24.86,24.78,24.65,24.74,24.67,24.82,24.71,24.89,24.77,24.67,24.72,24.95,24.94,24.78,24.76,24.88,24.69,24.78,24.95,24.58,24.72,24.78,24.89,24.95,24.73,24.72,24.72,24.99,25.02,24.89,24.84,24.89,24.96,24.9,24.75,24.63,24.63,24.88,24.94,24.83,24.72,24.72,24.76,24.79,24.76,24.88,24.83,24.94,24.85,24.82,24.71,24.72,24.82,24.9,24.95,24.76,24.79,24.76,24.98,25.01,25.1,25.07,24.76,24.98,24.92,24.89,24.77,24.76,24.85,24.87,24.76,24.79,24.79,24.9,24.9,25.07,25.07,25.07,25.03,25.02,24.9,24.85,24.73,24.76,25.01,24.91,25.02,24.76,24.82,24.82,24.79,25.17,25.36,25.12,25.02,25.12,24.9,24.99,24.76,24.76,24.78,24.87,24.99,24.9,24.82,24.93,24.9,25.07,25.46,25.36,25.11,25.01,25.19,24.92,24.73,24.88,24.85,24.92,24.95,24.87,24.82,24.84,24.93,25.31,25.71,25.66,25.6,25.26,25.04,24.96,24.99,24.71,24.82,24.91,24.92,24.99,25.02,24.87,24.93,25.58,25.88,25.95,25.85,25.79,25.19,25.07,24.9,24.88,24.92,24.85,24.88,24.92,24.95,24.98,24.91,25.43,26.08,26.08,26.12,25.82,25.16,24.88,24.88,24.8,24.92,24.73,24.67,24.85,24.92,24.96,24.96,25.1,25.28,25.51,25.91,25.6,24.97,24.89,24.63,25.27,24.93,24.78,24.88,24.91,24.96,24.96,25.04,25.04,24.99,25.22,25.75,25.52,25.12,24.88,24.82,24.86,24.79,24.91,24.86,24.89,24.94,24.88,25.03,24.92,25.07,25.06,25.26,25.21,24.87,24.82,24.86
55.15,26.37,24.8,24.69,24.64,24.48,24.67,24.7,24.73,24.82,24.6,24.6,24.49,24.38,24.63,25.04,25.06,24.76,24.72,24.63,24.53,24.75,24.69,24.79,24.65,24.69,24.69,24.79,24.5,24.69,24.98,24.63,24.92,24.92,24.63,24.71,24.88,24.72,24.82,24.74,24.85,24.6,24.82,24.88,24.8,24.61,24.97,24.88,24.82,24.7,24.66,24.63,24.79,24.74,24.92,24.73,24.63,24.69,24.98,24.98,24.76,24.71,24.88,24.72,24.78,24.93,24.54,24.72,24.82,24.92,24.98,24.69,24.72,24.72,25.02,25.02,24.86,24.85,24.92,24.96,24.95,24.75,24.63,24.67,24.88,24.98,24.81,24.72,24.72,24.79,24.79,24.8,24.83,24.81,24.98,24.8,24.87,24.73,24.72,24.82,24.92,24.98,24.8,24.79,24.71,25.0,25.0,25.14,25.07,24.8,24.98,24.92,24.9,24.79,24.72,24.8,24.85,24.78,24.81,24.79,24.89,24.89,25.07,25.07,25.07,24.98,25.02,24.92,24.9,24.79,24.72,24.99,24.89,25.02,24.72,24.79,24.79,24.79,25.17,25.4,25.14,25.02,25.11,24.92,24.99,24.72,24.72,24.73,24.85,25.02,24.92,24.79,24.89,24.89,25.07,25.49,25.4,25.17,24.98,25.17,24.94,24.79,24.82,24.82,24.92,24.98,24.92,24.86,24.86,24.89,25.34,25.71,25.67,25.65,25.26,25.02,24.94,25.02,24.79,24.79,24.88,24.92,25.02,25.09,24.92,24.89,25.54,25.88,25.98,25.9,25.82,25.12,25.02,24.88,24.88,24.92,24.82,24.88,24.92,24.98,24.98,24.91,25.39,26.06,26.06,26.06,25.82,25.08,24.82,24.88,24.8,24.92,24.69,24.67,24.8,24.92,25.01,25.01,25.13,25.32,25.58,25.91,25.51,24.93,24.83,24.63,25.24,24.98,24.79,24.82,24.9,24.94,24.96,25.08,24.99,25.02,25.32,25.69,25.44,25.08,24.86,24.82,24.83,24.79,24.94,24.82,24.83,24.92,24.94,24.98,24.94,25.07,25.11,25.24,25.15,24.82,24.82,24.83
55.27,26.37,24.8,24.69,24.64,24.57,24.73,24.72,24.66,24.81,24.6,24.62,24.51,24.4,24.63,25.04,25.16,24.8,24.72,24.52,24.45,24.75,24.69,24.79,24.65,24.69,24.69,24.79,24.45,24.69,24.96,24.72,24.92,24.82,24.55,24.64,24.94,24.74,24.82,24.73,24.78,24.6,24.86,24.88,24.74,24.56,25.02,24.96,24.82,24.7,24.59,24.63,24.79,24.73,24.92,24.67,24.65,24.69,24.98,24.98,24.76,24.65,24.88,24.74,24.8,24.85,24.54,24.71,24.82,24.91,24.96,24.69,24.72,24.74,25.02,25.02,24.85,24.91,24.91,24.97,25.0,24.75,24.63,24.67,24.88,24.96,24.75,24.72,24.72,24.79,24.79,24.85,24.77,24.75,24.98,24.76,24.91,24.79,24.74,24.82,24.92,24.96,24.85,24.79,24.66,24.94,24.96,25.17,25.07,24.87,24.98,24.92,24.94,24.84,24.74,24.76,24.81,24.83,24.86,24.79,24.84,24.83,25.07,25.07,25.05,24.93,25.02,24.94,24.96,24.84,24.74,24.93,24.84,25.02,24.72,24.79,24.79,24.79,25.17,25.44,25.18,25.04,25.08,24.92,24.98,24.72,24.74,24.68,24.81,25.01,24.96,24.79,24.83,24.83,25.08,25.49,25.45,25.28,24.99,25.12,24.87,24.83,24.75,24.82,24.92,24.98,24.96,24.9,24.91,24.84,25.35,25.73,25.71,25.69,25.26,24.97,24.87,25.01,24.92,24.79,24.88,24.92,25.02,25.11,24.98,24.84,25.5,25.88,25.98,25.96,25.8,25.07,24.98,24.82,24.88,24.92,24.82,24.88,24.91,24.96,24.96,24.92,25.34,26.0,26.0,25.98,25.79,25.02,24.77,24.88,24.8,24.91,24.71,24.69,24.74,24.91,25.06,25.06,25.13,25.38,25.65,25.88,25.36,24.93,24.78,24.65,25.13,24.95,24.87,24.77,24.83,24.89,24.96,25.13,24.94,25.04,25.41,25.59,25.36,25.08,24.76,24.82,24.7,24.79,25.01,24.84,24.78,24.86,24.99,24.92,24.99,25.07,25.16,25.17,25.06,24.82,24.82,24.73
55.36,26.37,24.8,24.69,24.64,24.63,24.73,24.78,24.6,24.75,24.6,24.68,24.58,24.47,24.63,25.04,25.16,24.91,24.72,24.44,24.38,24.75,24.69,24.79,24.65,24.69,24.69,24.79,24.45,24.69,24.9,24.79,24.92,24.82,24.55,24.64,24.94,24.8,24.82,24.68,24.74,24.6,24.86,24.88,24.74,24.56,25.02,25.02,24.82,24.7,24.59,24.63,24.79,24.68,24.92,24.63,24.7,24.69,24.98,24.98,24.76,24.6,24.88,24.8,24.86,24.79,24.54,24.66,24.82,24.86,24.92,24.69,24.72,24.79,25.02,25.02,24.81,24.91,24.86,25.02,25.0,24.75,24.63,24.67,24.88,24.91,24.69,24.72,24.72,24.79,24.79,24.85,24.72,24.69,24.98,24.81,24.91,24.79,24.79,24.82,24.92,24.92,24.85,24.79,24.66,24.9,24.96,25.12,25.07,24.91,24.98,24.92,24.89,24.84,24.79,24.81,24.81,24.83,24.86,24.79,24.84,24.79,25.07,25.07,25.01,24.93,25.02,24.99,24.96,24.84,24.79,24.88,24.84,25.02,24.72,24.79,24.79,24.79,25.17,25.44,25.18,25.09,25.08,24.92,24.92,24.72,24.79,24.68,24.81,24.96,24.96,24.79,24.79,24.79,25.12,25.49,25.49,25.36,25.04,25.12,24.82,24.78,24.69,24.82,24.92,24.98,24.96,24.9,24.96,24.84,25.39,25.77,25.71,25.69,25.26,24.92,24.82,24.96,24.98,24.79,24.88,24.92,25.02,25.06,25.02,24.84,25.5,25.88,25.98,25.96,25.76,25.07,24.98,24.82,24.88,24.92,24.82,24.88,24.87,24.92,24.92,24.96,25.34,25.94,25.94,25.89,25.69,25.02,24.77,24.88,24.8,24.85,24.77,24.74,24.74,24.86,25.06,25.06,25.13,25.47,25.69,25.79,25.22,24.93,24.78,24.72,25.04,24.88,24.92,24.77,24.79,24.89,24.96,25.13,24.94,25.09,25.41,25.44,25.26,25.08,24.69,24.82,24.6,24.79,25.01,24.91,24.78,24.86,24.99,24.92,24.99,25.07,25.16,25.11,24.99,24.82,24.82,24.73
55.5,26.36,24.65,24.68,24.74,24.61,24.62,24.75,24.58,24.73,24.58,24.73,24.64,24.54,24.61,24.91,25.01,24.89,24.71,24.42,24.36,24.66,24.68,24.77,24.7,24.74,24.74,24.77,24.5,24.68,24.81,24.77,24.9,24.94,24.64,24.62,24.85,24.86,24.8,24.66,24.65,24.58,24.78,24.86,24.72,24.6,24.93,25.01,24.8,24.79,24.57,24.61,24.77,24.66,24.9,24.61,24.75,24.68,24.96,24.96,24.68,24.58,24.86,24.86,24.85,24.77,24.52,24.57,24.8,24.78,24.84,24.68,24.71,24.83,25.01,25.01,24.79,24.82,24.78,25.01,24.91,24.81,24.61,24.72,24.86,24.82,24.68,24.71,24.71,24.77,24.77,24.83,24.71,24.68,24.96,24.85,24.89,24.78,24.84,24.8,24.9,24.84,24.83,24.77,24.64,24.82,24.94,25.05,25.05,24.96,24.96,24.9,24.8,24.82,24.84,24.85,24.79,24.81,24.84,24.77,24.88,24.77,25.05,25.05,24.94,24.91,25.01,25.04,24.94,24.82,24.84,24.86,24.82,25.01,24.71,24.77,24.77,24.77,25.1,25.42,25.16,25.14,25.11,24.9,24.78,24.71,24.84,24.66,24.79,24.88,24.89,24.77,24.77,24.77,25.16,25.52,25.52,25.46,25.08,25.1,24.8,24.69,24.68,24.8,24.9,24.96,24.89,24.88,24.99,24.88,25.42,25.75,25.69,25.68,25.24,24.9,24.8,24.88,25.03,24.77,24.86,24.9,25.01,24.99,25.01,24.88,25.48,25.86,25.91,25.94,25.68,25.05,24.96,24.81,24.86,24.98,24.8,24.86,24.79,24.84,24.84,25.06,25.38,25.86,25.86,25.76,25.55,25.01,24.82,24.86,24.68,24.75,24.82,24.86,24.72,24.78,25.04,25.04,25.18,25.56,25.74,25.59,25.07,24.98,24.75,24.8,24.91,24.86,24.9,24.82,24.77,24.94,24.87,25.05,24.99,25.2,25.39,25.22,25.03,24.98,24.68,24.8,24.58,24.77,24.89,24.98,24.75,24.85,24.9,24.9,24.9,25.05,25.15,25.02,24.89,24.71,24.8,24.84
55.58,26.36,24.65,24.68,24.8,24.61,24.62,24.75,24.58,24.73,24.58,24.77,24.64,24.58,24.61,24.86,24.94,24.89,24.71,24.48,24.41,24.62,24.68,24.8,24.73,24.77,24.77,24.77,24.53,24.71,24.77,24.72,24.84,24.94,24.69,24.62,24.85,24.82,24.77,24.66,24.65,24.58,24.74,24.83,24.72,24.63,24.89,24.98,24.76,24.84,24.57,24.61,24.77,24.66,24.9,24.64,24.78,24.68,24.93,24.96,24.68,24.62,24.86,24.86,24.81,24.77,24.56,24.57,24.8,24.74,24.82,24.71,24.73,24.83,24.98,25.01,24.82,24.82,24.78,24.94,24.88,24.86,24.65,24.76,24.86,24.78,24.71,24.73,24.74,24.8,24.77,24.83,24.73,24.71,24.96,24.85,24.86,24.78,24.84,24.8,24.87,24.82,24.86,24.77,24.64,24.8,24.91,25.02,25.05,24.98,24.99,24.9,24.8,24.82,24.84,24.85,24.76,24.81,24.84,24.77,24.88,24.77,25.02,25.05,24.94,24.91,25.01,25.04,24.91,24.82,24.88,24.89,24.82,24.95,24.71,24.77,24.8,24.8,25.08,25.42,25.19,25.17,25.11,24.9,24.75,24.71,24.88,24.66,24.79,24.84,24.86,24.77,24.8,24.82,25.22,25.55,25.55,25.52,25.11,25.1,24.8,24.69,24.71,24.8,24.9,24.96,24.86,24.88,25.02,24.93,25.45,25.72,25.72,25.68,25.24,24.9,24.8,24.84,25.07,24.77,24.86,24.9,25.01,24.96,25.01,24.91,25.51,25.86,25.89,25.91,25.62,25.05,24.92,24.77,24.86,25.01,24.83,24.86,24.79,24.82,24.84,25.08,25.41,25.83,25.81,25.68,25.49,25.01,24.86,24.86,24.63,24.75,24.86,24.93,24.72,24.78,25.04,25.07,25.18,25.59,25.68,25.47,25.0,25.02,24.75,24.8,24.86,24.91,24.94,24.86,24.77,24.94,24.83,25.05,24.99,25.23,25.39,25.12,24.97,24.94,24.68,24.8,24.58,24.77,24.89,24.98,24.75,24.81,24.86,24.86,24.9,25.05,25.15,24.95,24.81,24.71,24.74,24.91
55.71,26.36,24.72,24.68,24.87,24.62,24.63,24.8,24.59,24.7,24.59,24.85,24.65,24.68,24.62,24.81,24.82,24.97,24.72,24.59,24.5,24.59,24.68,24.87,24.78,24.81,24.81,24.78,24.61,24.8,24.7,24.65,24.74,24.95,24.81,24.68,24.86,24.76,24.72,24.63,24.69,24.59,24.68,24.79,24.77,24.71,24.83,24.91,24.68,24.91,24.63,24.62,24.78,24.63,24.91,24.72,24.86,24.68,24.88,24.97,24.72,24.69,24.87,24.87,24.78,24.78,24.65,24.58,24.81,24.68,24.77,24.78,24.8,24.84,24.93,25.02,24.85,24.83,24.79,24.85,24.82,24.91,24.73,24.81,24.87,24.72,24.78,24.8,24.82,24.86,24.78,24.81,24.8,24.78,24.97,24.89,24.77,24.74,24.85,24.81,24.82,24.77,24.89,24.78,24.68,24.78,24.89,24.95,25.06,25.02,25.06,24.91,24.78,24.8,24.85,24.89,24.73,24.79,24.82,24.78,24.89,24.78,24.98,25.06,24.95,24.96,25.02,25.05,24.82,24.8,24.96,24.97,24.86,24.83,24.72,24.78,24.86,24.86,25.06,25.41,25.22,25.24,25.12,24.91,24.73,24.72,24.96,24.71,24.83,24.79,24.81,24.78,24.86,24.94,25.33,25.59,25.59,25.59,25.18,25.14,24.81,24.66,24.8,24.81,24.91,24.97,24.81,24.86,25.06,25.05,25.52,25.7,25.76,25.65,25.25,24.91,24.81,24.79,25.08,24.78,24.87,24.91,25.02,24.88,25.02,24.98,25.6,25.87,25.87,25.84,25.52,25.09,24.9,24.74,24.87,25.06,24.91,24.87,24.8,24.77,24.85,25.12,25.48,25.81,25.73,25.54,25.37,25.05,24.95,24.87,24.59,24.76,24.95,25.05,24.77,24.79,25.02,25.11,25.15,25.62,25.55,25.27,24.91,25.06,24.8,24.81,24.81,24.97,25.02,24.95,24.78,24.95,24.81,25.06,25.0,25.28,25.34,24.97,24.91,24.91,24.68,24.81,24.59,24.78,24.9,24.98,24.8,24.78,24.8,24.83,24.91,25.06,25.12,24.83,24.7,24.76,24.64,25.05
55.8,26.37,24.77,24.7,24.83,24.59,24.65,24.83,24.6,24.66,24.6,24.89,24.67,24.76,24.64,24.82,24.73,25.09,24.79,24.63,24.54,24.64,24.7,24.9,24.79,24.79,24.79,24.79,24.68,24.83,24.66,24.64,24.73,25.02,24.9,24.76,24.83,24.76,24.71,24.63,24.76,24.6,24.69,24.79,24.83,24.77,24.79,24.82,24.67,24.88,24.72,24.64,24.75,24.59,24.93,24.75,24.93,24.66,24.85,24.98,24.78,24.76,24.89,24.88,24.8,24.79,24.72,24.59,24.82,24.65,24.77,24.84,24.86,24.85,24.9,25.0,24.87,24.84,24.81,24.82,24.78,24.93,24.8,24.82,24.89,24.72,24.81,24.86,24.88,24.89,24.79,24.8,24.83,24.84,24.98,24.96,24.68,24.7,24.9,24.82,24.79,24.74,24.88,24.82,24.77,24.79,24.9,24.9,25.07,25.03,25.09,24.93,24.71,24.75,24.87,24.96,24.75,24.78,24.78,24.79,24.93,24.79,24.98,25.07,24.99,25.02,25.03,25.07,24.73,24.75,24.99,25.03,24.93,24.78,24.73,24.79,24.92,24.92,25.1,25.38,25.23,25.26,25.13,24.96,24.75,24.73,24.99,24.77,24.89,24.78,24.78,24.76,24.89,25.01,25.42,25.63,25.6,25.57,25.21,25.21,24.82,24.62,24.83,24.86,24.96,24.98,24.78,24.83,25.05,25.14,25.57,25.75,25.77,25.62,25.23,24.93,24.82,24.78,25.04,24.79,24.89,24.93,25.03,24.81,25.0,25.03,25.67,25.89,25.89,25.76,25.41,25.12,24.92,24.79,24.89,25.04,24.94,24.89,24.82,24.77,24.87,25.1,25.48,25.82,25.71,25.47,25.26,25.08,24.98,24.89,24.6,24.78,24.98,25.08,24.83,24.81,24.98,25.09,25.12,25.58,25.43,25.15,24.88,25.04,24.83,24.82,24.82,24.98,25.06,24.98,24.79,24.96,24.86,25.04,25.01,25.26,25.23,24.92,24.92,24.93,24.7,24.82,24.6,24.79,24.92,25.0,24.83,24.8,24.79,24.89,24.92,25.07,25.04,24.83,24.69,24.85,24.63,25.1
55.93,26.38,24.79,24.72,24.73,24.52,24.69,24.83,24.62,24.62,24.62,24.89,24.67,24.84,24.65,24.84,24.65,25.22,24.93,24.65,24.56,24.74,24.72,24.92,24.81,24.75,24.75,24.81,24.75,24.85,24.62,24.66,24.76,25.13,25.0,24.84,24.79,24.76,24.73,24.66,24.85,24.62,24.73,24.81,24.9,24.84,24.75,24.68,24.69,24.79,24.81,24.65,24.69,24.56,24.96,24.76,25.0,24.61,24.82,25.0,24.86,24.85,24.9,24.88,24.8,24.81,24.82,24.63,24.84,24.62,24.8,24.92,24.93,24.86,24.86,24.96,24.9,24.88,24.85,24.76,24.75,24.96,24.9,24.84,24.9,24.76,24.83,24.93,24.97,24.91,24.81,24.83,24.85,24.92,25.0,25.01,24.59,24.65,24.97,24.84,24.75,24.72,24.85,24.9,24.9,24.81,24.91,24.9,25.09,25.04,25.11,24.96,24.63,24.72,24.87,25.01,24.75,24.81,24.75,24.81,24.99,24.81,24.99,25.09,25.07,25.09,25.04,25.08,24.64,24.72,24.99,25.11,25.0,24.74,24.75,24.81,24.99,24.99,25.17,25.35,25.25,25.26,25.13,25.05,24.78,24.75,24.99,24.84,24.96,24.81,24.75,24.73,24.91,25.08,25.54,25.71,25.62,25.53,25.22,25.28,24.84,24.6,24.85,24.95,25.05,25.0,24.75,24.81,25.01,25.25,25.62,25.81,25.81,25.59,25.2,24.96,24.84,24.81,25.0,24.81,24.9,24.96,25.04,24.75,24.96,25.09,25.72,25.9,25.9,25.68,25.27,25.12,24.92,24.87,24.9,24.98,24.96,24.9,24.86,24.8,24.9,25.04,25.42,25.84,25.68,25.39,25.12,25.08,24.98,24.9,24.62,24.82,24.98,25.08,24.9,24.85,24.96,25.07,25.08,25.47,25.27,25.01,24.84,24.99,24.83,24.82,24.84,25.02,25.09,24.98,24.81,24.96,24.95,25.01,25.01,25.19,25.08,24.9,24.96,24.96,24.72,24.84,24.62,24.81,24.96,25.0,24.83,24.8,24.83,24.96,24.96,25.09,24.93,24.85,24.71,24.96,24.65,25.08
56.02,26.39,24.8,24.73,24.68,24.49,24.77,24.79,24.62,24.64,24.66,24.86,24.62,24.83,24.67,24.86,24.7,25.23,25.0,24.69,24.59,24.81,24.73,24.93,24.81,24.72,24.73,24.82,24.76,24.86,24.64,24.67,24.78,25.11,24.99,24.86,24.8,24.72,24.75,24.71,24.9,24.64,24.79,24.82,24.92,24.86,24.76,24.6,24.7,24.75,24.82,24.67,24.66,24.59,24.96,24.78,25.0,24.59,24.8,25.01,24.92,24.91,24.9,24.84,24.77,24.82,24.88,24.69,24.84,24.65,24.84,24.97,24.99,24.82,24.84,24.94,24.96,24.94,24.91,24.68,24.76,24.98,24.95,24.86,24.9,24.81,24.84,24.97,25.04,24.92,24.82,24.89,24.88,24.98,25.01,24.98,24.57,24.67,24.99,24.86,24.72,24.73,24.86,24.95,24.95,24.82,24.9,24.95,25.11,25.05,25.12,24.96,24.66,24.73,24.85,24.98,24.72,24.87,24.76,24.82,24.99,24.82,25.01,25.12,25.16,25.11,25.05,25.03,24.62,24.75,24.95,25.15,25.01,24.7,24.75,24.82,25.05,25.05,25.22,25.38,25.32,25.22,25.1,25.1,24.83,24.76,24.97,24.87,24.99,24.87,24.76,24.71,24.94,25.15,25.59,25.76,25.64,25.51,25.2,25.29,24.87,24.66,24.86,25.01,25.1,25.01,24.76,24.82,24.99,25.31,25.64,25.82,25.86,25.61,25.18,24.99,24.86,24.87,24.99,24.82,24.93,24.98,25.05,24.76,24.92,25.11,25.74,25.92,25.9,25.66,25.2,25.11,24.89,24.88,24.92,24.94,24.98,24.9,24.93,24.86,24.96,24.99,25.35,25.84,25.66,25.34,25.09,25.05,24.96,24.94,24.66,24.9,24.94,25.05,24.92,24.92,24.98,25.07,25.03,25.35,25.17,24.98,24.86,24.97,24.79,24.79,24.86,25.11,25.11,24.94,24.82,24.92,24.99,25.04,24.98,25.11,25.05,24.97,25.03,24.95,24.71,24.86,24.67,24.85,25.04,24.94,24.79,24.77,24.9,24.98,25.03,25.09,24.9,24.86,24.75,25.02,24.66,25.0
56.13,26.41,24.82,24.75,24.7,24.51,24.88,24.74,24.55,24.66,24.75,24.88,24.56,24.77,24.69,24.88,24.85,25.25,25.02,24.82,24.7,24.9,24.75,24.95,24.76,24.67,24.75,24.84,24.78,24.88,24.66,24.69,24.8,25.0,24.9,24.88,24.82,24.66,24.77,24.73,24.91,24.66,24.88,24.84,24.94,24.88,24.78,24.54,24.72,24.78,24.84,24.69,24.68,24.68,24.91,24.8,24.95,24.61,24.82,25.03,25.0,25.0,24.85,24.78,24.78,24.84,24.9,24.78,24.8,24.74,24.86,24.98,25.06,24.78,24.85,24.95,25.03,25.03,25.0,24.56,24.78,25.0,24.97,24.88,24.87,24.82,24.86,24.99,25.12,24.94,24.84,24.96,24.95,25.06,25.03,24.94,24.59,24.69,25.0,24.88,24.69,24.75,24.88,25.03,25.03,24.84,24.91,25.03,25.12,25.06,25.14,24.91,24.75,24.75,24.87,24.94,24.69,24.95,24.78,24.84,24.96,24.84,25.03,25.19,25.29,25.12,25.06,24.92,24.64,24.84,24.9,25.17,25.03,24.66,24.71,24.84,25.12,25.12,25.29,25.45,25.45,25.17,25.06,25.12,24.85,24.78,24.99,24.96,25.08,24.95,24.78,24.73,25.01,25.28,25.66,25.84,25.66,25.53,25.22,25.31,24.96,24.75,24.88,25.1,25.12,25.03,24.78,24.84,25.01,25.38,25.66,25.84,25.94,25.62,25.2,25.06,24.88,24.95,24.94,24.84,25.02,25.0,25.06,24.78,24.88,25.12,25.75,25.94,25.86,25.62,25.11,25.12,24.84,24.9,24.94,24.88,25.0,24.87,25.08,24.93,25.03,24.95,25.26,25.81,25.62,25.23,25.05,25.0,24.98,25.04,24.78,25.0,24.88,25.0,24.94,25.06,25.0,25.03,24.92,25.2,25.06,24.94,24.88,24.99,24.74,24.8,24.88,25.22,25.13,24.88,24.84,24.88,25.01,25.12,24.94,25.0,25.0,25.05,25.12,24.9,24.64,24.88,24.82,24.99,25.16,24.88,24.74,24.78,24.99,24.99,25.12,25.03,24.91,24.88,24.85,25.04,24.68,24.89
56.24,26.41,24.72,24.75,24.7,24.51,24.88,24.68,24.49,24.66,24.81,24.88,24.56,24.7,24.69,24.88,24.95,25.25,25.02,24.82,24.7,24.96,24.75,24.91,24.71,24.62,24.75,24.84,24.78,24.82,24.66,24.76,24.89,25.0,24.82,24.88,24.76,24.71,24.81,24.73,24.86,24.66,24.93,24.88,24.94,24.88,24.78,24.54,24.79,24.78,24.84,24.69,24.68,24.73,24.86,24.75,24.89,24.61,24.86,25.03,25.0,25.0,24.8,24.78,24.84,24.84,24.84,24.78,24.75,24.79,24.86,24.94,25.06,24.78,24.89,24.95,25.03,25.03,25.0,24.56,24.78,25.0,24.91,24.88,24.82,24.82,24.81,24.95,25.12,24.9,24.84,25.01,24.95,25.06,25.03,24.94,24.64,24.69,25.06,24.88,24.69,24.75,24.84,25.07,25.07,24.84,24.96,25.07,25.12,25.06,25.09,24.86,24.75,24.75,24.92,24.94,24.69,25.0,24.78,24.84,24.96,24.84,25.07,25.22,25.32,25.12,25.06,24.88,24.69,24.9,24.85,25.12,25.03,24.71,24.67,24.84,25.12,25.12,25.32,25.49,25.49,25.12,25.06,25.12,24.8,24.78,24.99,25.01,25.12,25.0,24.78,24.73,25.01,25.28,25.66,25.88,25.66,25.53,25.22,25.31,25.01,24.75,24.82,25.15,25.12,25.03,24.78,24.84,25.01,25.38,25.66,25.88,25.94,25.62,25.2,25.1,24.88,25.0,24.88,24.84,25.06,25.0,25.06,24.78,24.84,25.12,25.71,25.94,25.81,25.62,25.06,25.12,24.84,24.96,24.94,24.82,24.94,24.82,25.12,24.98,25.03,24.95,25.18,25.78,25.62,25.19,25.0,24.94,24.98,25.1,24.86,25.0,24.82,24.94,24.94,25.1,25.0,24.94,24.88,25.11,25.1,24.94,24.88,24.99,24.68,24.88,24.88,25.22,25.08,24.82,24.84,24.88,25.01,25.12,24.94,24.94,24.94,25.09,25.12,24.84,24.58,24.88,24.92,25.08,25.16,24.88,24.68,24.84,25.05,25.05,25.12,24.98,24.91,24.94,24.98,24.97,24.76,24.79
56.36,26.41,24.69,24.66,24.61,24.51,24.88,24.59,24.47,24.66,24.82,24.88,24.63,24.68,24.69,24.88,24.98,25.25,25.02,24.74,24.63,25.03,24.75,24.84,24.69,24.56,24.75,24.84,24.78,24.75,24.71,24.78,25.0,25.0,24.79,24.81,24.69,24.73,24.88,24.73,24.85,24.66,25.0,24.94,24.94,24.88,24.78,24.54,24.88,24.78,24.84,24.69,24.68,24.75,24.85,24.73,24.82,24.61,24.92,24.98,25.0,25.04,24.78,24.73,24.86,24.77,24.82,24.78,24.73,24.81,24.86,24.92,25.02,24.78,24.91,24.91,24.99,25.03,24.95,24.61,24.78,25.0,24.89,24.88,24.81,24.82,24.75,24.89,25.12,24.84,24.84,25.02,24.95,25.06,25.03,24.94,24.71,24.69,25.07,24.93,24.73,24.75,24.78,25.08,25.08,24.89,24.97,25.08,25.12,25.06,25.08,24.85,24.75,24.75,24.99,24.94,24.73,25.02,24.78,24.84,24.96,24.84,25.12,25.28,25.38,25.12,25.06,24.86,24.75,24.92,24.78,25.06,25.03,24.78,24.65,24.84,25.12,25.12,25.42,25.59,25.54,25.11,25.06,25.12,24.78,24.78,24.94,25.03,25.14,25.06,24.78,24.73,24.97,25.28,25.7,25.94,25.7,25.53,25.17,25.27,25.03,24.81,24.75,25.17,25.12,25.03,24.82,24.84,24.97,25.3,25.61,25.94,25.98,25.58,25.16,25.11,24.88,25.02,24.86,24.84,25.08,25.0,25.06,24.82,24.78,25.08,25.58,25.85,25.75,25.54,25.0,25.03,24.84,25.03,24.94,24.81,24.88,24.77,25.14,24.99,25.03,24.95,25.06,25.59,25.54,25.12,24.98,24.93,24.92,25.05,24.96,25.0,24.81,24.88,24.89,25.06,25.0,24.86,24.86,25.0,25.11,24.94,24.88,24.99,24.65,24.9,24.88,25.15,25.0,24.81,24.84,24.88,24.97,25.08,24.94,24.88,24.88,25.05,25.12,24.82,24.55,24.88,24.95,25.11,25.09,24.94,24.65,24.86,25.07,25.12,25.12,24.9,24.86,25.03,25.07,24.95,24.88,24.66
56.46,26.41,24.79,24.56,24.61,24.58,24.88,24.59,24.47,24.66,24.82,24.94,24.69,24.68,24.69,24.88,24.98,25.25,24.93,24.74,24.63,25.03,24.75,24.84,24.69,24.56,24.8,24.84,24.78,24.75,24.77,24.71,25.0,24.91,24.79,24.74,24.69,24.68,24.88,24.68,24.85,24.66,25.0,24.94,24.94,24.88,24.78,24.59,24.88,24.86,24.84,24.69,24.74,24.75,24.85,24.78,24.77,24.66,24.96,24.93,25.0,25.08,24.78,24.68,24.86,24.69,24.82,24.78,24.73,24.81,24.82,24.92,24.98,24.78,24.91,24.91,24.95,25.03,24.9,24.66,24.78,25.0,24.89,24.88,24.81,24.77,24.75,24.85,25.12,24.84,24.84,24.98,24.99,25.06,25.03,24.94,24.76,24.69,25.02,24.98,24.78,24.75,24.78,25.04,25.04,24.93,24.97,25.04,25.12,25.06,25.12,24.85,24.8,24.75,25.04,24.94,24.78,24.97,24.78,24.84,24.91,24.84,25.12,25.31,25.38,25.12,25.06,24.86,24.8,24.92,24.78,25.02,25.03,24.78,24.65,24.84,25.12,25.12,25.46,25.67,25.59,25.16,25.06,25.08,24.78,24.78,24.94,25.03,25.14,25.06,24.78,24.77,24.97,25.31,25.74,25.94,25.74,25.58,25.17,25.22,25.03,24.86,24.75,25.12,25.08,25.03,24.87,24.84,24.97,25.22,25.57,25.94,26.01,25.54,25.16,25.11,24.88,24.97,24.86,24.84,25.08,25.0,25.06,24.87,24.78,25.04,25.5,25.77,25.7,25.46,25.0,24.98,24.84,25.03,24.94,24.86,24.88,24.73,25.14,24.95,25.03,24.99,25.06,25.42,25.45,25.08,25.03,24.98,24.92,24.99,25.03,25.0,24.86,24.88,24.83,25.01,25.0,24.86,24.86,25.0,25.11,24.94,24.88,25.04,24.72,24.9,24.88,25.08,25.0,24.86,24.84,24.88,24.87,25.08,24.94,24.88,24.88,24.94,25.12,24.82,24.55,24.88,24.95,25.11,25.02,25.01,24.72,24.86,25.01,25.12,25.12,24.84,24.86,25.03,25.07,24.95,24.88,24.66
56.58,26.41,24.92,24.53,24.61,24.67,24.88,24.59,24.53,24.66,24.82,24.96,24.78,24.68,24.69,24.78,24.98,25.25,24.9,24.74,24.63,24.98,24.75,24.84,24.69,24.56,24.86,24.84,24.78,24.81,24.79,24.62,24.92,24.88,24.79,24.66,24.69,24.61,24.83,24.66,24.85,24.66,24.95,24.9,24.94,24.88,24.78,24.67,24.88,24.97,24.9,24.74,24.82,24.75,24.85,24.84,24.76,24.73,25.02,24.91,25.0,25.09,24.78,24.66,24.86,24.67,24.76,24.78,24.73,24.81,24.76,24.88,24.92,24.78,24.91,24.91,24.93,25.03,24.88,24.72,24.78,24.93,24.89,24.88,24.81,24.7,24.75,24.8,25.07,24.84,24.84,24.92,25.01,25.06,25.03,24.98,24.83,24.74,24.95,25.0,24.84,24.79,24.78,24.98,24.98,24.94,25.05,25.06,25.12,25.02,25.14,24.85,24.86,24.81,25.06,24.89,24.8,24.95,24.83,24.84,24.86,24.89,25.2,25.45,25.42,25.2,25.06,24.91,24.86,24.92,24.78,24.9,25.03,24.78,24.65,24.84,25.08,25.08,25.52,25.78,25.72,25.3,25.06,25.02,24.78,24.83,24.99,25.08,25.09,25.02,24.78,24.83,25.01,25.32,25.71,25.85,25.75,25.59,25.17,25.16,24.98,24.94,24.81,25.1,25.02,24.99,24.88,24.89,25.01,25.15,25.48,25.82,25.94,25.48,25.2,25.11,24.88,24.91,24.81,24.89,25.08,25.0,25.02,24.88,24.82,25.03,25.39,25.61,25.56,25.34,25.0,25.0,24.84,25.03,24.94,24.88,24.88,24.71,25.09,24.93,25.03,25.05,25.06,25.25,25.33,25.02,25.05,25.0,24.98,24.97,25.06,24.94,24.94,24.93,24.86,24.99,24.95,24.81,24.86,25.0,25.11,24.94,24.88,25.06,24.74,24.9,24.88,24.98,24.94,24.94,24.89,24.88,24.78,25.08,24.94,24.88,24.93,24.86,25.07,24.76,24.55,24.88,24.95,25.11,24.92,25.03,24.8,24.86,24.94,25.07,25.12,24.82,24.91,24.97,25.07,24.88,24.88,24.75
56.68,26.41,24.99,24.53,24.58,24.69,24.88,24.59,24.59,24.66,24.81,24.94,24.82,24.7,24.69,24.72,24.95,25.25,24.93,24.71,24.61,24.94,24.75,24.84,24.71,24.56,24.88,24.84,24.78,24.84,24.79,24.58,24.86,24.91,24.82,24.61,24.69,24.58,24.8,24.68,24.86,24.66,24.91,24.87,24.94,24.88,24.78,24.69,24.88,25.0,24.95,24.78,24.84,24.73,24.86,24.88,24.77,24.75,25.03,24.91,25.0,25.09,24.8,24.66,24.84,24.67,24.74,24.78,24.75,24.79,24.75,24.86,24.89,24.78,24.89,24.89,24.93,25.03,24.88,24.75,24.78,24.89,24.91,24.88,24.82,24.69,24.75,24.78,25.04,24.84,24.84,24.89,24.99,25.06,25.03,25.02,24.84,24.78,24.92,25.0,24.88,24.82,24.78,24.96,24.96,24.94,25.09,25.09,25.12,24.99,25.14,24.86,24.88,24.84,25.04,24.85,24.8,24.95,24.87,24.84,24.84,24.91,25.26,25.52,25.45,25.26,25.06,24.95,24.88,24.9,24.78,24.85,25.03,24.78,24.67,24.84,25.05,25.05,25.54,25.82,25.79,25.39,25.06,25.0,24.8,24.87,25.0,25.1,25.05,24.98,24.78,24.84,25.03,25.31,25.68,25.8,25.75,25.58,25.16,25.12,24.93,24.98,24.84,25.1,25.0,24.96,24.88,24.91,25.03,25.13,25.42,25.73,25.88,25.46,25.21,25.1,24.88,24.88,24.79,24.92,25.06,25.0,24.98,24.88,24.85,25.03,25.34,25.52,25.48,25.29,25.0,25.02,24.84,25.03,24.94,24.88,24.88,24.73,25.05,24.93,25.03,25.06,25.06,25.18,25.27,25.0,25.05,25.0,24.99,24.95,25.03,24.9,24.98,24.96,24.9,24.98,24.92,24.8,24.88,25.0,25.1,24.94,24.88,25.04,24.74,24.88,24.88,24.94,24.9,24.98,24.92,24.88,24.77,25.06,24.94,24.88,24.96,24.83,25.03,24.74,24.58,24.88,24.92,25.08,24.88,25.03,24.84,24.84,24.9,25.03,25.12,24.84,24.93,24.92,25.05,24.85,24.88,24.82
56.8,26.4,25.08,24.56,24.46,24.66,24.87,24.59,24.72,24.65,24.73,24.86,24.88,24.78,24.68,24.59,24.81,25.25,25.05,24.63,24.54,24.86,24.73,24.84,24.77,24.57,24.87,24.84,24.78,24.91,24.78,24.49,24.74,25.03,24.92,24.52,24.68,24.5,24.75,24.74,24.91,24.65,24.84,24.82,24.93,24.87,24.78,24.7,24.87,24.99,25.0,24.83,24.84,24.68,24.92,24.93,24.82,24.75,25.03,24.91,24.98,25.07,24.86,24.66,24.78,24.66,24.75,24.78,24.81,24.74,24.75,24.87,24.83,24.78,24.85,24.85,24.91,25.01,24.87,24.81,24.78,24.82,24.96,24.87,24.88,24.7,24.75,24.78,24.97,24.84,24.85,24.85,24.93,25.06,25.03,25.07,24.84,24.83,24.85,24.97,24.92,24.86,24.78,24.9,24.9,24.94,25.12,25.14,25.13,24.96,25.14,24.92,24.87,24.9,24.97,24.8,24.81,24.95,24.91,24.84,24.84,24.97,25.36,25.62,25.5,25.36,25.06,25.07,24.87,24.82,24.78,24.78,25.01,24.78,24.72,24.84,24.99,25.01,25.6,25.86,25.86,25.53,25.07,24.99,24.86,24.91,24.98,25.08,24.93,24.93,24.78,24.84,25.01,25.26,25.64,25.69,25.74,25.5,25.09,25.06,24.81,25.03,24.9,25.08,24.99,24.91,24.89,24.97,25.01,25.07,25.31,25.57,25.77,25.38,25.2,25.04,24.87,24.82,24.8,24.96,25.0,24.99,24.93,24.89,24.89,25.01,25.23,25.34,25.37,25.17,24.99,25.0,24.85,25.01,24.93,24.9,24.87,24.78,24.95,24.93,25.01,25.06,25.06,25.06,25.15,24.99,25.04,24.99,24.97,24.86,24.95,24.83,25.03,25.01,24.94,24.92,24.87,24.81,24.92,24.99,25.04,24.93,24.87,24.97,24.73,24.78,24.87,24.86,24.83,25.03,24.96,24.87,24.76,25.0,24.93,24.87,25.01,24.78,24.95,24.73,24.66,24.87,24.82,24.99,24.78,25.0,24.91,24.78,24.84,24.95,25.1,24.9,24.91,24.85,24.96,24.85,24.84,24.91
56.89,26.39,25.07,24.63,24.35,24.58,24.86,24.58,24.77,24.64,24.66,24.79,24.87,24.83,24.67,24.48,24.7,25.23,25.12,24.61,24.53,24.79,24.66,24.82,24.81,24.61,24.86,24.82,24.76,24.96,24.77,24.41,24.64,25.11,24.99,24.44,24.67,24.44,24.73,24.78,24.9,24.64,24.78,24.81,24.92,24.86,24.76,24.75,24.86,24.98,24.99,24.82,24.82,24.66,24.96,24.96,24.81,24.73,25.01,24.89,24.92,25.0,24.9,24.64,24.77,24.65,24.79,24.76,24.84,24.72,24.73,24.91,24.78,24.76,24.84,24.84,24.86,24.94,24.85,24.84,24.76,24.8,24.95,24.86,24.9,24.74,24.73,24.76,24.9,24.82,24.88,24.84,24.88,25.05,25.01,25.11,24.82,24.82,24.78,24.91,24.9,24.84,24.76,24.84,24.84,24.92,25.11,25.16,25.16,24.99,25.12,24.96,24.86,24.88,24.9,24.78,24.83,24.94,24.9,24.82,24.82,24.99,25.42,25.69,25.52,25.42,25.05,25.15,24.86,24.75,24.76,24.71,24.94,24.76,24.75,24.82,24.94,24.99,25.62,25.85,25.85,25.57,25.1,24.98,24.9,24.9,24.92,25.01,24.87,24.92,24.76,24.82,24.95,25.21,25.62,25.64,25.69,25.4,25.03,24.99,24.75,25.01,24.88,25.01,24.98,24.9,24.92,24.99,24.95,25.02,25.22,25.43,25.68,25.29,25.14,24.99,24.86,24.82,24.84,24.95,24.93,24.98,24.92,24.92,24.88,24.95,25.13,25.2,25.28,25.08,24.98,24.94,24.89,24.94,24.92,24.94,24.86,24.81,24.93,24.91,24.96,25.05,25.05,24.97,25.04,24.98,25.03,24.98,24.9,24.79,24.94,24.81,25.01,24.99,24.92,24.87,24.85,24.83,24.9,24.98,24.99,24.92,24.86,24.9,24.72,24.69,24.86,24.85,24.81,25.01,24.95,24.86,24.75,24.93,24.92,24.86,24.99,24.76,24.88,24.72,24.71,24.86,24.8,24.97,24.69,24.92,24.95,24.77,24.82,24.88,25.03,24.88,24.84,24.84,24.88,24.83,24.74,24.9
57.02,26.38,24.95,24.8,24.34,24.52,24.84,24.56,24.77,24.62,24.64,24.7,24.78,24.82,24.65,24.37,24.69,25.22,25.2,24.65,24.58,24.7,24.6,24.79,24.81,24.65,24.84,24.81,24.75,25.0,24.72,24.4,24.55,25.2,24.97,24.43,24.67,24.42,24.72,24.82,24.85,24.62,24.71,24.79,24.9,24.84,24.75,24.82,24.84,24.93,24.97,24.8,24.81,24.7,24.96,24.94,24.79,24.72,25.0,24.93,24.86,24.9,24.89,24.68,24.82,24.71,24.77,24.73,24.84,24.75,24.72,24.9,24.76,24.75,24.87,24.87,24.84,24.88,24.89,24.84,24.75,24.78,24.88,24.84,24.89,24.78,24.72,24.76,24.83,24.81,24.91,24.87,24.82,25.04,25.0,25.14,24.81,24.8,24.77,24.79,24.84,24.83,24.75,24.82,24.82,24.88,25.14,25.26,25.22,25.03,25.08,24.96,24.83,24.87,24.83,24.77,24.83,24.96,24.89,24.81,24.82,25.04,25.52,25.79,25.57,25.52,25.04,25.2,24.84,24.72,24.75,24.65,24.88,24.76,24.75,24.81,24.87,24.98,25.61,25.78,25.85,25.58,25.14,24.96,24.9,24.89,24.89,24.98,24.83,24.92,24.75,24.81,24.92,25.14,25.57,25.55,25.58,25.27,25.0,24.96,24.72,24.94,24.87,24.98,24.96,24.87,24.91,25.02,24.92,25.04,25.14,25.25,25.5,25.21,25.11,24.97,24.84,24.84,24.83,24.94,24.9,24.96,24.9,24.91,24.86,24.94,25.09,25.09,25.14,25.02,24.94,24.96,24.94,24.85,24.9,24.92,24.86,24.85,24.94,24.93,24.89,25.04,25.04,24.98,25.0,24.96,24.97,24.91,24.87,24.82,24.9,24.79,24.94,25.0,24.96,24.89,24.82,24.82,24.86,24.96,24.96,24.9,24.84,24.82,24.66,24.65,24.84,24.88,24.77,24.96,24.95,24.84,24.76,24.89,24.9,24.84,24.98,24.84,24.79,24.66,24.72,24.84,24.89,25.02,24.65,24.78,24.94,24.82,24.85,24.79,24.94,24.89,24.82,24.82,24.82,24.75,24.65,24.92
57.11,26.38,24.86,24.89,24.43,24.6,24.84,24.56,24.77,24.62,24.7,24.64,24.72,24.75,24.65,24.37,24.79,25.22,25.2,24.65,24.65,24.64,24.6,24.73,24.81,24.7,24.84,24.81,24.75,25.0,24.72,24.46,24.55,25.2,24.89,24.49,24.73,24.47,24.72,24.82,24.85,24.62,24.71,24.79,24.9,24.84,24.75,24.87,24.84,24.84,24.97,24.8,24.81,24.75,24.96,24.89,24.79,24.72,25.0,24.98,24.86,24.86,24.84,24.73,24.87,24.79,24.71,24.68,24.84,24.8,24.72,24.85,24.8,24.75,24.91,24.91,24.89,24.88,24.94,24.84,24.75,24.78,24.82,24.84,24.85,24.78,24.72,24.8,24.83,24.81,24.91,24.91,24.82,25.04,25.0,25.14,24.81,24.8,24.82,24.74,24.8,24.83,24.75,24.87,24.87,24.88,25.18,25.38,25.3,25.07,25.08,24.96,24.78,24.87,24.83,24.77,24.83,24.96,24.89,24.81,24.87,25.08,25.6,25.88,25.61,25.6,25.04,25.2,24.84,24.72,24.75,24.65,24.88,24.8,24.75,24.81,24.82,24.98,25.57,25.69,25.89,25.58,25.18,24.96,24.9,24.89,24.89,24.98,24.83,24.92,24.75,24.81,24.92,25.1,25.52,25.47,25.49,25.18,25.0,24.96,24.72,24.89,24.87,24.98,24.96,24.83,24.87,25.02,24.92,25.08,25.1,25.13,25.34,25.17,25.11,25.01,24.84,24.84,24.77,24.94,24.9,24.96,24.85,24.87,24.86,24.98,25.09,25.0,25.01,24.98,24.89,25.01,24.98,24.79,24.9,24.87,24.91,24.89,24.89,24.93,24.84,25.04,25.04,25.02,25.0,24.96,24.92,24.86,24.87,24.88,24.82,24.79,24.89,25.05,25.01,24.94,24.77,24.77,24.86,24.96,24.96,24.9,24.84,24.77,24.66,24.65,24.84,24.88,24.71,24.96,25.0,24.84,24.76,24.84,24.9,24.84,24.98,24.9,24.74,24.66,24.72,24.84,24.98,25.02,24.65,24.71,24.88,24.87,24.85,24.74,24.89,24.94,24.88,24.82,24.77,24.68,24.65,25.02
57.24,26.38,24.72,24.92,24.55,24.69,24.84,24.56,24.72,24.62,24.77,24.62,24.63,24.67,24.65,24.47,24.92,25.22,25.12,24.65,24.73,24.62,24.6,24.65,24.81,24.76,24.84,24.81,24.75,24.94,24.77,24.55,24.63,25.1,24.79,24.58,24.8,24.54,24.76,24.77,24.85,24.62,24.76,24.83,24.9,24.84,24.75,24.95,24.84,24.73,24.91,24.75,24.81,24.82,24.96,24.83,24.74,24.72,25.0,25.0,24.86,24.85,24.77,24.75,24.95,24.81,24.69,24.61,24.84,24.87,24.72,24.84,24.86,24.75,24.97,24.97,24.9,24.88,24.96,24.84,24.75,24.85,24.75,24.84,24.79,24.78,24.72,24.86,24.89,24.81,24.91,24.97,24.86,25.04,25.0,25.09,24.81,24.75,24.89,24.72,24.73,24.79,24.75,24.92,24.92,24.92,25.15,25.47,25.4,25.17,25.12,24.96,24.72,24.81,24.89,24.82,24.88,24.92,24.83,24.81,24.92,25.09,25.62,25.9,25.62,25.62,25.04,25.15,24.84,24.72,24.75,24.7,24.88,24.86,24.75,24.81,24.81,25.02,25.51,25.58,25.87,25.49,25.24,24.96,24.9,24.83,24.83,24.93,24.88,24.96,24.75,24.81,24.88,25.09,25.55,25.44,25.42,25.11,25.0,24.96,24.76,24.81,24.81,24.93,24.96,24.82,24.86,24.98,24.88,25.09,25.09,25.09,25.25,25.11,25.07,25.06,24.84,24.84,24.75,24.89,24.9,24.96,24.84,24.86,24.82,24.99,25.09,24.93,24.93,24.92,24.83,24.98,25.05,24.72,24.9,24.85,24.98,24.9,24.87,24.89,24.79,25.04,25.04,25.04,25.0,24.96,24.9,24.84,24.81,24.9,24.8,24.85,24.81,25.07,24.98,24.96,24.75,24.75,24.86,24.96,24.96,24.9,24.84,24.75,24.72,24.65,24.84,24.88,24.69,24.96,25.01,24.84,24.72,24.77,24.9,24.84,24.93,24.92,24.72,24.72,24.72,24.84,25.12,25.02,24.65,24.69,24.79,24.95,24.85,24.72,24.81,24.96,24.9,24.89,24.69,24.65,24.65,25.05
57.33,26.38,24.69,24.86,24.64,24.76,24.8,24.56,24.66,24.62,24.83,24.66,24.56,24.65,24.6,24.5,24.95,25.22,25.03,24.65,24.75,24.66,24.6,24.63,24.78,24.78,24.84,24.81,24.75,24.89,24.79,24.61,24.71,25.01,24.71,24.6,24.86,24.59,24.81,24.72,24.85,24.66,24.81,24.88,24.9,24.84,24.75,25.0,24.89,24.7,24.85,24.69,24.84,24.87,24.96,24.82,24.69,24.72,25.0,25.0,24.86,24.85,24.72,24.75,24.97,24.85,24.73,24.56,24.81,24.89,24.72,24.84,24.88,24.75,24.98,25.01,24.9,24.88,24.96,24.84,24.75,24.91,24.69,24.8,24.75,24.78,24.72,24.88,24.9,24.81,24.91,25.01,24.9,25.04,24.96,25.05,24.81,24.73,24.94,24.72,24.69,24.75,24.75,24.97,24.97,24.94,25.14,25.51,25.48,25.29,25.14,24.96,24.7,24.79,24.9,24.87,24.89,24.84,24.82,24.81,24.94,25.06,25.62,25.9,25.65,25.62,25.07,25.08,24.81,24.72,24.78,24.75,24.84,24.9,24.75,24.81,24.81,25.04,25.47,25.5,25.83,25.41,25.28,24.96,24.9,24.78,24.82,24.88,24.89,24.98,24.75,24.84,24.84,25.06,25.57,25.44,25.38,25.1,25.03,24.96,24.81,24.75,24.79,24.88,24.96,24.84,24.86,24.97,24.84,25.09,25.09,25.09,25.22,25.1,25.05,25.07,24.84,24.84,24.75,24.84,24.9,24.96,24.84,24.89,24.8,24.99,25.09,24.89,24.89,24.9,24.82,24.94,25.06,24.7,24.86,24.89,25.0,24.9,24.9,24.84,24.77,25.04,25.01,25.04,24.97,24.92,24.9,24.84,24.75,24.86,24.8,24.92,24.79,25.07,24.9,24.96,24.78,24.78,24.86,24.96,24.96,24.9,24.84,24.78,24.74,24.65,24.78,24.93,24.73,24.96,25.01,24.81,24.7,24.75,24.94,24.88,24.88,24.88,24.72,24.78,24.72,24.84,25.15,25.02,24.65,24.69,24.77,24.97,24.85,24.72,24.79,24.96,24.9,24.95,24.67,24.65,24.65,25.05
57.44,26.39,24.77,24.69,24.77,24.91,24.72,24.57,24.63,24.63,24.91,24.75,24.53,24.65,24.5,24.51,24.96,25.23,24.91,24.61,24.72,24.75,24.64,24.64,24.72,24.76,24.85,24.82,24.76,24.82,24.8,24.71,24.84,24.89,24.61,24.61,24.95,24.67,24.85,24.66,24.89,24.74,24.89,24.91,24.91,24.85,24.76,25.05,24.98,24.72,24.82,24.66,24.91,24.91,24.97,24.83,24.66,24.73,25.01,25.01,24.9,24.89,24.66,24.76,24.93,24.94,24.79,24.5,24.76,24.87,24.73,24.81,24.88,24.76,24.96,25.05,24.94,24.92,24.97,24.85,24.76,24.97,24.66,24.74,24.7,24.75,24.73,24.88,24.91,24.82,24.89,25.05,24.97,25.05,24.9,24.99,24.82,24.78,25.02,24.77,24.66,24.73,24.76,25.03,25.03,24.95,25.18,25.57,25.57,25.41,25.15,24.97,24.71,24.84,24.91,24.91,24.88,24.72,24.86,24.82,24.95,25.02,25.63,25.91,25.72,25.63,25.13,24.96,24.76,24.73,24.86,24.83,24.82,24.97,24.76,24.82,24.82,25.02,25.42,25.42,25.84,25.36,25.32,24.97,24.91,24.76,24.86,24.85,24.88,24.95,24.76,24.9,24.82,25.02,25.55,25.42,25.36,25.13,25.1,24.97,24.85,24.73,24.84,24.85,24.97,24.88,24.84,24.98,24.82,25.1,25.1,25.1,25.17,25.13,25.09,25.08,24.85,24.81,24.73,24.82,24.91,24.97,24.81,24.92,24.84,25.03,25.1,24.84,24.84,24.91,24.83,24.91,25.04,24.75,24.78,24.93,25.01,24.91,24.91,24.8,24.81,25.05,24.95,25.05,24.92,24.88,24.91,24.85,24.73,24.78,24.76,24.97,24.84,25.11,24.81,24.97,24.83,24.83,24.9,24.97,24.97,24.91,24.85,24.86,24.75,24.66,24.66,24.98,24.79,25.01,25.05,24.76,24.71,24.76,25.01,24.95,24.85,24.78,24.73,24.88,24.73,24.85,25.09,24.97,24.66,24.74,24.79,24.93,24.82,24.73,24.84,25.01,24.95,25.01,24.68,24.66,24.71,25.12
57.55,26.39,24.87,24.57,24.86,25.0,24.66,24.58,24.64,24.64,24.98,24.77,24.54,24.62,24.48,24.58,24.96,25.16,24.82,24.59,24.7,24.77,24.7,24.64,24.7,24.75,24.86,24.82,24.76,24.77,24.84,24.78,24.87,24.86,24.53,24.66,24.97,24.69,24.86,24.64,24.94,24.79,24.91,24.89,24.92,24.86,24.76,25.01,25.01,24.72,24.82,24.71,24.93,24.88,24.94,24.83,24.7,24.73,25.01,24.98,24.95,24.94,24.64,24.76,24.88,24.97,24.79,24.49,24.75,24.82,24.76,24.8,24.89,24.76,24.92,25.02,24.98,24.98,24.98,24.82,24.76,24.98,24.71,24.72,24.69,24.7,24.77,24.92,24.92,24.82,24.85,25.02,25.02,25.05,24.89,24.95,24.82,24.84,25.07,24.79,24.67,24.73,24.76,25.05,25.05,24.95,25.19,25.61,25.61,25.43,25.15,24.94,24.68,24.86,24.92,24.92,24.84,24.66,24.88,24.82,24.95,24.98,25.61,25.92,25.74,25.67,25.17,24.93,24.75,24.73,24.92,24.88,24.82,24.99,24.76,24.85,24.85,24.98,25.36,25.39,25.86,25.36,25.3,24.98,24.88,24.76,24.92,24.89,24.87,24.91,24.76,24.95,24.85,25.01,25.51,25.39,25.39,25.17,25.12,24.98,24.86,24.73,24.9,24.86,24.98,24.86,24.77,24.95,24.85,25.11,25.11,25.11,25.16,25.15,25.14,25.09,24.82,24.77,24.71,24.86,24.95,24.98,24.77,24.89,24.86,25.08,25.11,24.82,24.82,24.91,24.83,24.92,25.0,24.77,24.72,24.9,25.01,24.92,24.87,24.76,24.86,25.02,24.94,25.05,24.89,24.87,24.92,24.89,24.73,24.77,24.69,24.98,24.9,25.17,24.8,24.98,24.83,24.83,24.95,24.98,24.94,24.92,24.86,24.92,24.76,24.62,24.64,24.94,24.79,25.03,25.03,24.75,24.72,24.76,25.03,24.98,24.86,24.71,24.73,24.94,24.73,24.8,25.0,24.88,24.72,24.81,24.75,24.88,24.77,24.77,24.9,25.07,24.97,25.01,24.69,24.72,24.8,25.16
57.66,26.39,24.99,24.5,24.91,24.99,24.56,24.57,24.63,24.63,25.0,24.76,24.52,24.56,24.47,24.63,24.89,25.01,24.75,24.63,24.69,24.76,24.72,24.67,24.7,24.74,24.85,24.82,24.75,24.72,24.87,24.82,24.8,24.92,24.47,24.69,24.92,24.65,24.85,24.67,24.96,24.84,24.87,24.82,24.91,24.85,24.75,24.92,25.0,24.77,24.82,24.78,24.92,24.81,24.87,24.85,24.76,24.72,25.0,24.9,24.96,24.96,24.67,24.75,24.79,24.96,24.82,24.51,24.74,24.75,24.81,24.82,24.85,24.75,24.85,24.95,25.0,25.0,24.96,24.74,24.75,24.96,24.78,24.72,24.71,24.66,24.82,24.95,24.87,24.82,24.82,24.95,25.04,25.04,24.88,24.91,24.82,24.91,25.1,24.74,24.66,24.72,24.75,25.01,25.01,24.91,25.18,25.63,25.63,25.42,25.11,24.87,24.63,24.85,24.87,24.91,24.77,24.61,24.87,24.82,24.91,24.91,25.55,25.91,25.73,25.71,25.22,24.96,24.74,24.72,24.98,24.91,24.78,24.95,24.75,24.9,24.9,24.91,25.27,25.36,25.82,25.36,25.24,24.96,24.81,24.75,24.98,24.95,24.85,24.83,24.75,25.0,24.9,25.0,25.45,25.36,25.43,25.22,25.11,24.96,24.85,24.72,24.97,24.85,24.96,24.82,24.67,24.91,24.9,25.1,25.1,25.1,25.18,25.14,25.19,25.05,24.74,24.72,24.74,24.91,25.0,24.96,24.72,24.85,24.85,25.1,25.1,24.85,24.85,24.93,24.85,24.91,24.92,24.76,24.62,24.85,24.97,24.91,24.85,24.72,24.9,24.95,24.93,25.04,24.82,24.85,24.91,24.95,24.72,24.76,24.63,24.96,24.97,25.19,24.79,24.96,24.85,24.85,24.96,24.96,24.87,24.91,24.85,24.98,24.71,24.52,24.63,24.89,24.82,24.98,24.91,24.74,24.74,24.79,25.02,24.97,24.85,24.67,24.72,24.96,24.72,24.68,24.86,24.82,24.8,24.85,24.71,24.79,24.72,24.83,24.97,25.1,24.92,25.0,24.72,24.8,24.85,25.09
57.77,26.38,25.08,24.49,24.9,24.9,24.48,24.55,24.61,24.61,24.99,24.75,24.51,24.55,24.46,24.61,24.78,24.88,24.74,24.7,24.68,24.75,24.71,24.72,24.68,24.72,24.83,24.8,24.74,24.71,24.86,24.8,24.7,25.0,24.46,24.68,24.85,24.58,24.83,24.71,24.94,24.88,24.8,24.77,24.9,24.83,24.74,24.85,24.99,24.83,24.8,24.83,24.91,24.74,24.8,24.88,24.8,24.71,24.99,24.83,24.94,24.94,24.71,24.74,24.72,24.94,24.86,24.55,24.72,24.68,24.83,24.86,24.8,24.74,24.8,24.89,24.99,24.99,24.94,24.68,24.74,24.94,24.83,24.7,24.74,24.65,24.86,24.94,24.81,24.8,24.8,24.89,25.03,25.03,24.87,24.9,24.8,24.96,25.08,24.68,24.65,24.71,24.74,24.96,24.96,24.86,25.17,25.61,25.61,25.41,25.05,24.8,24.62,24.84,24.81,24.9,24.71,24.6,24.86,24.8,24.86,24.86,25.5,25.9,25.71,25.74,25.25,24.99,24.72,24.71,25.01,24.9,24.71,24.89,24.74,24.93,24.93,24.86,25.22,25.35,25.77,25.35,25.19,24.94,24.74,24.74,25.01,24.99,24.83,24.77,24.74,25.03,24.93,24.98,25.4,25.35,25.46,25.25,25.1,24.94,24.83,24.71,25.01,24.83,24.94,24.81,24.61,24.9,24.93,25.08,25.08,25.08,25.21,25.13,25.21,24.99,24.68,24.71,24.78,24.94,25.04,24.94,24.71,24.84,24.84,25.08,25.08,24.88,24.88,24.97,24.88,24.9,24.86,24.75,24.55,24.84,24.9,24.9,24.88,24.71,24.93,24.89,24.92,25.03,24.76,24.83,24.9,24.99,24.71,24.74,24.61,24.94,25.01,25.18,24.78,24.94,24.88,24.88,24.94,24.94,24.8,24.9,24.83,25.01,24.63,24.43,24.61,24.87,24.86,24.91,24.79,24.72,24.77,24.83,25.0,24.95,24.83,24.66,24.71,24.94,24.71,24.58,24.75,24.8,24.86,24.83,24.69,24.72,24.71,24.88,25.01,25.08,24.85,24.99,24.76,24.86,24.83,24.98
57.91,26.38,25.08,24.49,24.9,24.81,24.31,24.55,24.61,24.69,24.99,24.75,24.51,24.55,24.46,24.61,24.65,24.75,24.74,24.7,24.68,24.82,24.71,24.8,24.68,24.79,24.83,24.8,24.67,24.71,24.78,24.88,24.7,25.0,24.56,24.59,24.78,24.58,24.83,24.71,24.88,24.88,24.8,24.77,24.83,24.83,24.74,24.85,24.99,24.94,24.8,24.83,24.91,24.74,24.73,24.88,24.8,24.71,24.99,24.83,24.94,24.94,24.78,24.74,24.72,24.94,24.94,24.62,24.72,24.68,24.89,24.92,24.74,24.74,24.8,24.89,24.99,24.99,24.94,24.68,24.81,24.94,24.9,24.7,24.8,24.65,24.92,24.94,24.74,24.8,24.8,24.89,25.03,25.03,24.87,24.9,24.8,24.96,25.08,24.68,24.65,24.71,24.8,24.96,24.9,24.8,25.17,25.61,25.61,25.47,24.99,24.8,24.68,24.84,24.81,24.9,24.71,24.6,24.93,24.8,24.8,24.8,25.5,25.84,25.71,25.8,25.3,24.99,24.72,24.71,25.01,24.9,24.71,24.89,24.74,24.93,24.98,24.86,25.22,25.35,25.77,25.35,25.19,24.94,24.67,24.66,25.01,24.99,24.83,24.77,24.74,25.03,24.98,24.98,25.4,25.35,25.46,25.25,25.1,24.94,24.9,24.71,25.08,24.83,24.94,24.86,24.67,24.9,24.93,25.08,25.08,25.08,25.21,25.13,25.21,24.94,24.68,24.77,24.86,24.94,24.97,24.94,24.77,24.84,24.89,25.03,25.03,24.88,24.94,25.03,24.94,24.9,24.8,24.82,24.63,24.84,24.83,24.84,24.94,24.76,24.99,24.89,24.86,24.97,24.76,24.83,24.9,24.99,24.71,24.74,24.61,24.94,25.08,25.11,24.71,24.88,24.94,24.94,24.94,24.88,24.73,24.9,24.83,25.01,24.55,24.43,24.49,24.87,24.94,24.84,24.73,24.72,24.83,24.9,25.07,24.95,24.83,24.66,24.78,24.94,24.71,24.58,24.61,24.8,24.86,24.83,24.69,24.65,24.71,24.95,25.08,25.08,24.78,24.9,24.83,24.86,24.83,24.84
58.0,26.38,25.01,24.55,24.9,24.76,24.26,24.55,24.61,24.73,24.99,24.71,24.51,24.5,24.51,24.68,24.65,24.68,24.74,24.7,24.72,24.82,24.71,24.8,24.72,24.86,24.83,24.8,24.64,24.71,24.78,24.92,24.7,25.0,24.62,24.59,24.74,24.58,24.83,24.71,24.84,24.84,24.8,24.77,24.79,24.83,24.74,24.85,24.94,24.94,24.8,24.83,24.88,24.74,24.7,24.85,24.8,24.71,24.99,24.83,24.94,24.94,24.81,24.74,24.76,24.9,24.94,24.65,24.75,24.72,24.92,24.96,24.74,24.74,24.82,24.89,24.99,24.99,24.94,24.68,24.84,24.94,24.94,24.74,24.82,24.65,24.96,24.96,24.74,24.8,24.8,24.89,25.03,25.03,24.9,24.9,24.8,24.92,25.08,24.68,24.65,24.71,24.82,24.96,24.87,24.8,25.15,25.61,25.61,25.47,24.99,24.8,24.68,24.8,24.84,24.9,24.74,24.63,24.93,24.8,24.8,24.8,25.5,25.81,25.68,25.82,25.3,25.02,24.75,24.71,24.98,24.9,24.75,24.89,24.74,24.93,25.01,24.89,25.22,25.35,25.77,25.35,25.19,24.94,24.64,24.63,24.98,24.99,24.87,24.8,24.74,25.0,25.01,25.01,25.43,25.35,25.46,25.22,25.07,24.94,24.94,24.71,25.08,24.83,24.94,24.86,24.7,24.87,24.93,25.08,25.08,25.08,25.21,25.1,25.19,24.94,24.68,24.8,24.9,24.94,24.93,24.94,24.8,24.81,24.89,25.0,25.0,24.88,24.96,25.03,24.94,24.9,24.8,24.82,24.71,24.8,24.83,24.81,24.94,24.79,24.99,24.89,24.86,24.94,24.79,24.87,24.9,24.99,24.71,24.79,24.61,24.94,25.08,25.07,24.71,24.84,24.94,24.94,24.94,24.85,24.7,24.9,24.83,24.98,24.55,24.43,24.49,24.82,24.94,24.8,24.7,24.75,24.83,24.9,25.07,24.92,24.83,24.7,24.82,24.94,24.71,24.58,24.61,24.8,24.86,24.83,24.65,24.65,24.71,24.99,25.08,25.08,24.74,24.86,24.83,24.86,24.83,24.78
58.11,26.38,24.88,24.68,24.9,24.67,24.26,24.46,24.61,24.73,24.99,24.63,24.51,24.5,24.62,24.8,24.78,24.54,24.74,24.8,24.81,24.82,24.71,24.72,24.72,24.92,24.83,24.8,24.64,24.71,24.86,24.92,24.59,25.0,24.62,24.68,24.74,24.58,24.83,24.71,24.77,24.84,24.8,24.77,24.79,24.77,24.74,24.85,24.85,24.94,24.7,24.83,24.82,24.74,24.63,24.79,24.8,24.71,24.99,24.89,24.88,24.94,24.81,24.74,24.76,24.9,24.86,24.72,24.82,24.79,24.98,24.96,24.74,24.74,24.88,24.89,24.99,24.99,24.94,24.68,24.91,24.94,24.94,24.81,24.82,24.65,25.02,24.96,24.74,24.8,24.86,24.89,25.03,25.03,24.9,24.9,24.8,24.92,25.01,24.62,24.65,24.71,24.88,24.9,24.87,24.8,25.15,25.56,25.61,25.41,24.99,24.8,24.68,24.73,24.91,24.9,24.74,24.69,24.86,24.8,24.86,24.8,25.5,25.75,25.68,25.88,25.3,25.08,24.82,24.71,24.98,24.9,24.82,24.84,24.74,24.98,25.01,24.94,25.22,25.35,25.77,25.35,25.19,24.94,24.64,24.55,24.91,24.99,24.93,24.86,24.74,24.94,25.07,25.07,25.43,25.35,25.46,25.16,25.0,25.01,24.94,24.71,25.01,24.83,24.94,24.86,24.7,24.82,24.98,25.08,25.08,25.08,25.26,25.05,25.13,24.94,24.68,24.8,24.9,24.94,24.93,24.94,24.86,24.75,24.84,25.0,25.0,24.94,25.02,24.97,24.94,24.9,24.86,24.82,24.8,24.73,24.83,24.81,24.94,24.79,24.99,24.84,24.86,24.94,24.85,24.93,24.9,24.99,24.78,24.87,24.71,24.94,25.01,25.0,24.78,24.84,24.88,24.94,24.88,24.85,24.7,24.9,24.83,24.91,24.55,24.53,24.61,24.73,24.94,24.73,24.63,24.89,24.83,24.9,25.0,24.85,24.83,24.78,24.9,24.86,24.71,24.58,24.75,24.92,24.95,24.83,24.57,24.65,24.78,25.06,25.08,25.01,24.66,24.77,24.83,24.95,24.83,24.65
58.2,26.38,24.79,24.72,24.9,24.65,24.27,24.41,24.62,24.74,25.0,24.62,24.52,24.56,24.65,24.84,24.88,24.52,24.75,24.84,24.84,24.87,24.72,24.67,24.69,24.95,24.84,24.81,24.65,24.72,24.89,24.93,24.57,24.95,24.63,24.71,24.79,24.63,24.84,24.68,24.73,24.85,24.85,24.81,24.8,24.73,24.75,24.9,24.84,24.96,24.64,24.8,24.81,24.78,24.62,24.75,24.78,24.72,25.0,24.98,24.85,24.96,24.78,24.75,24.77,24.95,24.81,24.75,24.84,24.85,25.0,24.93,24.75,24.75,24.93,24.93,25.0,25.0,24.96,24.72,24.97,24.96,24.91,24.84,24.81,24.65,25.04,24.94,24.75,24.81,24.91,24.93,25.04,25.04,24.88,24.9,24.81,24.93,24.97,24.61,24.65,24.72,24.93,24.9,24.91,24.81,25.18,25.52,25.62,25.4,25.0,24.85,24.72,24.72,24.97,24.9,24.75,24.72,24.85,24.81,24.91,24.81,25.54,25.72,25.72,25.9,25.31,25.08,24.84,24.72,24.99,24.9,24.88,24.83,24.75,25.01,24.99,24.99,25.25,25.35,25.81,25.35,25.22,24.96,24.68,24.5,24.87,24.96,24.96,24.92,24.75,24.91,25.09,25.09,25.44,25.35,25.44,25.13,25.0,25.07,24.95,24.72,24.96,24.84,24.96,24.9,24.73,24.81,25.01,25.09,25.09,25.09,25.28,25.04,25.1,24.96,24.72,24.81,24.87,24.92,24.91,24.96,24.92,24.75,24.83,25.01,25.01,24.96,25.04,24.93,24.96,24.9,24.92,24.87,24.87,24.72,24.84,24.82,24.96,24.8,25.0,24.83,24.84,24.95,24.9,24.96,24.9,24.96,24.85,24.9,24.8,24.96,24.96,24.96,24.8,24.85,24.85,24.96,24.85,24.86,24.74,24.9,24.84,24.87,24.56,24.65,24.65,24.72,24.96,24.72,24.67,24.96,24.84,24.9,25.0,24.84,24.84,24.81,24.96,24.81,24.72,24.65,24.85,25.02,24.98,24.84,24.56,24.65,24.85,25.09,25.09,24.96,24.65,24.71,24.84,24.98,24.84,24.62
58.31,26.4,24.74,24.74,24.86,24.67,24.29,24.38,24.6,24.75,24.98,24.64,24.54,24.66,24.67,24.8,24.97,24.54,24.77,24.86,24.86,24.92,24.74,24.65,24.68,24.96,24.86,24.83,24.66,24.77,24.9,24.95,24.59,24.83,24.7,24.73,24.84,24.72,24.86,24.67,24.72,24.84,24.93,24.85,24.82,24.75,24.77,24.95,24.86,24.92,24.6,24.77,24.83,24.84,24.68,24.72,24.76,24.74,25.02,25.09,24.81,24.98,24.77,24.77,24.79,24.96,24.76,24.77,24.86,24.93,25.02,24.88,24.77,24.8,25.01,24.98,25.02,25.02,25.01,24.81,25.06,24.94,24.85,24.86,24.8,24.67,25.05,24.87,24.77,24.86,24.96,25.01,25.02,25.05,24.86,24.92,24.83,24.9,24.92,24.67,24.7,24.76,25.01,24.91,24.96,24.83,25.25,25.52,25.64,25.42,25.02,24.93,24.81,24.77,25.02,24.92,24.77,24.74,24.9,24.83,24.96,24.83,25.58,25.68,25.8,25.92,25.33,25.0,24.83,24.74,24.97,24.92,24.93,24.85,24.77,25.03,24.98,25.04,25.32,25.39,25.88,25.39,25.26,24.98,24.77,24.49,24.85,24.95,24.98,24.97,24.77,24.9,25.11,25.11,25.45,25.37,25.4,25.12,25.02,25.12,24.96,24.74,24.9,24.86,24.98,24.98,24.81,24.86,25.0,25.11,25.14,25.14,25.29,25.05,25.06,24.98,24.84,24.86,24.81,24.88,24.87,24.98,24.97,24.77,24.85,25.0,25.03,24.97,25.05,24.91,24.98,24.92,24.97,24.96,24.98,24.74,24.86,24.84,24.98,24.85,24.99,24.85,24.79,24.96,24.98,24.98,24.92,24.91,24.9,24.92,24.92,24.98,24.9,24.91,24.82,24.88,24.84,24.98,24.81,24.86,24.8,24.92,24.9,24.82,24.58,24.86,24.67,24.74,24.98,24.74,24.77,25.02,24.86,24.95,25.02,24.86,24.86,24.86,25.05,24.76,24.69,24.78,25.0,25.1,25.0,24.86,24.58,24.67,24.9,25.07,25.07,24.9,24.67,24.69,24.86,25.0,24.86,24.64
58.42,26.41,24.76,24.75,24.79,24.69,24.31,24.4,24.55,24.77,24.94,24.66,24.56,24.74,24.69,24.72,24.98,24.56,24.78,24.87,24.88,24.94,24.75,24.66,24.69,24.98,24.88,24.84,24.68,24.84,24.92,24.97,24.61,24.75,24.79,24.74,24.86,24.78,24.88,24.68,24.74,24.81,25.0,24.87,24.83,24.82,24.78,24.97,24.88,24.86,24.62,24.78,24.84,24.85,24.74,24.69,24.77,24.75,25.03,25.16,24.78,25.0,24.78,24.78,24.8,24.9,24.72,24.78,24.88,25.0,25.03,24.84,24.78,24.85,25.06,24.99,25.03,25.03,25.06,24.88,25.12,24.89,24.8,24.88,24.81,24.69,25.06,24.8,24.78,24.91,24.97,25.06,24.99,25.06,24.88,24.94,24.84,24.86,24.88,24.73,24.77,24.82,25.06,24.93,24.97,24.84,25.3,25.53,25.66,25.44,25.03,25.0,24.88,24.84,25.04,24.94,24.78,24.75,24.97,24.84,24.97,24.84,25.59,25.66,25.85,25.94,25.34,24.92,24.8,24.75,24.94,24.94,24.95,24.87,24.78,25.04,25.0,25.05,25.38,25.45,25.94,25.45,25.27,25.0,24.83,24.5,24.87,24.96,25.0,24.98,24.78,24.91,25.12,25.12,25.46,25.38,25.38,25.13,25.03,25.14,24.98,24.75,24.86,24.88,25.0,25.03,24.87,24.91,24.97,25.12,25.19,25.19,25.3,25.06,25.03,25.0,24.96,24.92,24.77,24.84,24.83,25.0,24.98,24.78,24.87,24.97,25.04,24.98,25.06,24.92,25.0,24.94,24.98,25.03,25.06,24.75,24.88,24.85,25.0,24.9,24.96,24.87,24.75,24.97,25.03,25.0,24.94,24.88,24.92,24.94,25.01,25.0,24.86,24.88,24.83,24.9,24.86,25.0,24.78,24.83,24.81,24.94,24.96,24.78,24.59,25.02,24.69,24.75,25.0,24.75,24.84,25.03,24.88,25.02,25.03,24.88,24.88,24.92,25.12,24.72,24.64,24.88,25.12,25.11,25.02,24.88,24.59,24.69,24.92,25.03,25.03,24.86,24.69,24.7,24.88,25.02,24.88,24.66
58.55,26.41,24.89,24.72,24.7,24.69,24.42,24.42,24.49,24.69,24.86,24.66,24.58,24.83,24.66,24.59,24.98,24.6,24.78,24.95,24.85,24.86,24.75,24.66,24.69,24.89,24.88,24.84,24.75,24.9,24.98,24.86,24.52,24.75,24.77,24.83,24.86,24.78,24.88,24.75,24.79,24.81,25.0,24.82,24.9,24.87,24.78,24.91,24.88,24.78,24.62,24.84,24.84,24.78,24.81,24.69,24.82,24.75,25.02,25.16,24.73,25.0,24.78,24.78,24.72,24.83,24.65,24.78,24.88,24.98,25.02,24.8,24.78,24.89,25.05,24.95,25.03,25.03,25.1,24.86,25.11,24.8,24.72,24.88,24.8,24.69,25.06,24.7,24.78,24.96,24.98,25.05,24.95,25.06,24.88,24.94,24.84,24.88,24.83,24.73,24.81,24.86,25.05,24.87,24.98,24.86,25.35,25.52,25.66,25.38,25.05,25.0,24.86,24.9,24.97,24.94,24.73,24.77,24.95,24.84,24.97,24.86,25.54,25.67,25.9,25.92,25.34,24.88,24.75,24.75,24.94,24.94,24.89,24.81,24.78,25.08,24.98,25.01,25.39,25.5,25.94,25.49,25.22,25.0,24.9,24.58,24.92,25.01,24.98,24.94,24.8,24.97,25.11,25.12,25.42,25.39,25.39,25.18,25.03,25.12,24.91,24.75,24.79,24.86,25.0,25.02,24.82,24.97,24.98,25.11,25.22,25.22,25.35,25.06,25.03,25.0,25.01,24.92,24.69,24.86,24.9,24.98,24.92,24.8,24.82,24.98,25.08,25.02,25.06,24.92,25.0,24.94,24.98,25.01,24.98,24.77,24.89,24.91,24.98,24.9,24.92,24.82,24.77,25.03,25.02,25.0,24.94,24.89,24.92,24.94,25.08,25.0,24.79,24.88,24.92,24.97,24.84,25.0,24.73,24.84,24.83,24.94,25.01,24.78,24.61,25.11,24.81,24.75,25.0,24.77,24.84,25.03,24.88,25.06,24.97,24.88,24.89,24.97,25.11,24.65,24.58,24.88,25.25,25.11,25.09,24.88,24.61,24.71,24.92,24.96,24.98,24.81,24.71,24.79,24.86,25.09,24.88,24.69
58.64,26.41,24.99,24.62,24.7,24.69,24.52,24.5,24.49,24.66,24.81,24.66,24.65,24.88,24.58,24.5,24.95,24.7,24.78,24.92,24.79,24.81,24.75,24.68,24.71,24.81,24.88,24.84,24.78,24.9,24.96,24.76,24.55,24.75,24.71,24.88,24.84,24.78,24.88,24.8,24.79,24.79,25.0,24.82,24.94,24.89,24.78,24.91,24.88,24.78,24.64,24.84,24.84,24.73,24.86,24.69,24.82,24.75,24.98,25.14,24.75,25.0,24.8,24.78,24.69,24.81,24.68,24.78,24.88,24.93,24.98,24.81,24.78,24.89,25.01,24.95,25.03,25.03,25.1,24.81,25.06,24.74,24.69,24.88,24.77,24.69,25.06,24.67,24.78,24.96,25.01,25.01,24.95,25.06,24.89,24.94,24.84,24.91,24.85,24.75,24.81,24.86,25.01,24.84,25.01,24.9,25.38,25.49,25.66,25.34,25.09,25.0,24.81,24.9,24.92,24.94,24.75,24.81,24.92,24.84,24.96,24.9,25.54,25.71,25.88,25.88,25.34,24.88,24.75,24.75,24.92,24.94,24.89,24.78,24.78,25.07,24.96,25.01,25.43,25.54,25.94,25.49,25.18,25.0,24.94,24.63,24.92,25.01,24.94,24.94,24.84,25.01,25.07,25.12,25.43,25.43,25.43,25.18,25.03,25.06,24.88,24.75,24.75,24.81,25.0,24.98,24.84,25.01,25.01,25.07,25.22,25.22,25.38,25.06,25.03,25.0,25.01,24.94,24.66,24.91,24.94,24.94,24.88,24.84,24.84,25.01,25.07,25.01,25.06,24.94,25.0,24.94,24.97,24.96,24.94,24.82,24.94,24.94,24.94,24.92,24.92,24.84,24.81,25.06,24.98,25.0,24.94,24.94,24.9,24.94,25.06,25.0,24.75,24.88,25.0,25.0,24.81,25.0,24.75,24.88,24.86,24.94,25.01,24.78,24.68,25.16,24.88,24.75,25.0,24.82,24.84,25.01,24.88,25.06,24.94,24.88,24.94,24.97,25.05,24.68,24.58,24.88,25.31,25.08,25.06,24.88,24.68,24.76,24.9,24.9,24.98,24.82,24.76,24.86,24.8,25.06,24.88,24.79
58.75,26.41,25.12,24.5,24.7,24.69,24.61,24.67,24.49,24.66,24.73,24.66,24.74,24.88,24.48,24.38,24.82,24.84,24.78,24.82,24.7,24.73,24.75,24.76,24.78,24.75,24.88,24.84,24.78,24.9,24.88,24.67,24.66,24.75,24.71,24.88,24.76,24.78,24.88,24.87,24.79,24.72,25.0,24.82,24.94,24.95,24.78,24.91,24.88,24.78,24.74,24.84,24.84,24.66,24.93,24.69,24.82,24.75,24.92,25.09,24.81,25.0,24.87,24.78,24.69,24.72,24.76,24.78,24.88,24.86,24.92,24.88,24.78,24.89,24.95,24.95,25.03,25.03,25.1,24.75,24.99,24.65,24.69,24.88,24.77,24.69,25.06,24.67,24.78,24.96,25.01,24.95,24.95,25.06,24.96,24.94,24.84,24.91,24.92,24.81,24.81,24.86,24.95,24.84,25.01,24.96,25.38,25.49,25.66,25.34,25.16,25.0,24.75,24.9,24.85,24.94,24.81,24.88,24.92,24.84,24.9,24.96,25.54,25.77,25.82,25.82,25.34,24.88,24.75,24.75,24.85,24.94,24.89,24.78,24.78,25.01,24.96,25.01,25.49,25.6,25.94,25.49,25.12,25.0,24.94,24.71,24.92,25.01,24.88,24.94,24.89,25.07,25.01,25.12,25.49,25.49,25.49,25.18,25.03,24.94,24.88,24.75,24.75,24.75,25.0,24.92,24.89,25.07,25.01,25.01,25.22,25.22,25.38,25.06,25.03,25.0,25.01,25.0,24.66,24.97,24.94,24.88,24.81,24.89,24.89,25.01,25.01,24.95,25.06,25.0,25.0,24.94,24.91,24.88,24.94,24.9,25.01,24.94,24.88,24.98,24.92,24.89,24.88,25.06,24.92,25.0,24.94,25.01,24.82,24.94,24.96,25.0,24.75,24.88,25.06,25.0,24.81,25.0,24.81,24.88,24.86,24.94,25.01,24.78,24.76,25.16,24.88,24.75,25.0,24.9,24.84,24.94,24.88,25.06,24.94,24.88,25.01,24.97,24.98,24.76,24.58,24.88,25.31,24.96,24.97,24.88,24.76,24.84,24.82,24.82,24.98,24.9,24.84,24.94,24.72,24.97,24.88,24.92
58.86,26.41,25.12,24.5,24.7,24.69,24.68,24.73,24.49,24.66,24.73,24.71,24.8,24.81,24.48,24.38,24.82,24.94,24.69,24.74,24.7,24.68,24.75,24.82,24.78,24.75,24.88,24.84,24.78,24.96,24.82,24.73,24.75,24.75,24.71,24.81,24.71,24.78,24.88,24.87,24.85,24.72,25.0,24.82,24.94,24.95,24.78,24.86,24.88,24.78,24.74,24.84,24.89,24.66,24.98,24.69,24.82,24.75,24.92,25.05,24.86,24.95,24.92,24.78,24.74,24.72,24.76,24.78,24.88,24.86,24.88,24.88,24.78,24.89,24.95,24.95,25.03,24.98,25.1,24.75,24.94,24.65,24.69,24.88,24.77,24.69,25.06,24.67,24.78,24.96,24.97,24.95,24.95,25.06,25.01,24.94,24.84,24.91,24.86,24.81,24.81,24.9,24.95,24.89,24.97,24.96,25.38,25.53,25.61,25.34,25.16,25.0,24.75,24.9,24.8,24.94,24.81,24.88,24.97,24.89,24.86,24.96,25.54,25.77,25.78,25.78,25.34,24.88,24.75,24.81,24.85,24.94,24.84,24.78,24.78,25.01,24.96,24.97,25.49,25.6,25.94,25.49,25.08,24.95,24.89,24.76,24.97,24.97,24.88,24.89,24.89,25.11,25.01,25.08,25.49,25.49,25.53,25.22,25.08,24.89,24.88,24.75,24.81,24.75,24.95,24.88,24.89,25.11,25.01,25.01,25.22,25.18,25.38,25.06,25.07,25.0,25.01,25.0,24.71,25.02,24.94,24.88,24.81,24.89,24.94,25.01,25.01,24.95,25.02,25.0,25.0,24.94,24.86,24.82,24.94,24.96,25.01,24.94,24.88,25.02,24.88,24.94,24.92,25.06,24.92,24.95,24.94,25.01,24.82,24.87,24.88,25.0,24.81,24.93,25.06,25.0,24.81,25.0,24.91,24.88,24.81,24.89,25.01,24.78,24.82,25.16,24.88,24.75,25.0,24.96,24.89,24.89,24.88,25.06,24.94,24.93,25.06,24.97,24.92,24.82,24.58,24.88,25.21,24.87,24.9,24.88,24.82,24.89,24.77,24.77,24.92,24.96,24.89,24.94,24.72,24.9,24.96,25.02
59.0,26.41,25.05,24.5,24.76,24.69,24.74,24.76,24.53,24.66,24.77,24.77,24.87,24.74,24.48,24.44,24.88,25.04,24.59,24.66,24.7,24.66,24.75,24.84,24.74,24.75,24.88,24.84,24.78,24.98,24.77,24.79,24.83,24.75,24.66,24.74,24.69,24.78,24.88,24.83,24.86,24.76,25.0,24.85,24.94,24.88,24.78,24.84,24.88,24.83,24.69,24.8,24.94,24.7,25.0,24.69,24.79,24.75,24.92,25.03,24.91,24.9,24.94,24.78,24.8,24.82,24.76,24.78,24.88,24.86,24.83,24.88,24.78,24.87,24.95,24.98,25.03,24.93,25.08,24.75,24.88,24.69,24.69,24.88,24.74,24.69,25.06,24.7,24.78,24.93,24.96,24.95,24.98,25.06,25.03,24.94,24.84,24.95,24.81,24.78,24.78,24.92,24.95,24.93,24.96,24.96,25.38,25.54,25.57,25.34,25.16,25.0,24.75,24.86,24.78,24.94,24.81,24.88,24.99,24.93,24.84,24.96,25.57,25.77,25.74,25.74,25.34,24.91,24.78,24.86,24.88,24.94,24.82,24.78,24.78,25.01,24.93,24.96,25.49,25.57,25.94,25.46,25.06,24.91,24.83,24.78,24.99,24.88,24.88,24.88,24.89,25.12,25.01,25.04,25.49,25.49,25.57,25.23,25.12,24.88,24.88,24.75,24.86,24.75,24.9,24.83,24.89,25.12,25.04,25.01,25.2,25.12,25.38,25.06,25.12,25.0,24.98,24.97,24.77,25.06,24.94,24.88,24.84,24.89,24.98,25.04,25.01,24.95,24.98,24.97,25.0,24.94,24.84,24.77,24.94,25.01,25.01,24.94,24.88,25.03,24.86,24.98,24.97,25.06,24.92,24.91,24.94,25.01,24.86,24.81,24.81,25.0,24.86,24.98,25.06,25.0,24.78,25.0,25.0,24.91,24.79,24.83,24.98,24.78,24.88,25.16,24.88,24.75,25.0,25.01,24.94,24.88,24.88,25.03,24.94,24.98,25.12,24.94,24.86,24.88,24.62,24.88,25.12,24.84,24.83,24.88,24.88,24.95,24.75,24.75,24.9,25.01,24.95,24.9,24.72,24.83,25.04,25.12
59.08,26.41,24.95,24.59,24.76,24.69,24.74,24.76,24.6,24.71,24.71,24.82,24.87,24.74,24.55,24.62,24.98,25.04,24.59,24.66,24.7,24.71,24.7,24.84,24.69,24.75,24.88,24.84,24.78,24.92,24.77,24.79,24.92,24.75,24.58,24.74,24.69,24.78,24.88,24.78,24.81,24.76,25.0,24.9,24.94,24.79,24.78,24.84,24.88,24.92,24.62,24.74,24.94,24.75,25.0,24.69,24.74,24.75,24.92,25.03,24.95,24.9,24.94,24.78,24.8,24.89,24.82,24.78,24.83,24.81,24.83,24.88,24.78,24.82,24.91,25.02,25.03,24.93,25.04,24.7,24.88,24.76,24.74,24.88,24.7,24.69,25.02,24.74,24.78,24.89,24.96,24.95,25.02,25.02,25.03,24.94,24.84,25.01,24.81,24.78,24.73,24.88,24.95,24.93,25.0,24.96,25.34,25.54,25.57,25.34,25.16,25.0,24.75,24.86,24.78,24.94,24.81,24.88,24.94,24.97,24.84,25.0,25.57,25.77,25.7,25.74,25.34,24.95,24.78,24.86,24.88,24.94,24.88,24.78,24.78,25.01,24.93,25.0,25.49,25.57,25.9,25.42,25.06,24.91,24.83,24.78,24.99,24.88,24.88,24.92,24.89,25.08,25.01,25.04,25.45,25.49,25.57,25.23,25.12,24.88,24.88,24.75,24.86,24.8,24.9,24.83,24.89,25.08,25.08,25.01,25.2,25.08,25.38,25.06,25.12,25.04,24.93,24.92,24.77,25.11,24.94,24.88,24.89,24.94,24.98,25.04,25.01,24.95,24.98,24.92,25.0,24.94,24.89,24.77,24.94,25.01,25.06,24.94,24.88,24.99,24.86,25.02,25.02,25.06,24.92,24.86,24.94,25.01,24.86,24.81,24.66,24.94,24.92,25.03,25.06,25.0,24.78,24.95,25.05,24.95,24.85,24.83,24.93,24.78,24.94,25.09,24.78,24.68,25.0,25.07,24.94,24.88,24.88,24.98,24.94,25.03,25.12,24.94,24.81,24.88,24.68,24.88,25.12,24.75,24.76,24.88,24.94,25.01,24.75,24.75,24.9,25.01,25.01,24.9,24.72,24.76,25.04,25.21
59.2,26.41,24.86,24.68,24.76,24.69,24.74,24.76,24.66,24.77,24.65,24.88,24.87,24.74,24.62,24.79,25.08,25.04,24.59,24.66,24.7,24.77,24.65,24.84,24.64,24.75,24.88,24.84,24.78,24.86,24.77,24.79,25.0,24.75,24.5,24.74,24.69,24.78,24.88,24.73,24.76,24.76,25.0,24.94,24.94,24.69,24.78,24.84,24.88,25.0,24.54,24.69,24.94,24.8,25.0,24.69,24.69,24.75,24.92,25.03,25.0,24.9,24.94,24.78,24.8,24.97,24.88,24.78,24.78,24.76,24.83,24.88,24.78,24.78,24.87,25.06,25.03,24.93,25.0,24.66,24.88,24.82,24.8,24.88,24.66,24.69,24.97,24.78,24.78,24.84,24.96,24.95,25.06,24.97,25.03,24.94,24.84,25.06,24.81,24.78,24.69,24.83,24.95,24.93,25.04,24.96,25.3,25.54,25.57,25.34,25.16,25.0,24.75,24.86,24.78,24.94,24.81,24.88,24.88,25.01,24.84,25.04,25.57,25.77,25.66,25.74,25.34,25.0,24.78,24.86,24.88,24.94,24.93,24.78,24.78,25.01,24.93,25.04,25.49,25.57,25.85,25.38,25.06,24.91,24.83,24.78,24.99,24.88,24.88,24.97,24.89,25.04,25.01,25.04,25.41,25.49,25.57,25.23,25.12,24.88,24.88,24.75,24.86,24.85,24.9,24.83,24.89,25.04,25.12,25.01,25.2,25.04,25.38,25.06,25.12,25.08,24.88,24.88,24.77,25.16,24.94,24.88,24.94,24.98,24.98,25.04,25.01,24.95,24.98,24.88,25.0,24.94,24.94,24.77,24.94,25.01,25.12,24.94,24.88,24.95,24.86,25.06,25.06,25.06,24.92,24.81,24.94,25.01,24.86,24.81,24.51,24.88,24.98,25.08,25.06,25.0,24.78,24.91,25.09,25.0,24.9,24.83,24.88,24.78,25.0,25.02,24.69,24.62,25.0,25.12,24.94,24.88,24.88,24.94,24.94,25.08,25.12,24.94,24.75,24.88,24.75,24.88,25.12,24.67,24.69,24.88,25.0,25.06,24.75,24.75,24.9,25.01,25.06,24.9,24.72,24.69,25.04,25.31
59.31,26.41,24.76,24.8,24.7,24.69,24.7,24.7,24.66,24.79,24.61,24.92,24.82,24.74,24.74,24.94,25.15,24.98,24.62,24.74,24.74,24.81,24.61,24.84,24.6,24.8,24.86,24.84,24.78,24.88,24.82,24.83,24.97,24.75,24.53,24.74,24.69,24.78,24.88,24.7,24.78,24.78,24.98,24.92,24.94,24.66,24.78,24.78,24.85,25.0,24.49,24.69,24.94,24.83,25.0,24.69,24.69,24.75,24.96,25.03,25.0,24.9,24.94,24.78,24.8,24.97,24.86,24.78,24.75,24.76,24.86,24.84,24.78,24.78,24.87,25.05,25.03,24.93,25.0,24.66,24.92,24.89,24.84,24.88,24.66,24.69,24.92,24.78,24.78,24.84,24.91,24.98,25.06,24.94,25.03,24.94,24.84,25.04,24.77,24.78,24.69,24.83,24.98,24.93,25.04,24.93,25.28,25.57,25.57,25.34,25.11,25.0,24.78,24.9,24.8,24.94,24.78,24.83,24.88,25.04,24.84,25.04,25.54,25.73,25.66,25.77,25.34,25.02,24.75,24.86,24.88,24.94,24.93,24.8,24.78,25.04,24.96,25.04,25.45,25.57,25.81,25.38,25.06,24.92,24.83,24.8,25.02,24.92,24.92,24.97,24.87,25.0,25.04,25.04,25.35,25.45,25.53,25.26,25.12,24.92,24.88,24.77,24.86,24.93,24.88,24.88,24.85,25.0,25.11,25.04,25.22,25.04,25.38,25.06,25.12,25.1,24.88,24.84,24.77,25.14,24.92,24.91,24.98,24.98,24.94,25.0,25.04,24.99,24.98,24.83,25.0,24.94,24.98,24.81,24.94,24.96,25.1,24.94,24.92,24.92,24.83,25.05,25.05,25.06,24.96,24.8,24.94,24.96,24.86,24.81,24.48,24.84,25.01,25.12,25.02,25.0,24.83,24.88,25.09,25.0,24.9,24.83,24.89,24.78,24.98,24.95,24.62,24.6,25.0,25.11,24.94,24.88,24.89,24.94,24.92,25.12,25.06,24.97,24.75,24.82,24.75,24.88,25.12,24.61,24.69,24.88,25.0,25.06,24.77,24.77,24.84,24.96,25.06,24.9,24.78,24.69,25.04,25.28
59.44,26.41,24.63,24.8,24.7,24.69,24.7,24.61,24.66,24.7,24.61,24.92,24.82,24.74,24.85,25.07,25.15,24.98,24.74,24.85,24.74,24.81,24.61,24.84,24.6,24.86,24.8,24.84,24.78,24.96,24.9,24.83,24.86,24.75,24.63,24.74,24.69,24.78,24.88,24.7,24.85,24.85,24.91,24.87,24.94,24.66,24.78,24.71,24.77,25.0,24.49,24.69,24.94,24.83,25.0,24.69,24.69,24.75,25.02,25.03,25.0,24.9,24.94,24.78,24.8,24.97,24.78,24.78,24.75,24.76,24.86,24.84,24.78,24.78,24.87,24.99,25.03,24.93,25.0,24.66,24.92,24.98,24.84,24.88,24.66,24.69,24.86,24.78,24.78,24.84,24.86,24.98,25.06,24.94,25.03,24.94,24.84,24.97,24.77,24.78,24.69,24.83,24.98,24.93,25.04,24.93,25.28,25.57,25.57,25.34,25.05,25.0,24.78,24.9,24.87,24.94,24.78,24.77,24.88,25.04,24.84,25.04,25.54,25.67,25.66,25.77,25.34,25.08,24.75,24.86,24.88,24.94,24.93,24.85,24.78,25.04,24.96,25.04,25.39,25.57,25.75,25.38,25.06,24.98,24.83,24.87,25.02,24.92,24.98,24.97,24.87,24.94,25.04,25.04,25.29,25.39,25.47,25.26,25.12,24.98,24.88,24.84,24.86,25.0,24.81,24.93,24.8,24.94,25.05,25.04,25.22,25.04,25.38,25.06,25.12,25.1,24.88,24.84,24.77,25.08,24.85,24.91,25.05,24.98,24.88,24.94,25.04,25.05,24.98,24.77,25.0,24.94,25.05,24.81,24.94,24.88,25.03,24.94,24.98,24.92,24.83,24.99,24.98,25.06,25.02,24.86,24.94,24.89,24.86,24.81,24.58,24.84,25.01,25.12,24.95,25.0,24.89,24.88,25.09,25.0,24.9,24.83,24.96,24.78,24.9,24.85,24.62,24.69,25.0,25.03,24.94,24.88,24.96,24.94,24.85,25.12,25.0,24.97,24.75,24.74,24.75,24.88,25.12,24.61,24.69,24.88,25.0,25.06,24.84,24.84,24.77,24.88,25.06,24.9,24.86,24.69,25.04,25.15
59.51,26.41,24.59,24.74,24.7,24.69,24.7,24.59,24.66,24.64,24.57,24.88,24.82,24.79,24.88,25.1,25.08,24.98,24.89,24.92,24.7,24.81,24.61,24.84,24.64,24.88,24.75,24.84,24.78,24.98,24.96,24.75,24.78,24.75,24.71,24.79,24.69,24.78,24.88,24.73,24.86,24.86,24.86,24.82,24.94,24.69,24.78,24.69,24.7,25.0,24.54,24.69,24.91,24.8,25.0,24.69,24.69,24.75,25.03,25.03,25.0,24.93,24.94,24.78,24.76,24.92,24.76,24.78,24.75,24.72,24.86,24.88,24.78,24.78,24.84,24.95,25.03,24.96,25.0,24.62,24.92,25.0,24.84,24.88,24.66,24.69,24.81,24.78,24.78,24.84,24.84,24.95,25.06,24.94,25.03,24.94,24.84,24.91,24.84,24.81,24.69,24.81,24.95,24.9,25.07,24.96,25.28,25.54,25.6,25.34,25.03,25.0,24.75,24.9,24.92,24.94,24.81,24.75,24.85,25.01,24.84,25.07,25.54,25.66,25.66,25.77,25.34,25.12,24.75,24.82,24.85,24.94,24.96,24.89,24.78,25.01,24.96,25.07,25.38,25.6,25.71,25.38,25.06,25.06,24.87,24.92,24.99,24.95,25.0,25.0,24.89,24.9,25.01,25.07,25.28,25.38,25.43,25.23,25.09,25.0,24.88,24.9,24.82,25.01,24.79,24.98,24.78,24.9,25.01,25.01,25.22,25.07,25.38,25.06,25.09,25.1,24.88,24.88,24.73,25.03,24.8,24.88,25.06,25.01,24.84,24.9,25.01,25.06,25.01,24.75,25.0,24.94,25.09,24.81,24.94,24.82,25.01,24.94,25.0,24.92,24.86,24.95,24.94,25.06,25.03,24.94,24.94,24.88,24.82,24.85,24.66,24.84,24.98,25.08,24.94,25.0,24.94,24.88,25.06,25.0,24.93,24.87,25.01,24.78,24.84,24.78,24.62,24.76,25.0,24.98,24.91,24.88,25.01,24.94,24.8,25.08,24.94,24.97,24.75,24.68,24.75,24.88,25.18,24.61,24.69,24.88,25.0,25.06,24.9,24.9,24.75,24.82,25.06,24.94,24.88,24.69,24.99,25.05
59.64,26.41,24.72,24.74,24.7,24.69,24.61,24.59,24.66,24.64,24.49,24.88,24.82,24.88,24.88,25.1,25.08,24.98,25.02,24.92,24.61,24.81,24.61,24.84,24.71,24.81,24.75,24.84,24.78,24.9,24.96,24.58,24.78,24.88,24.82,24.88,24.69,24.78,24.88,24.73,24.79,24.86,24.79,24.82,24.94,24.75,24.78,24.69,24.7,25.0,24.54,24.69,24.76,24.8,25.0,24.75,24.69,24.75,24.98,25.03,25.0,25.0,24.94,24.78,24.76,24.84,24.84,24.78,24.69,24.66,24.92,24.88,24.78,24.78,24.78,24.95,25.03,25.03,25.0,24.62,24.92,24.91,24.91,24.88,24.71,24.69,24.75,24.78,24.78,24.9,24.84,24.89,25.06,24.94,25.09,24.94,24.84,24.84,24.92,24.94,24.75,24.75,24.89,24.84,25.07,25.01,25.28,25.54,25.6,25.34,25.03,25.0,24.75,24.9,24.92,24.94,24.88,24.75,24.85,24.96,24.84,25.12,25.54,25.71,25.66,25.77,25.29,25.12,24.75,24.82,24.78,24.94,24.96,24.95,24.85,25.01,24.96,25.07,25.43,25.6,25.71,25.38,25.06,25.06,24.94,24.99,24.92,25.01,25.0,25.0,24.89,24.9,25.01,25.12,25.28,25.38,25.43,25.18,25.03,25.0,24.88,24.98,24.82,25.08,24.79,24.98,24.78,24.84,25.01,24.96,25.22,25.07,25.38,25.06,25.09,25.1,24.88,24.88,24.66,25.03,24.8,24.88,25.0,25.01,24.84,24.9,24.96,25.01,25.06,24.81,25.0,24.94,25.09,24.88,24.94,24.82,25.08,24.94,25.0,24.86,24.92,24.95,24.94,25.06,25.03,24.94,24.94,24.88,24.82,24.94,24.66,24.76,24.98,25.01,24.94,25.0,24.94,24.88,25.0,25.0,25.0,24.94,25.01,24.78,24.84,24.78,24.62,24.86,25.0,24.9,24.84,24.94,25.01,24.94,24.8,25.01,24.88,24.97,24.75,24.59,24.75,24.88,25.18,24.72,24.69,24.88,25.0,25.06,24.98,24.9,24.75,24.75,24.99,25.03,24.88,24.69,24.76,24.92
59.73,26.41,24.82,24.65,24.79,24.69,24.61,24.59,24.66,24.59,24.55,24.88,24.89,24.88,24.8,25.02,25.08,25.08,25.02,24.85,24.55,24.75,24.66,24.84,24.76,24.77,24.75,24.84,24.78,24.9,24.9,24.52,24.78,24.97,24.9,24.88,24.69,24.78,24.88,24.73,24.79,24.91,24.74,24.82,24.94,24.8,24.78,24.69,24.7,25.0,24.54,24.69,24.7,24.8,25.0,24.8,24.69,24.75,24.93,25.03,25.0,25.0,24.94,24.78,24.82,24.84,24.84,24.78,24.69,24.66,24.92,24.88,24.78,24.78,24.78,24.95,25.03,25.03,25.0,24.67,24.87,24.85,24.91,24.88,24.75,24.69,24.75,24.78,24.78,24.94,24.84,24.85,25.06,24.98,25.13,24.94,24.84,24.78,24.92,25.0,24.8,24.75,24.85,24.84,25.03,25.05,25.31,25.54,25.56,25.34,25.03,25.0,24.75,24.84,24.92,24.94,24.92,24.75,24.9,24.91,24.84,25.12,25.59,25.75,25.66,25.73,25.25,25.12,24.8,24.88,24.78,24.94,24.91,24.99,24.9,25.01,24.91,25.03,25.47,25.56,25.75,25.38,25.06,25.02,24.94,25.04,24.87,24.96,25.0,24.95,24.89,24.94,25.01,25.12,25.31,25.38,25.47,25.13,25.03,25.0,24.88,25.03,24.88,25.08,24.74,24.93,24.78,24.84,25.01,24.91,25.19,25.03,25.38,25.06,25.13,25.06,24.88,24.88,24.66,25.03,24.8,24.88,24.95,24.96,24.88,24.94,24.91,24.96,25.06,24.86,25.0,24.94,25.05,24.88,24.94,24.88,25.08,24.94,25.0,24.86,24.96,24.95,24.94,25.06,25.03,24.94,24.94,24.88,24.88,24.94,24.73,24.76,24.98,24.96,24.94,25.0,24.89,24.92,25.0,25.0,25.0,24.94,25.01,24.78,24.84,24.85,24.72,24.99,25.0,24.84,24.84,25.0,25.01,24.94,24.8,24.96,24.88,24.92,24.75,24.59,24.75,24.88,25.08,24.9,24.69,24.88,25.0,25.06,25.03,24.9,24.75,24.75,24.93,25.03,24.88,24.69,24.68,24.82
59.86,26.4,24.84,24.52,24.8,24.61,24.6,24.58,24.64,24.5,24.68,24.81,24.89,24.86,24.77,24.89,25.07,25.09,25.0,24.8,24.51,24.66,24.72,24.77,24.81,24.74,24.68,24.78,24.77,24.89,24.87,24.48,24.68,24.99,24.99,24.86,24.67,24.77,24.81,24.77,24.83,24.96,24.66,24.77,24.92,24.85,24.77,24.67,24.62,24.9,24.67,24.67,24.67,24.73,24.93,24.84,24.72,24.74,24.86,25.02,24.98,24.98,24.92,24.77,24.82,24.83,24.82,24.82,24.72,24.64,24.81,24.86,24.81,24.77,24.77,24.89,25.02,25.02,24.98,24.72,24.78,24.81,24.84,24.91,24.8,24.67,24.74,24.77,24.82,24.98,24.83,24.78,25.05,25.04,25.17,24.92,24.83,24.69,24.9,25.0,24.89,24.74,24.74,24.87,25.0,25.1,25.31,25.49,25.49,25.33,25.02,24.98,24.74,24.75,24.9,24.92,24.92,24.79,24.9,24.84,24.87,25.11,25.63,25.75,25.68,25.7,25.22,25.11,24.85,24.89,24.77,24.92,24.88,24.99,24.9,25.0,24.89,25.0,25.48,25.49,25.8,25.37,25.05,24.98,24.87,25.04,24.84,24.88,24.94,24.88,24.88,24.94,25.0,25.11,25.35,25.37,25.52,25.1,25.06,24.98,24.81,25.04,24.89,25.07,24.71,24.86,24.77,24.87,25.0,24.89,25.12,25.0,25.37,25.09,25.13,24.99,24.86,24.86,24.7,24.97,24.79,24.86,24.88,24.94,24.93,24.94,24.89,24.89,25.05,24.91,25.03,24.92,24.97,24.87,24.92,24.89,25.02,24.92,24.94,24.89,25.0,24.94,24.93,25.05,25.02,24.97,24.92,24.86,24.89,24.92,24.89,24.8,24.9,24.88,24.92,24.98,24.86,24.97,24.98,24.98,24.98,24.92,25.0,24.77,24.76,24.86,24.83,25.16,24.98,24.75,24.83,25.0,25.0,24.92,24.79,24.88,24.81,24.85,24.74,24.64,24.74,24.86,25.04,25.04,24.67,24.86,24.98,25.05,25.04,24.94,24.74,24.74,24.84,25.02,24.86,24.67,24.64,24.68
59.95,26.39,24.83,24.53,24.73,24.53,24.54,24.57,24.63,24.51,24.74,24.78,24.83,24.85,24.8,24.85,25.12,25.01,24.93,24.79,24.54,24.63,24.72,24.69,24.82,24.72,24.65,24.71,24.75,24.83,24.85,24.51,24.63,24.97,25.0,24.85,24.66,24.75,24.74,24.77,24.82,24.96,24.63,24.74,24.91,24.85,24.75,24.66,24.58,24.8,24.74,24.66,24.65,24.7,24.87,24.87,24.76,24.72,24.81,25.0,24.96,24.96,24.91,24.75,24.81,24.82,24.84,24.87,24.72,24.63,24.73,24.82,24.85,24.75,24.75,24.87,25.0,25.0,24.96,24.75,24.75,24.79,24.81,24.95,24.82,24.66,24.72,24.75,24.86,25.01,24.82,24.75,25.04,25.04,25.2,24.91,24.82,24.66,24.86,24.98,24.97,24.72,24.67,24.9,24.98,25.1,25.27,25.47,25.44,25.32,25.0,24.96,24.75,24.72,24.86,24.91,24.88,24.82,24.89,24.82,24.9,25.1,25.63,25.74,25.71,25.71,25.2,25.06,24.85,24.87,24.75,24.91,24.87,24.95,24.89,25.01,24.9,24.98,25.47,25.44,25.82,25.36,25.04,24.93,24.81,24.99,24.86,24.85,24.88,24.82,24.84,24.93,25.01,25.1,25.36,25.36,25.54,25.12,25.1,24.96,24.74,24.98,24.87,25.09,24.72,24.81,24.75,24.9,25.01,24.9,25.1,24.98,25.36,25.12,25.12,24.96,24.85,24.82,24.74,24.94,24.81,24.87,24.82,24.93,24.96,24.93,24.9,24.84,25.04,24.95,25.07,24.91,24.91,24.89,24.91,24.87,24.98,24.91,24.88,24.89,25.0,24.96,24.95,25.04,25.0,24.93,24.91,24.85,24.87,24.91,24.93,24.8,24.87,24.85,24.91,24.96,24.84,24.96,24.96,24.96,24.96,24.91,24.95,24.75,24.73,24.85,24.85,25.19,24.96,24.72,24.82,24.98,24.95,24.91,24.81,24.85,24.74,24.82,24.72,24.68,24.72,24.85,25.02,25.05,24.66,24.85,24.96,25.04,24.98,24.95,24.72,24.72,24.77,25.0,24.85,24.66,24.62,24.63
60.08,26.38,24.88,24.65,24.6,24.48,24.49,24.56,24.66,24.58,24.77,24.77,24.78,24.84,24.84,24.84,25.18,24.92,24.8,24.78,24.62,24.62,24.75,24.68,24.81,24.68,24.64,24.67,24.78,24.79,24.81,24.54,24.62,25.02,24.99,24.84,24.65,24.74,24.7,24.76,24.81,24.92,24.65,24.76,24.9,24.84,24.74,24.65,24.62,24.74,24.77,24.65,24.64,24.69,24.82,24.92,24.82,24.71,24.77,24.99,24.95,24.98,24.9,24.74,24.8,24.81,24.91,24.89,24.68,24.62,24.69,24.74,24.9,24.74,24.74,24.88,24.99,24.99,24.95,24.81,24.74,24.78,24.84,24.98,24.87,24.65,24.71,24.74,24.88,25.03,24.81,24.74,25.04,25.04,25.25,24.9,24.81,24.65,24.78,24.98,25.06,24.74,24.63,24.95,24.98,25.06,25.24,25.49,25.38,25.31,25.02,24.95,24.81,24.71,24.78,24.9,24.84,24.85,24.88,24.81,24.92,25.09,25.62,25.76,25.7,25.73,25.19,24.98,24.84,24.86,24.74,24.9,24.86,24.91,24.88,25.03,24.95,24.95,25.46,25.41,25.87,25.32,25.04,24.89,24.79,24.92,24.88,24.84,24.84,24.78,24.77,24.92,25.03,25.09,25.35,25.38,25.59,25.14,25.12,24.95,24.73,24.9,24.86,25.11,24.78,24.77,24.77,24.95,25.06,24.95,25.09,24.98,25.35,25.14,25.11,24.95,24.84,24.78,24.81,24.93,24.83,24.89,24.74,24.92,24.98,24.92,24.92,24.8,25.04,25.01,25.09,24.9,24.84,24.92,24.94,24.9,24.98,24.9,24.84,24.88,24.99,25.01,24.98,25.04,24.99,24.86,24.9,24.84,24.86,24.9,24.87,24.79,24.9,24.84,24.9,24.95,24.82,24.95,24.95,24.92,24.95,24.9,24.87,24.78,24.76,24.84,24.84,25.13,24.99,24.75,24.81,24.98,24.87,24.9,24.9,24.84,24.7,24.81,24.71,24.75,24.71,24.84,24.95,25.1,24.7,24.84,24.95,25.0,24.9,24.94,24.71,24.75,24.69,24.95,24.84,24.7,24.61,24.68
60.17,26.38,24.95,24.71,24.51,24.48,24.51,24.56,24.71,24.62,24.77,24.75,24.78,24.84,24.84,24.84,25.14,24.92,24.74,24.81,24.68,24.62,24.81,24.72,24.81,24.65,24.62,24.67,24.84,24.81,24.77,24.54,24.6,25.09,24.99,24.84,24.65,24.74,24.7,24.78,24.83,24.86,24.7,24.79,24.9,24.84,24.74,24.65,24.66,24.74,24.79,24.65,24.66,24.68,24.82,24.95,24.87,24.71,24.78,24.99,24.95,25.01,24.9,24.74,24.78,24.81,24.95,24.89,24.65,24.62,24.67,24.71,24.94,24.74,24.74,24.91,24.99,24.99,24.95,24.84,24.74,24.8,24.88,24.98,24.9,24.65,24.71,24.74,24.88,25.02,24.81,24.74,25.04,25.04,25.28,24.9,24.81,24.65,24.74,24.96,25.09,24.78,24.63,24.99,24.99,25.02,25.24,25.52,25.35,25.31,25.07,24.95,24.84,24.71,24.74,24.9,24.84,24.85,24.86,24.81,24.92,25.09,25.62,25.79,25.66,25.73,25.21,24.95,24.84,24.84,24.74,24.9,24.87,24.91,24.86,25.02,24.99,24.92,25.45,25.42,25.9,25.27,25.04,24.92,24.83,24.86,24.88,24.84,24.84,24.79,24.74,24.9,25.02,25.09,25.35,25.42,25.62,25.14,25.12,24.95,24.79,24.84,24.84,25.1,24.83,24.78,24.81,24.99,25.09,24.99,25.09,24.99,25.35,25.14,25.09,24.95,24.84,24.79,24.86,24.92,24.81,24.87,24.71,24.94,24.97,24.9,24.92,24.81,25.04,25.04,25.09,24.9,24.81,24.9,25.0,24.94,24.96,24.9,24.84,24.9,24.99,25.04,24.96,25.04,24.99,24.84,24.9,24.84,24.84,24.9,24.82,24.81,24.94,24.84,24.9,24.95,24.84,24.95,24.95,24.87,24.95,24.9,24.84,24.83,24.8,24.81,24.84,25.06,25.04,24.81,24.81,24.96,24.84,24.9,24.98,24.84,24.7,24.81,24.71,24.81,24.71,24.84,24.88,25.16,24.77,24.84,24.95,24.94,24.84,24.96,24.71,24.81,24.65,24.88,24.84,24.77,24.64,24.78
60.29,26.38,24.95,24.71,24.42,24.48,24.58,24.56,24.75,24.62,24.77,24.69,24.78,24.84,24.84,24.84,25.04,24.92,24.74,24.89,24.73,24.62,24.84,24.75,24.81,24.67,24.58,24.65,24.88,24.86,24.79,24.57,24.51,25.09,24.99,24.84,24.65,24.74,24.7,24.83,24.88,24.81,24.76,24.79,24.9,24.84,24.74,24.65,24.66,24.74,24.87,24.65,24.72,24.64,24.81,24.95,24.91,24.71,24.82,24.99,24.95,25.04,24.9,24.74,24.72,24.81,24.95,24.89,24.65,24.62,24.63,24.71,24.98,24.74,24.76,24.91,24.99,25.01,24.96,24.82,24.74,24.84,24.88,24.98,24.9,24.65,24.71,24.74,24.88,24.98,24.81,24.74,25.02,25.04,25.28,24.9,24.81,24.65,24.76,24.92,25.09,24.81,24.63,25.02,25.03,24.99,25.24,25.52,25.36,25.31,25.12,24.95,24.84,24.71,24.74,24.9,24.84,24.85,24.81,24.81,24.92,25.09,25.62,25.79,25.63,25.73,25.24,24.97,24.84,24.79,24.74,24.9,24.92,24.91,24.83,24.98,25.0,24.93,25.41,25.46,25.9,25.24,25.04,25.0,24.86,24.83,24.9,24.84,24.84,24.84,24.76,24.88,24.98,25.07,25.36,25.45,25.62,25.15,25.12,24.95,24.82,24.81,24.81,25.04,24.88,24.82,24.86,25.03,25.07,25.02,25.1,25.03,25.36,25.14,25.06,24.95,24.84,24.84,24.92,24.87,24.76,24.84,24.73,24.98,24.94,24.86,24.92,24.86,25.04,25.05,25.09,24.88,24.79,24.84,25.04,24.94,24.91,24.89,24.84,24.94,24.99,25.04,24.91,25.02,24.99,24.9,24.9,24.84,24.79,24.9,24.84,24.87,24.94,24.84,24.9,24.95,24.89,24.95,24.95,24.84,24.95,24.9,24.84,24.86,24.78,24.74,24.84,25.02,25.08,24.86,24.81,24.91,24.84,24.9,25.01,24.82,24.7,24.82,24.71,24.87,24.71,24.84,24.88,25.13,24.84,24.84,24.95,24.91,24.81,25.01,24.73,24.84,24.65,24.84,24.84,24.81,24.75,24.85
60.4,26.38,24.95,24.71,24.34,24.48,24.64,24.56,24.75,24.62,24.77,24.64,24.78,24.84,24.84,24.84,24.95,24.92,24.74,24.97,24.73,24.62,24.84,24.75,24.81,24.71,24.53,24.6,24.88,24.92,24.84,24.63,24.43,25.09,24.99,24.84,24.65,24.74,24.7,24.88,24.93,24.76,24.81,24.79,24.9,24.84,24.74,24.65,24.66,24.74,24.94,24.65,24.79,24.64,24.76,24.95,24.91,24.71,24.87,24.99,24.95,25.04,24.9,24.74,24.67,24.81,24.95,24.89,24.65,24.62,24.59,24.71,25.02,24.74,24.8,24.91,24.99,25.05,25.0,24.78,24.74,24.84,24.88,24.98,24.9,24.65,24.71,24.74,24.88,24.93,24.81,24.74,24.98,25.04,25.28,24.9,24.81,24.65,24.81,24.92,25.09,24.81,24.63,25.02,25.07,24.99,25.24,25.52,25.41,25.31,25.17,24.95,24.84,24.71,24.74,24.9,24.84,24.85,24.76,24.81,24.92,25.09,25.62,25.79,25.63,25.73,25.24,25.01,24.84,24.73,24.74,24.9,24.98,24.91,24.83,24.93,24.96,24.98,25.36,25.5,25.9,25.24,25.04,25.04,24.86,24.83,24.95,24.84,24.84,24.88,24.8,24.88,24.93,25.03,25.41,25.45,25.62,25.19,25.12,24.95,24.82,24.81,24.81,24.99,24.93,24.87,24.9,25.07,25.03,25.02,25.14,25.07,25.41,25.14,25.06,24.95,24.84,24.88,24.98,24.82,24.71,24.84,24.78,25.02,24.94,24.82,24.92,24.9,25.04,25.09,25.09,24.83,24.72,24.79,25.04,24.94,24.85,24.84,24.84,24.98,24.99,25.04,24.87,24.98,24.99,25.0,24.9,24.84,24.73,24.9,24.92,24.93,24.94,24.84,24.9,24.95,24.93,24.95,24.95,24.84,24.95,24.9,24.84,24.86,24.72,24.67,24.84,25.02,25.08,24.92,24.81,24.85,24.84,24.9,25.01,24.78,24.7,24.87,24.71,24.93,24.71,24.84,24.88,25.04,24.91,24.84,24.95,24.91,24.81,25.07,24.79,24.84,24.65,24.84,24.84,24.81,24.92,24.85
60.51,26.39,25.02,24.72,24.32,24.53,24.72,24.57,24.76,24.63,24.74,24.63,24.83,24.85,24.8,24.85,24.86,25.01,24.75,25.0,24.69,24.63,24.85,24.8,24.82,24.74,24.52,24.59,24.88,24.98,24.87,24.66,24.41,25.16,25.0,24.85,24.66,24.75,24.74,24.91,24.96,24.72,24.87,24.82,24.91,24.85,24.75,24.66,24.72,24.8,24.94,24.66,24.82,24.69,24.75,24.96,24.88,24.72,24.92,25.0,24.96,25.05,24.91,24.75,24.66,24.82,24.96,24.87,24.63,24.63,24.62,24.72,25.04,24.75,24.85,24.95,25.0,25.1,25.05,24.74,24.75,24.81,24.92,24.95,24.91,24.66,24.72,24.75,24.86,24.9,24.82,24.75,24.95,25.04,25.28,24.91,24.82,24.66,24.87,24.97,25.07,24.82,24.67,25.0,25.1,25.0,25.27,25.55,25.45,25.32,25.22,24.96,24.85,24.72,24.75,24.91,24.88,24.82,24.75,24.82,24.9,25.1,25.63,25.82,25.61,25.71,25.22,25.07,24.85,24.72,24.75,24.91,25.0,24.95,24.87,24.9,24.9,25.0,25.36,25.55,25.91,25.25,25.04,25.07,24.9,24.87,24.98,24.85,24.88,24.94,24.85,24.91,24.9,25.0,25.45,25.45,25.63,25.22,25.1,24.96,24.86,24.85,24.85,24.95,24.96,24.92,24.95,25.1,25.0,25.0,25.18,25.1,25.45,25.12,25.1,24.96,24.85,24.94,25.0,24.82,24.67,24.85,24.83,25.04,24.95,24.82,24.9,24.95,25.04,25.14,25.07,24.79,24.67,24.74,25.05,24.98,24.85,24.81,24.88,25.0,25.0,25.04,24.82,24.93,25.0,25.07,24.91,24.85,24.72,24.91,24.95,24.96,24.98,24.85,24.91,24.96,24.96,24.96,24.96,24.85,24.96,24.91,24.85,24.87,24.71,24.66,24.85,25.03,25.09,24.98,24.82,24.85,24.85,24.91,25.02,24.74,24.74,24.92,24.72,24.96,24.72,24.85,24.82,25.02,24.99,24.85,24.96,24.91,24.85,25.1,24.85,24.85,24.66,24.85,24.85,24.82,25.04,24.86
60.61,26.4,25.04,24.74,24.33,24.61,24.66,24.58,24.77,24.7,24.7,24.64,24.85,24.8,24.74,24.86,24.77,25.02,24.67,25.02,24.71,24.64,24.87,24.82,24.83,24.75,24.54,24.66,24.9,25.05,24.83,24.68,24.51,25.08,25.02,24.8,24.73,24.77,24.81,24.92,24.98,24.74,24.93,24.88,24.92,24.86,24.77,24.73,24.8,24.82,24.82,24.67,24.83,24.75,24.76,24.93,24.85,24.74,24.98,25.02,24.98,25.07,24.92,24.77,24.73,24.83,24.98,24.82,24.64,24.64,24.73,24.78,25.01,24.77,24.87,25.01,25.02,25.12,25.02,24.75,24.77,24.83,24.94,24.91,24.88,24.67,24.78,24.77,24.82,24.87,24.87,24.81,24.95,25.01,25.26,24.92,24.88,24.73,24.94,24.98,24.99,24.83,24.72,25.01,25.07,24.97,25.32,25.6,25.51,25.33,25.24,24.93,24.86,24.79,24.77,24.92,24.89,24.79,24.77,24.87,24.91,25.07,25.6,25.88,25.63,25.68,25.19,25.04,24.81,24.74,24.82,24.97,25.02,24.96,24.85,24.87,24.91,25.01,25.37,25.56,25.88,25.26,25.14,25.09,24.97,24.89,24.94,24.91,24.94,25.0,24.87,24.93,24.91,25.01,25.51,25.46,25.6,25.19,25.06,24.98,24.93,24.87,24.87,24.91,24.98,24.98,25.01,25.07,24.97,24.97,25.2,25.15,25.46,25.09,25.12,24.98,24.91,24.95,25.02,24.78,24.68,24.87,24.89,25.05,24.95,24.87,24.87,25.01,25.05,25.15,25.03,24.75,24.69,24.75,25.07,25.05,24.86,24.82,24.94,25.02,25.02,25.05,24.79,24.9,25.02,25.09,24.92,24.91,24.74,24.86,24.89,24.98,25.05,24.86,24.92,24.98,24.98,24.98,24.98,24.87,24.93,24.92,24.86,24.94,24.78,24.67,24.77,24.97,25.11,25.05,24.88,24.86,24.86,24.92,25.03,24.75,24.81,24.94,24.74,24.98,24.81,24.86,24.74,25.04,25.0,24.86,24.98,24.87,24.87,25.05,24.87,24.92,24.73,24.86,24.8,24.84,25.14,24.97
60.72,26.41,25.02,24.75,24.34,24.69,24.57,24.59,24.77,24.79,24.66,24.66,24.85,24.72,24.69,24.88,24.69,25.01,24.56,25.03,24.72,24.66,24.86,24.8,24.84,24.78,24.56,24.72,24.89,25.12,24.79,24.71,24.63,24.94,25.03,24.72,24.82,24.78,24.88,24.94,25.0,24.78,25.0,24.94,24.94,24.88,24.78,24.82,24.88,24.8,24.67,24.69,24.84,24.83,24.76,24.89,24.79,24.75,25.03,25.03,25.0,25.08,24.94,24.78,24.82,24.84,25.0,24.78,24.67,24.66,24.85,24.86,24.96,24.78,24.88,25.06,25.03,25.13,24.97,24.77,24.78,24.85,24.93,24.88,24.84,24.69,24.86,24.78,24.78,24.84,24.94,24.88,24.96,24.95,25.21,24.94,24.95,24.82,25.02,25.0,24.89,24.83,24.78,25.03,25.03,24.94,25.38,25.66,25.57,25.34,25.23,24.88,24.88,24.88,24.78,24.94,24.89,24.75,24.78,24.94,24.94,25.03,25.56,25.94,25.67,25.66,25.15,25.0,24.77,24.75,24.9,25.05,25.03,24.96,24.8,24.84,24.93,25.04,25.38,25.56,25.84,25.28,25.26,25.09,25.02,24.9,24.9,25.0,25.0,25.06,24.88,24.94,24.94,25.03,25.57,25.46,25.56,25.16,25.03,25.0,24.98,24.88,24.88,24.88,25.0,25.03,25.06,25.03,24.93,24.93,25.21,25.21,25.47,25.06,25.13,25.0,25.0,24.95,25.03,24.72,24.71,24.91,24.97,25.06,24.98,24.94,24.84,25.06,25.06,25.16,25.0,24.7,24.7,24.79,25.06,25.12,24.88,24.84,25.0,25.03,25.03,25.06,24.75,24.84,25.03,25.11,24.94,25.0,24.75,24.78,24.83,25.0,25.12,24.88,24.94,25.0,25.0,25.0,25.0,24.91,24.88,24.94,24.88,25.0,24.86,24.69,24.66,24.91,25.11,25.12,24.95,24.88,24.88,24.94,25.03,24.77,24.88,24.95,24.75,25.0,24.91,24.88,24.66,25.02,24.99,24.88,25.0,24.82,24.88,24.99,24.88,24.99,24.82,24.9,24.74,24.83,25.27,25.08
60.82,26.41,24.92,24.81,24.34,24.69,24.52,24.59,24.71,24.81,24.66,24.66,24.78,24.7,24.73,24.88,24.69,24.91,24.53,24.98,24.72,24.66,24.77,24.73,24.84,24.83,24.56,24.72,24.84,25.09,24.82,24.78,24.72,24.81,24.98,24.7,24.88,24.75,24.88,24.9,25.0,24.79,25.0,24.94,24.9,24.88,24.78,24.88,24.88,24.78,24.64,24.72,24.88,24.89,24.71,24.84,24.77,24.78,25.03,25.03,25.0,25.04,24.94,24.82,24.88,24.84,25.0,24.78,24.72,24.69,24.86,24.88,24.92,24.81,24.88,25.06,25.03,25.13,24.95,24.8,24.82,24.85,24.88,24.84,24.82,24.72,24.88,24.81,24.75,24.84,24.96,24.92,24.96,24.94,25.17,24.94,24.97,24.88,25.04,25.0,24.88,24.82,24.81,25.0,24.98,24.97,25.38,25.68,25.61,25.34,25.19,24.86,24.88,24.94,24.78,24.9,24.88,24.78,24.78,24.98,24.98,24.98,25.54,25.94,25.73,25.68,25.1,24.95,24.75,24.79,24.95,25.03,25.0,24.95,24.82,24.87,24.9,25.05,25.4,25.54,25.82,25.33,25.29,25.05,24.98,24.94,24.94,25.01,24.97,25.03,24.91,24.97,24.98,25.03,25.59,25.42,25.54,25.19,25.03,25.0,24.93,24.92,24.92,24.88,25.0,25.03,25.03,25.01,24.91,24.91,25.21,25.22,25.47,25.09,25.13,25.0,25.01,24.91,25.03,24.71,24.77,24.92,24.98,25.06,24.99,24.98,24.87,25.06,25.09,25.16,25.0,24.68,24.7,24.84,25.0,25.12,24.91,24.84,24.97,25.03,25.03,25.06,24.78,24.8,25.0,25.11,24.94,25.01,24.75,24.76,24.88,25.0,25.09,24.88,24.94,25.0,25.0,25.0,25.0,24.92,24.86,24.94,24.91,25.0,24.82,24.69,24.62,24.96,25.06,25.09,24.97,24.88,24.88,24.94,24.98,24.73,24.91,24.98,24.75,25.0,24.89,24.88,24.66,24.93,24.97,24.88,25.0,24.82,24.92,24.94,24.92,24.96,24.84,24.97,24.72,24.8,25.3,25.02
60.95,26.41,24.79,24.93,24.34,24.69,24.52,24.59,24.66,24.81,24.66,24.66,24.69,24.7,24.83,24.88,24.69,24.77,24.53,24.87,24.74,24.66,24.65,24.68,24.84,24.88,24.56,24.74,24.78,25.01,24.88,24.84,24.83,24.69,24.87,24.7,24.95,24.68,24.88,24.83,25.0,24.79,25.0,24.94,24.83,24.88,24.78,24.95,24.88,24.78,24.64,24.8,24.94,24.94,24.66,24.78,24.79,24.83,25.03,25.03,25.0,25.0,24.94,24.89,24.95,24.84,25.0,24.78,24.78,24.76,24.86,24.88,24.87,24.87,24.87,25.06,25.03,25.12,24.94,24.88,24.88,24.87,24.8,24.76,24.82,24.79,24.88,24.87,24.7,24.84,24.96,24.98,24.98,24.94,25.12,24.94,24.97,24.95,25.02,24.98,24.88,24.83,24.87,24.96,24.93,25.01,25.38,25.74,25.66,25.34,25.12,24.86,24.88,25.01,24.78,24.83,24.88,24.84,24.78,25.04,25.04,24.93,25.54,25.94,25.77,25.74,25.06,24.88,24.75,24.86,25.02,24.96,24.93,24.95,24.88,24.93,24.87,25.04,25.46,25.54,25.82,25.38,25.29,25.0,24.94,24.99,24.99,25.01,24.91,24.97,24.95,25.01,25.04,25.04,25.57,25.38,25.54,25.23,25.03,25.0,24.88,24.98,24.98,24.88,25.0,25.03,24.98,25.01,24.93,24.93,25.2,25.22,25.46,25.15,25.12,25.0,25.01,24.84,25.03,24.71,24.83,24.91,24.97,25.06,24.98,25.04,24.93,25.06,25.15,25.15,25.0,24.7,24.72,24.92,24.94,25.12,24.98,24.85,24.91,25.03,25.03,25.06,24.84,24.75,24.95,25.09,24.94,25.01,24.75,24.76,24.96,25.0,25.01,24.88,24.94,25.0,25.0,25.0,25.0,24.91,24.86,24.94,24.98,25.02,24.76,24.69,24.62,25.03,25.0,25.01,24.97,24.88,24.88,24.94,24.94,24.69,24.98,25.03,24.75,25.0,24.81,24.88,24.66,24.84,24.97,24.88,25.0,24.8,24.98,24.86,24.98,24.9,24.84,25.03,24.72,24.83,25.27,24.92
61.04,26.41,24.72,24.96,24.34,24.69,24.52,24.61,24.66,24.81,24.66,24.66,24.65,24.7,24.88,24.88,24.72,24.7,24.53,24.79,24.81,24.66,24.63,24.66,24.84,24.86,24.58,24.79,24.78,24.96,24.86,24.84,24.92,24.62,24.82,24.7,24.99,24.63,24.88,24.8,24.98,24.79,25.0,24.94,24.8,24.88,24.78,24.99,24.88,24.75,24.64,24.82,24.95,24.94,24.67,24.73,24.82,24.86,25.03,25.03,24.98,24.98,24.94,24.93,25.01,24.84,24.98,24.78,24.81,24.81,24.88,24.88,24.82,24.89,24.84,25.06,25.03,25.07,24.9,24.97,24.92,24.93,24.74,24.72,24.82,24.82,24.88,24.91,24.67,24.84,24.96,25.02,25.02,24.94,25.07,24.94,24.97,25.01,24.97,24.93,24.86,24.88,24.89,24.96,24.9,25.0,25.36,25.77,25.66,25.36,25.08,24.86,24.88,25.05,24.78,24.8,24.88,24.88,24.78,25.07,25.08,24.9,25.54,25.92,25.77,25.77,25.08,24.8,24.75,24.9,25.06,24.94,24.89,24.95,24.86,24.96,24.91,25.01,25.49,25.54,25.81,25.38,25.3,25.0,24.94,24.97,24.97,25.01,24.88,24.94,24.94,25.0,25.08,25.1,25.54,25.38,25.53,25.22,25.03,25.0,24.88,24.96,24.96,24.88,25.0,25.03,24.94,25.0,24.96,24.96,25.18,25.22,25.42,25.18,25.07,25.0,25.01,24.8,25.03,24.71,24.89,24.88,24.94,25.05,24.95,25.08,24.97,25.06,25.18,25.09,24.98,24.75,24.8,24.96,24.94,25.12,25.03,24.9,24.88,25.03,25.02,25.05,24.89,24.77,24.92,25.03,24.94,25.01,24.77,24.76,24.93,25.0,24.96,24.89,24.94,25.01,24.98,25.0,25.0,24.88,24.86,24.94,25.01,25.06,24.78,24.69,24.62,25.01,24.98,24.98,24.97,24.89,24.88,24.94,24.94,24.7,25.01,25.03,24.75,24.98,24.76,24.9,24.69,24.84,24.95,24.88,25.0,24.76,24.98,24.81,24.96,24.9,24.86,25.03,24.71,24.88,25.18,24.92
61.17,26.41,24.76,24.83,24.34,24.69,24.57,24.7,24.66,24.79,24.66,24.66,24.67,24.72,24.88,24.88,24.85,24.73,24.56,24.69,24.88,24.66,24.71,24.6,24.84,24.8,24.64,24.84,24.78,24.88,24.81,24.84,25.0,24.69,24.82,24.72,24.97,24.56,24.88,24.8,24.91,24.78,25.0,24.94,24.8,24.88,24.78,24.97,24.88,24.66,24.67,24.74,24.87,24.94,24.74,24.69,24.82,24.86,25.03,25.03,24.92,24.91,24.94,24.93,25.06,24.84,24.9,24.78,24.8,24.88,24.92,24.86,24.78,24.89,24.85,25.06,25.03,25.03,24.88,25.01,24.92,25.0,24.69,24.72,24.84,24.82,24.86,24.96,24.67,24.84,24.94,25.06,25.06,24.95,25.03,24.94,24.95,25.06,24.9,24.88,24.81,24.93,24.89,24.94,24.91,24.96,25.31,25.77,25.66,25.42,25.03,24.88,24.88,25.03,24.78,24.8,24.89,24.88,24.78,25.05,25.12,24.91,25.56,25.87,25.75,25.77,25.13,24.77,24.77,24.9,25.04,24.99,24.89,24.96,24.82,24.96,24.94,25.01,25.49,25.56,25.77,25.38,25.33,25.0,24.94,24.92,24.92,25.0,24.88,24.94,24.89,24.96,25.12,25.19,25.54,25.38,25.49,25.18,25.03,25.0,24.88,24.9,24.9,24.88,25.0,25.03,24.88,24.96,24.96,24.96,25.19,25.21,25.38,25.18,25.03,25.0,25.0,24.75,25.03,24.72,24.94,24.88,24.94,24.99,24.95,25.12,25.03,25.06,25.18,24.98,24.92,24.82,24.92,24.94,24.94,25.12,25.1,24.94,24.88,25.03,24.96,24.99,24.95,24.83,24.92,24.92,24.94,25.0,24.84,24.78,24.86,25.0,24.88,24.96,24.94,25.06,24.92,25.0,25.0,24.88,24.88,24.94,25.01,25.04,24.84,24.69,24.66,24.94,24.9,24.98,24.95,24.96,24.88,24.94,24.94,24.75,25.01,25.05,24.75,24.9,24.74,25.02,24.82,24.84,24.88,24.88,25.0,24.78,24.99,24.75,24.9,24.88,24.91,25.03,24.65,24.88,25.07,24.89
61.26,26.41,24.86,24.74,24.34,24.69,24.7,24.76,24.66,24.73,24.66,24.66,24.74,24.79,24.88,24.88,24.95,24.84,24.66,24.61,24.88,24.66,24.76,24.6,24.84,24.75,24.69,24.84,24.78,24.82,24.81,24.84,25.0,24.88,24.82,24.79,24.91,24.51,24.88,24.8,24.86,24.72,25.0,24.94,24.8,24.88,24.78,24.91,24.88,24.66,24.74,24.69,24.81,24.94,24.79,24.69,24.82,24.86,25.03,25.03,24.88,24.86,24.94,24.93,25.06,24.84,24.84,24.78,24.75,24.93,24.92,24.81,24.78,24.89,24.89,25.06,25.03,25.03,24.93,25.01,24.92,25.0,24.69,24.72,24.88,24.82,24.81,25.01,24.67,24.84,24.9,25.06,25.06,25.0,25.03,24.94,24.91,25.06,24.85,24.88,24.81,24.98,24.89,24.9,24.96,24.96,25.28,25.77,25.66,25.47,25.03,24.93,24.88,24.98,24.78,24.8,24.94,24.88,24.78,25.01,25.12,24.96,25.6,25.82,25.71,25.77,25.18,24.81,24.81,24.9,24.99,24.99,24.89,25.01,24.86,24.96,24.9,25.01,25.49,25.6,25.77,25.38,25.29,25.0,24.94,24.92,24.92,24.94,24.88,24.94,24.89,24.96,25.12,25.22,25.54,25.38,25.49,25.18,25.03,25.0,24.88,24.9,24.9,24.88,25.0,25.03,24.84,24.96,24.96,24.96,25.22,25.18,25.38,25.18,25.03,25.0,24.94,24.75,25.03,24.78,24.94,24.88,24.94,24.95,24.95,25.12,25.07,25.06,25.18,24.94,24.88,24.87,24.97,24.88,24.94,25.12,25.15,24.94,24.88,25.03,24.92,24.95,25.0,24.88,24.92,24.88,24.94,24.94,24.9,24.85,24.86,25.0,24.82,25.01,24.94,25.1,24.88,25.0,25.0,24.88,24.93,24.94,25.01,24.99,24.84,24.69,24.75,24.94,24.84,24.98,24.91,25.01,24.88,24.94,24.94,24.75,25.01,25.09,24.75,24.84,24.67,25.1,24.92,24.84,24.88,24.88,25.0,24.84,25.05,24.75,24.9,24.82,24.91,25.03,24.65,24.88,24.99,24.79
61.4,26.41,24.99,24.74,24.34,24.69,24.79,24.84,24.73,24.66,24.66,24.66,24.82,24.88,24.97,24.88,24.95,24.98,24.9,24.61,24.79,24.66,24.76,24.68,24.84,24.75,24.75,24.84,24.78,24.82,24.81,24.76,25.0,25.0,24.82,24.88,24.84,24.44,24.88,24.8,24.86,24.66,24.93,24.88,24.8,24.94,24.78,24.84,24.88,24.78,24.84,24.76,24.81,24.87,24.79,24.75,24.89,24.86,24.98,24.96,24.88,24.91,24.94,24.93,24.99,24.84,24.84,24.78,24.75,24.93,24.86,24.75,24.78,24.95,24.89,25.06,25.03,25.03,25.0,25.01,24.84,24.91,24.76,24.79,24.94,24.82,24.75,25.01,24.67,24.84,24.9,25.01,25.01,25.06,25.03,24.94,24.84,24.99,24.78,24.88,24.88,24.98,24.89,24.84,24.96,25.01,25.22,25.77,25.6,25.53,25.03,25.06,24.88,24.9,24.78,24.8,25.0,24.88,24.78,24.96,25.12,25.01,25.6,25.77,25.66,25.77,25.23,24.88,24.81,24.9,24.92,24.92,24.89,25.01,24.92,24.96,24.84,25.01,25.54,25.6,25.82,25.38,25.18,25.0,24.94,24.92,24.92,24.88,24.94,24.88,24.89,24.96,25.07,25.22,25.49,25.38,25.49,25.18,25.03,25.06,24.88,24.83,24.98,24.94,25.0,25.03,24.78,24.96,25.01,25.01,25.22,25.12,25.38,25.18,25.03,25.05,24.88,24.75,24.96,24.91,25.0,24.88,24.94,24.89,24.89,25.12,25.12,25.01,25.12,24.94,24.88,24.94,24.97,24.81,24.94,25.12,25.22,24.94,24.81,24.98,24.86,24.95,25.12,24.88,24.92,24.88,24.94,24.88,24.98,24.85,24.86,25.0,24.82,25.08,24.87,25.1,24.88,25.0,25.0,24.88,25.0,24.94,24.94,24.92,24.84,24.69,24.88,24.94,24.76,24.98,24.91,25.08,24.88,24.94,24.94,24.82,25.01,25.09,24.75,24.76,24.58,25.1,24.92,24.84,24.88,24.88,25.0,24.91,25.05,24.75,24.9,24.82,24.91,25.03,24.72,24.88,24.88,24.79
61.5,26.41,25.09,24.65,24.34,24.69,24.72,24.9,24.79,24.66,24.66,24.66,24.89,24.88,24.97,24.88,24.95,25.08,24.99,24.69,24.72,24.66,24.81,24.68,24.84,24.75,24.8,24.84,24.78,24.88,24.75,24.69,25.0,25.0,24.9,24.88,24.78,24.44,24.88,24.85,24.86,24.66,24.88,24.84,24.85,25.0,24.78,24.78,24.88,24.78,24.84,24.76,24.76,24.82,24.79,24.8,24.89,24.82,24.93,24.91,24.88,24.95,24.94,24.88,24.93,24.84,24.84,24.78,24.75,24.88,24.86,24.75,24.78,24.95,24.89,25.06,25.03,25.03,25.0,24.96,24.74,24.85,24.82,24.9,24.94,24.77,24.75,24.96,24.71,24.84,24.94,24.96,24.96,25.06,25.03,24.94,24.84,24.93,24.78,24.88,24.88,24.93,24.85,24.84,24.96,25.01,25.19,25.73,25.56,25.58,25.03,25.11,24.88,24.84,24.78,24.85,25.0,24.83,24.78,24.91,25.12,25.05,25.56,25.73,25.66,25.73,25.27,24.92,24.77,24.84,24.87,24.98,24.95,24.96,24.87,24.91,24.84,25.05,25.54,25.56,25.82,25.38,25.18,25.0,24.94,24.87,24.87,24.88,25.03,24.88,24.85,24.91,25.03,25.22,25.49,25.38,25.45,25.13,25.03,25.11,24.88,24.72,24.98,25.0,25.0,25.03,24.78,24.91,25.01,25.01,25.22,25.12,25.38,25.13,25.03,25.09,24.88,24.75,24.9,24.95,25.05,24.92,24.98,24.85,24.89,25.12,25.12,24.96,25.03,24.94,24.88,24.94,24.97,24.75,24.94,25.12,25.22,24.94,24.81,24.93,24.82,24.95,25.16,24.88,24.96,24.88,24.94,24.88,25.03,24.78,24.78,25.0,24.88,25.13,24.82,25.1,24.88,25.0,25.0,24.92,25.0,24.94,24.83,24.87,24.9,24.69,24.88,24.87,24.7,25.03,24.95,25.13,24.88,24.94,24.94,24.92,24.96,25.05,24.75,24.7,24.64,25.1,24.92,24.84,24.8,24.88,25.0,24.97,24.99,24.75,24.84,24.88,24.97,25.03,24.72,24.8,24.88,24.89
61.62,26.41,25.22,24.53,24.46,24.6,24.63,24.98,24.79,24.66,24.66,24.73,24.89,24.88,24.88,24.75,24.95,25.22,24.99,24.69,24.63,24.73,24.88,24.68,24.84,24.69,24.86,24.84,24.78,24.88,24.75,24.69,24.89,25.12,25.0,24.88,24.71,24.51,24.88,24.92,24.79,24.66,24.88,24.78,24.92,25.0,24.78,24.71,24.79,24.78,24.84,24.69,24.7,24.82,24.86,24.86,24.89,24.76,24.88,24.91,24.88,24.95,24.87,24.8,24.86,24.84,24.76,24.78,24.69,24.81,24.86,24.75,24.78,24.89,24.89,25.06,25.03,25.03,25.0,24.89,24.67,24.76,24.89,25.05,24.94,24.7,24.75,24.91,24.77,24.9,24.94,24.91,24.96,25.06,25.09,25.0,24.84,24.86,24.85,24.88,24.88,24.88,24.8,24.84,24.96,25.01,25.14,25.61,25.56,25.58,25.09,25.11,24.88,24.77,24.78,24.92,25.0,24.77,24.78,24.86,25.12,25.11,25.56,25.67,25.66,25.67,25.33,25.05,24.77,24.77,24.8,25.05,25.01,24.91,24.8,24.86,24.9,25.11,25.49,25.5,25.77,25.43,25.23,25.06,24.94,24.8,24.8,24.88,25.09,24.94,24.8,24.86,25.03,25.22,25.54,25.38,25.39,25.08,25.03,25.11,24.94,24.65,24.9,25.0,25.0,25.03,24.78,24.86,24.96,25.01,25.28,25.07,25.32,25.08,25.03,25.09,24.88,24.75,24.9,24.95,25.05,24.98,25.05,24.8,24.89,25.12,25.12,24.96,24.92,24.88,24.88,24.94,24.97,24.68,24.85,25.05,25.22,24.94,24.88,24.88,24.82,24.95,25.22,24.94,24.96,24.88,24.94,24.94,25.03,24.78,24.68,25.0,24.88,25.2,24.82,25.1,24.81,24.94,25.0,24.98,25.0,24.94,24.76,24.87,24.98,24.78,24.88,24.77,24.7,25.11,25.02,25.13,24.88,24.87,24.94,24.98,24.96,24.98,24.75,24.7,24.73,25.1,25.05,24.84,24.71,24.88,25.0,25.04,24.99,24.75,24.77,24.96,25.04,25.03,24.72,24.71,24.88,25.02
61.7,26.41,25.25,24.56,24.55,24.53,24.57,25.0,24.79,24.66,24.66,24.79,24.85,24.88,24.85,24.66,24.88,25.25,24.99,24.69,24.57,24.79,24.86,24.72,24.84,24.67,24.88,24.84,24.78,24.88,24.79,24.69,24.8,25.16,25.03,24.88,24.69,24.56,24.88,24.94,24.78,24.66,24.88,24.74,24.94,25.0,24.78,24.69,24.72,24.83,24.84,24.71,24.72,24.82,24.88,24.91,24.93,24.75,24.83,24.91,24.91,24.98,24.82,24.78,24.8,24.84,24.74,24.78,24.67,24.76,24.83,24.75,24.78,24.88,24.87,25.06,25.03,25.03,25.0,24.88,24.65,24.69,24.95,25.12,24.94,24.69,24.75,24.87,24.78,24.94,24.94,24.87,24.96,25.06,25.13,25.05,24.84,24.8,24.9,24.88,24.91,24.83,24.78,24.84,24.93,25.04,25.12,25.56,25.56,25.55,25.14,25.11,24.88,24.75,24.78,24.94,25.0,24.75,24.78,24.84,25.12,25.12,25.56,25.66,25.66,25.66,25.34,25.11,24.77,24.75,24.78,25.03,25.03,24.87,24.78,24.84,24.94,25.12,25.47,25.46,25.75,25.47,25.25,25.11,24.94,24.78,24.78,24.88,25.11,24.95,24.78,24.84,25.03,25.2,25.56,25.38,25.38,25.06,25.03,25.11,25.0,24.63,24.88,25.0,25.0,25.03,24.78,24.84,24.94,25.04,25.29,25.03,25.29,25.06,25.03,25.09,24.88,24.75,24.9,24.95,25.05,25.0,25.06,24.78,24.87,25.12,25.12,24.96,24.87,24.86,24.91,24.94,24.94,24.66,24.78,24.99,25.22,24.94,24.89,24.83,24.85,24.98,25.26,24.95,24.93,24.91,24.94,25.0,24.99,24.78,24.66,25.0,24.88,25.22,24.82,25.08,24.8,24.89,25.0,25.0,25.0,24.94,24.74,24.9,25.0,24.85,24.88,24.75,24.74,25.12,25.06,25.1,24.88,24.82,24.94,25.0,25.0,24.94,24.75,24.74,24.75,25.04,25.08,24.84,24.69,24.88,25.0,25.06,24.99,24.75,24.75,25.01,25.06,25.03,24.76,24.69,24.88,25.12
61.82,26.41,25.18,24.69,24.67,24.49,24.48,24.96,24.79,24.69,24.66,24.82,24.72,24.88,24.85,24.59,24.75,25.18,24.99,24.69,24.52,24.86,24.79,24.8,24.84,24.7,24.88,24.84,24.78,24.88,24.86,24.69,24.69,25.09,24.98,24.88,24.72,24.63,24.84,24.9,24.78,24.66,24.88,24.71,24.9,25.0,24.78,24.72,24.68,24.89,24.79,24.78,24.8,24.82,24.85,24.94,25.0,24.75,24.81,24.91,24.94,25.05,24.78,24.78,24.76,24.84,24.78,24.78,24.7,24.72,24.81,24.75,24.78,24.88,24.84,25.06,25.03,25.03,25.0,24.88,24.65,24.65,24.99,25.11,24.91,24.69,24.75,24.81,24.78,24.97,24.94,24.84,24.96,25.09,25.16,25.08,24.84,24.76,24.97,24.88,24.97,24.78,24.78,24.87,24.87,25.07,25.1,25.48,25.5,25.46,25.17,25.11,24.88,24.79,24.78,24.97,25.0,24.75,24.78,24.84,25.12,25.12,25.53,25.66,25.66,25.63,25.32,25.14,24.77,24.75,24.78,25.0,25.03,24.81,24.78,24.87,25.0,25.12,25.5,25.43,25.75,25.53,25.27,25.14,24.94,24.78,24.82,24.88,25.11,24.95,24.81,24.84,25.0,25.15,25.53,25.38,25.4,25.12,25.03,25.11,25.03,24.63,24.88,25.0,25.0,25.03,24.78,24.84,24.97,25.1,25.29,25.0,25.26,25.09,25.03,25.09,24.91,24.75,24.86,24.95,25.05,25.0,25.06,24.78,24.81,25.12,25.12,24.96,24.84,24.89,24.97,24.94,24.91,24.69,24.74,24.92,25.18,24.94,24.89,24.78,24.88,25.03,25.26,24.95,24.94,24.97,24.94,25.03,24.96,24.78,24.66,24.96,24.88,25.15,24.82,25.05,24.83,24.86,24.97,25.0,25.0,24.94,24.74,24.94,25.0,24.9,24.88,24.75,24.78,25.12,25.09,25.03,24.88,24.78,24.94,25.0,25.06,24.91,24.79,24.78,24.75,24.93,25.08,24.84,24.69,24.88,25.0,25.06,24.99,24.79,24.75,25.05,25.02,25.03,24.84,24.73,24.88,25.18
61.92,26.41,25.09,24.75,24.76,24.49,24.44,24.9,24.77,24.75,24.66,24.82,24.59,24.88,24.83,24.59,24.69,25.08,24.96,24.66,24.55,24.92,24.75,24.84,24.84,24.73,24.88,24.84,24.78,24.86,24.92,24.71,24.61,25.03,24.9,24.88,24.78,24.68,24.8,24.85,24.76,24.66,24.9,24.73,24.85,24.98,24.78,24.78,24.68,24.86,24.72,24.8,24.84,24.83,24.81,24.92,25.03,24.75,24.82,24.93,24.92,25.08,24.78,24.78,24.78,24.84,24.82,24.78,24.73,24.74,24.82,24.75,24.78,24.87,24.85,25.06,25.03,25.03,25.0,24.88,24.67,24.67,24.97,25.04,24.87,24.69,24.75,24.78,24.78,24.97,24.93,24.85,24.98,25.13,25.16,25.08,24.84,24.78,25.02,24.88,25.0,24.75,24.78,24.91,24.84,25.05,25.05,25.4,25.44,25.37,25.17,25.09,24.88,24.84,24.78,25.02,25.0,24.75,24.78,24.84,25.12,25.12,25.5,25.66,25.66,25.59,25.27,25.14,24.78,24.75,24.78,25.02,25.03,24.78,24.78,24.91,25.04,25.12,25.53,25.45,25.74,25.57,25.33,25.14,24.94,24.78,24.87,24.88,25.09,24.97,24.85,24.84,24.97,25.12,25.5,25.38,25.45,25.21,25.03,25.09,25.03,24.65,24.86,24.98,25.0,25.03,24.78,24.84,25.0,25.12,25.3,25.0,25.26,25.13,25.03,25.08,24.96,24.75,24.82,24.94,25.03,25.0,25.06,24.78,24.78,25.12,25.12,24.98,24.85,24.92,25.0,24.94,24.92,24.75,24.74,24.86,25.13,24.94,24.91,24.75,24.88,25.06,25.2,24.97,24.98,25.0,24.94,25.03,24.96,24.81,24.66,24.9,24.86,25.04,24.83,25.06,24.86,24.86,24.92,25.0,25.0,24.94,24.76,24.94,25.0,24.9,24.88,24.75,24.78,25.12,25.08,24.98,24.88,24.78,24.94,24.98,25.12,24.92,24.84,24.78,24.75,24.88,25.12,24.84,24.69,24.88,25.0,25.06,25.01,24.84,24.75,25.03,24.97,25.03,24.88,24.8,24.88,25.15
62.04,26.41,24.95,24.75,24.88,24.51,24.44,24.84,24.69,24.81,24.68,24.84,24.44,24.85,24.73,24.56,24.72,24.98,24.84,24.55,24.63,24.99,24.75,24.84,24.84,24.73,24.88,24.84,24.78,24.79,24.98,24.8,24.52,25.06,24.79,24.88,24.84,24.77,24.75,24.8,24.71,24.66,24.97,24.78,24.8,24.91,24.78,24.86,24.68,24.78,24.64,24.71,24.84,24.9,24.83,24.86,25.01,24.75,24.88,25.0,24.88,25.02,24.78,24.78,24.84,24.84,24.82,24.78,24.72,24.79,24.86,24.77,24.78,24.81,24.91,25.06,25.03,25.03,25.0,24.88,24.74,24.76,24.91,24.91,24.81,24.69,24.75,24.8,24.78,24.97,24.87,24.91,25.03,25.18,25.16,25.08,24.84,24.84,25.07,24.88,24.98,24.75,24.78,24.97,24.86,25.0,25.01,25.29,25.39,25.25,25.17,25.01,24.88,24.9,24.78,25.06,25.0,24.75,24.8,24.84,25.12,25.11,25.49,25.64,25.66,25.53,25.22,25.12,24.83,24.75,24.8,25.06,25.03,24.78,24.78,24.97,25.1,25.12,25.52,25.5,25.68,25.63,25.43,25.14,24.94,24.78,24.92,24.88,25.03,25.02,24.91,24.84,24.98,25.12,25.52,25.4,25.52,25.33,25.05,25.03,25.03,24.72,24.81,24.91,25.0,25.03,24.8,24.84,24.98,25.11,25.35,25.02,25.29,25.2,25.03,25.02,25.01,24.77,24.84,24.88,24.97,25.0,25.06,24.8,24.8,25.11,25.11,25.05,24.94,24.94,25.0,24.92,24.97,24.82,24.74,24.81,25.06,24.92,24.97,24.76,24.89,25.06,25.09,25.03,25.06,25.02,24.94,25.03,24.94,24.89,24.66,24.84,24.81,24.91,24.9,25.1,24.86,24.84,24.88,25.0,25.0,24.94,24.84,24.95,25.0,24.9,24.88,24.75,24.82,25.11,25.02,24.91,24.88,24.78,24.94,24.91,25.17,24.97,24.92,24.8,24.75,24.88,25.25,24.84,24.71,24.88,25.0,25.06,25.07,24.92,24.77,24.98,24.91,25.03,24.88,24.88,24.88,25.05
62.14,26.41,24.86,24.75,24.94,24.61,24.44,24.84,24.66,24.81,24.73,24.88,24.4,24.79,24.69,24.5,24.82,24.98,24.78,24.5,24.7,25.03,24.75,24.84,24.84,24.75,24.88,24.84,24.78,24.75,24.96,24.84,24.55,25.12,24.71,24.88,24.84,24.86,24.75,24.8,24.72,24.66,25.0,24.82,24.8,24.88,24.78,24.91,24.7,24.78,24.64,24.61,24.84,24.94,24.86,24.81,24.96,24.75,24.92,25.03,24.88,25.0,24.8,24.78,24.84,24.84,24.84,24.78,24.69,24.79,24.86,24.81,24.78,24.78,24.95,25.06,25.03,25.03,25.0,24.88,24.78,24.82,24.91,24.86,24.77,24.69,24.75,24.84,24.78,24.96,24.84,24.95,25.06,25.18,25.14,25.06,24.84,24.84,25.06,24.88,24.94,24.75,24.78,25.01,24.9,24.96,25.01,25.22,25.34,25.18,25.16,24.93,24.88,24.9,24.78,25.06,25.0,24.75,24.85,24.84,25.12,25.07,25.44,25.6,25.66,25.49,25.18,25.06,24.81,24.75,24.85,25.06,25.03,24.78,24.78,25.01,25.12,25.12,25.49,25.54,25.66,25.66,25.46,25.12,24.94,24.78,24.92,24.88,25.0,25.0,24.95,24.84,25.01,25.12,25.54,25.49,25.6,25.42,25.09,25.0,25.01,24.75,24.82,24.88,25.0,25.03,24.84,24.84,24.96,25.07,25.38,25.12,25.39,25.29,25.03,25.0,25.01,24.81,24.88,24.84,24.94,25.0,25.06,24.84,24.84,25.07,25.07,25.12,25.06,24.99,25.0,24.87,24.97,24.88,24.76,24.82,25.01,24.88,25.0,24.81,24.92,25.06,25.05,25.06,25.16,25.06,24.94,25.01,24.9,24.94,24.66,24.84,24.82,24.86,24.94,25.1,24.88,24.81,24.88,25.0,25.0,24.94,24.88,24.99,25.0,24.88,24.88,24.75,24.91,25.05,24.97,24.88,24.88,24.8,24.94,24.88,25.15,24.97,24.98,24.84,24.75,24.88,25.31,24.84,24.78,24.88,25.0,25.06,25.05,24.98,24.82,24.98,24.91,25.03,24.88,24.88,24.88,25.05
62.24,26.41,24.72,24.75,24.94,24.79,24.44,24.84,24.66,24.81,24.81,24.88,24.4,24.7,24.69,24.5,24.95,24.98,24.78,24.5,24.79,25.03,24.75,24.84,24.84,24.81,24.88,24.84,24.78,24.75,24.88,24.84,24.66,25.12,24.61,24.88,24.84,24.93,24.75,24.8,24.79,24.66,25.0,24.88,24.8,24.88,24.78,24.99,24.79,24.78,24.64,24.54,24.84,24.94,24.86,24.75,24.89,24.75,24.98,25.03,24.88,25.0,24.87,24.78,24.84,24.84,24.92,24.78,24.69,24.79,24.86,24.88,24.78,24.78,25.01,25.06,25.03,25.03,25.0,24.88,24.78,24.91,24.91,24.79,24.71,24.69,24.75,24.89,24.78,24.9,24.84,25.01,25.06,25.18,25.09,25.0,24.84,24.84,24.99,24.88,24.88,24.75,24.78,25.07,24.96,24.9,25.01,25.18,25.23,25.12,25.09,24.86,24.88,24.9,24.78,25.06,25.0,24.75,24.92,24.84,25.12,25.01,25.33,25.54,25.66,25.43,25.12,24.94,24.75,24.75,24.92,25.06,25.03,24.78,24.78,25.07,25.12,25.12,25.49,25.6,25.66,25.66,25.46,25.06,24.94,24.78,24.92,24.88,25.0,24.94,25.01,24.84,25.01,25.12,25.54,25.6,25.71,25.54,25.16,25.0,24.94,24.75,24.9,24.88,25.0,25.03,24.89,24.84,24.96,25.01,25.38,25.28,25.55,25.4,25.03,25.0,25.01,24.88,24.88,24.84,24.94,25.0,25.06,24.89,24.89,25.01,25.01,25.19,25.23,25.11,25.0,24.8,24.97,24.96,24.85,24.9,24.94,24.82,25.0,24.86,24.92,25.06,24.99,25.06,25.34,25.12,24.94,24.94,24.9,24.94,24.66,24.84,24.9,24.79,24.94,25.1,24.94,24.81,24.88,25.0,25.0,24.94,24.88,24.99,25.0,24.78,24.88,24.75,24.99,24.98,24.91,24.88,24.88,24.87,24.94,24.88,25.08,24.97,25.05,24.84,24.75,24.88,25.31,24.84,24.88,24.88,25.0,25.06,24.98,25.05,24.9,24.98,24.91,25.03,24.88,24.88,24.88,25.05
62.35,26.41,24.63,24.75,24.94,24.85,24.44,24.78,24.66,24.81,24.81,24.82,24.4,24.63,24.69,24.59,25.05,24.87,24.78,24.58,24.85,24.98,24.75,24.78,24.84,24.86,24.88,24.84,24.78,24.75,24.88,24.84,24.75,24.94,24.53,24.81,24.89,24.93,24.7,24.75,24.79,24.71,25.0,24.92,24.8,24.83,24.78,24.99,24.85,24.78,24.64,24.48,24.84,24.94,24.86,24.7,24.84,24.75,25.02,25.03,24.88,24.95,24.92,24.78,24.89,24.84,24.92,24.73,24.73,24.85,24.86,24.88,24.78,24.78,25.05,25.06,25.03,25.03,25.0,24.88,24.83,24.98,24.86,24.74,24.71,24.69,24.8,24.94,24.78,24.82,24.84,25.01,25.06,25.13,25.05,24.9,24.84,24.89,24.94,24.88,24.83,24.75,24.78,25.07,24.96,24.86,24.97,25.14,25.15,25.08,25.05,24.86,24.88,24.9,24.83,25.01,24.95,24.75,24.92,24.84,25.08,24.97,25.25,25.5,25.61,25.35,25.08,24.84,24.75,24.81,24.92,25.06,24.98,24.78,24.83,25.11,25.08,25.08,25.45,25.64,25.66,25.61,25.41,25.02,24.94,24.83,24.92,24.88,25.0,24.94,25.01,24.89,25.01,25.12,25.5,25.64,25.8,25.63,25.2,25.0,24.89,24.75,24.96,24.88,25.0,25.03,24.89,24.89,25.0,25.01,25.38,25.45,25.67,25.53,25.12,25.0,25.01,24.88,24.88,24.89,24.94,24.95,25.02,24.94,24.94,24.97,25.01,25.23,25.4,25.28,25.05,24.85,24.97,24.96,24.92,24.96,24.89,24.82,25.0,24.9,24.92,25.06,24.95,25.06,25.43,25.26,24.98,24.94,24.96,24.94,24.66,24.84,24.96,24.74,24.94,25.1,24.98,24.86,24.88,25.0,25.04,25.03,24.93,24.99,25.0,24.71,24.78,24.75,24.99,24.98,24.91,24.88,24.88,24.92,24.98,24.93,25.03,24.97,25.11,24.84,24.75,24.88,25.21,24.84,24.88,24.94,25.0,25.01,24.92,25.05,24.96,24.98,24.91,25.03,24.88,24.88,24.88,24.95
62.48,26.41,24.59,24.75,24.94,24.88,24.44,24.76,24.66,24.75,24.81,24.81,24.46,24.55,24.69,24.62,25.18,24.84,24.78,24.69,24.88,24.9,24.75,24.7,24.84,24.88,24.88,24.84,24.78,24.75,24.88,24.84,24.86,24.78,24.5,24.72,24.91,24.93,24.69,24.73,24.79,24.78,25.0,24.94,24.85,24.77,24.78,24.93,24.88,24.86,24.72,24.41,24.84,24.94,24.91,24.69,24.77,24.75,25.03,25.03,24.92,24.88,24.94,24.78,24.91,24.84,24.86,24.66,24.75,24.86,24.82,24.88,24.78,24.78,25.06,25.06,25.03,25.03,25.0,24.88,24.9,25.0,24.84,24.78,24.75,24.69,24.86,24.99,24.78,24.75,24.84,24.96,25.06,25.02,25.03,24.82,24.84,24.91,24.87,24.88,24.77,24.75,24.78,25.03,24.96,24.84,24.96,25.12,25.12,25.06,25.03,24.86,24.88,24.84,24.9,24.9,24.89,24.75,24.92,24.84,25.03,24.91,25.19,25.45,25.56,25.29,25.06,24.77,24.75,24.88,24.92,25.02,24.91,24.78,24.9,25.12,25.03,25.03,25.36,25.66,25.66,25.56,25.32,25.0,24.94,24.9,24.87,24.88,25.0,24.94,24.96,24.94,25.05,25.12,25.49,25.7,25.87,25.66,25.27,25.0,24.88,24.75,25.03,24.88,25.0,25.03,24.89,24.94,25.01,25.01,25.38,25.62,25.8,25.66,25.24,25.0,24.96,24.88,24.94,24.95,24.94,24.89,24.95,24.99,24.99,24.91,25.01,25.3,25.59,25.46,25.11,24.91,24.92,24.9,24.94,25.03,24.88,24.82,25.0,24.96,24.96,25.06,24.98,25.06,25.46,25.43,25.05,25.0,24.98,24.94,24.66,24.9,25.03,24.78,24.94,25.06,25.0,24.88,24.92,25.0,25.09,25.16,25.0,25.04,25.0,24.69,24.66,24.75,25.05,24.98,24.95,24.88,24.88,24.94,25.05,25.0,24.96,24.92,25.12,24.9,24.75,24.88,25.08,24.84,24.88,25.03,25.0,24.93,24.84,24.99,25.03,25.03,24.97,25.03,24.88,24.8,24.88,24.92
62.57,26.41,24.59,24.75,24.94,24.88,24.44,24.76,24.66,24.69,24.81,24.81,24.52,24.55,24.69,24.62,25.18,24.84,24.78,24.77,24.88,24.84,24.75,24.7,24.84,24.88,24.83,24.79,24.73,24.81,24.88,24.84,24.86,24.78,24.58,24.72,24.91,24.93,24.73,24.73,24.85,24.83,25.0,24.9,24.9,24.77,24.84,24.88,24.81,24.86,24.79,24.41,24.84,24.94,24.91,24.69,24.77,24.79,24.99,24.98,24.92,24.88,24.94,24.84,24.86,24.84,24.8,24.72,24.75,24.86,24.78,24.88,24.78,24.82,25.06,25.02,24.99,25.03,25.0,24.88,24.9,24.93,24.89,24.84,24.8,24.74,24.86,24.99,24.78,24.79,24.89,24.92,25.06,24.98,25.03,24.82,24.84,24.86,24.82,24.88,24.77,24.79,24.78,24.98,24.96,24.84,25.0,25.12,25.12,25.06,25.03,24.86,24.88,24.79,24.9,24.85,24.84,24.8,24.92,24.84,24.98,24.91,25.15,25.4,25.48,25.25,25.06,24.81,24.75,24.88,24.97,24.92,24.91,24.82,24.9,25.08,24.98,24.98,25.32,25.66,25.58,25.47,25.27,25.0,24.94,24.9,24.82,24.88,25.0,24.94,24.96,24.98,25.05,25.12,25.49,25.74,25.87,25.66,25.31,25.05,24.88,24.75,25.03,24.88,25.0,25.03,24.94,24.98,24.97,25.01,25.38,25.74,25.88,25.71,25.33,25.04,24.96,24.92,24.99,24.95,24.94,24.89,24.95,24.99,25.03,24.87,25.09,25.43,25.76,25.54,25.19,24.96,24.92,24.9,24.94,25.03,24.88,24.82,25.0,25.0,24.96,25.06,25.03,25.15,25.5,25.56,25.14,25.05,24.92,24.94,24.73,24.96,25.03,24.84,24.94,25.06,25.0,24.88,24.97,25.0,25.12,25.29,25.14,25.04,25.0,24.76,24.74,24.75,25.11,24.92,25.0,24.93,24.93,24.98,25.0,25.0,24.91,24.92,25.12,24.96,24.75,24.88,25.08,24.93,24.88,25.03,24.94,24.88,24.84,24.99,25.09,25.03,24.97,25.03,24.88,24.8,24.88,24.92
62.7,26.41,24.59,24.75,24.94,24.83,24.44,24.72,24.66,24.66,24.77,24.77,24.56,24.59,24.69,24.69,25.11,24.77,24.78,24.87,24.88,24.77,24.75,24.7,24.84,24.88,24.77,24.72,24.66,24.88,24.92,24.84,24.8,24.72,24.69,24.72,24.95,24.89,24.77,24.7,24.88,24.9,25.0,24.84,24.94,24.77,24.91,24.8,24.72,24.8,24.84,24.44,24.84,24.94,24.88,24.69,24.81,24.85,24.93,24.91,24.89,24.88,24.94,24.91,24.82,24.84,24.72,24.79,24.78,24.9,24.75,24.84,24.78,24.88,25.06,24.96,24.93,25.03,25.0,24.88,24.9,24.85,24.93,24.88,24.85,24.81,24.86,24.96,24.78,24.84,24.94,24.87,25.06,24.95,25.03,24.82,24.84,24.82,24.78,24.88,24.8,24.85,24.78,24.93,24.93,24.84,25.03,25.12,25.12,25.06,25.03,24.9,24.88,24.75,24.9,24.82,24.78,24.86,24.88,24.84,24.93,24.94,25.12,25.38,25.37,25.2,25.06,24.91,24.78,24.88,25.0,24.82,24.91,24.88,24.9,25.03,24.93,24.93,25.29,25.66,25.47,25.35,25.25,25.0,24.94,24.9,24.78,24.88,25.0,24.97,24.96,25.04,25.03,25.12,25.46,25.74,25.84,25.66,25.34,25.11,24.88,24.75,24.99,24.88,25.0,25.03,24.96,25.04,24.94,25.04,25.38,25.85,25.94,25.73,25.45,25.09,25.0,24.95,25.03,24.95,24.94,24.89,24.95,24.96,25.06,24.84,25.23,25.57,25.93,25.63,25.31,25.05,24.95,24.9,24.94,24.99,24.88,24.85,25.0,25.03,24.93,25.06,25.06,25.26,25.53,25.71,25.27,25.12,24.88,24.94,24.83,25.0,24.99,24.88,24.94,25.09,25.0,24.91,25.0,25.0,25.18,25.47,25.33,25.0,25.0,24.85,24.85,24.75,25.11,24.88,25.06,25.0,25.0,25.05,24.93,25.0,24.88,24.95,25.12,25.0,24.75,24.88,25.08,25.05,24.83,25.03,24.86,24.8,24.88,24.99,25.12,24.99,24.93,25.03,24.88,24.85,24.88,24.85
62.79,26.41,24.63,24.75,24.91,24.76,24.44,24.65,24.66,24.66,24.71,24.73,24.56,24.63,24.69,24.78,25.05,24.67,24.78,24.92,24.88,24.73,24.77,24.7,24.84,24.88,24.73,24.69,24.63,24.92,24.96,24.84,24.75,24.62,24.74,24.72,24.99,24.84,24.75,24.65,24.86,24.93,25.0,24.81,24.94,24.77,24.95,24.74,24.68,24.75,24.82,24.5,24.84,24.94,24.83,24.67,24.84,24.89,24.9,24.88,24.84,24.88,24.94,24.95,24.82,24.82,24.65,24.83,24.83,24.93,24.75,24.81,24.78,24.91,25.06,24.92,24.89,25.03,25.0,24.88,24.9,24.8,24.91,24.88,24.9,24.86,24.86,24.92,24.78,24.87,24.98,24.82,25.05,24.95,25.03,24.82,24.86,24.82,24.78,24.88,24.84,24.89,24.78,24.89,24.89,24.84,25.03,25.14,25.12,25.05,25.03,24.95,24.88,24.77,24.9,24.82,24.73,24.89,24.83,24.86,24.89,24.97,25.12,25.38,25.29,25.16,25.06,24.98,24.83,24.88,25.0,24.78,24.89,24.91,24.9,24.98,24.9,24.89,25.28,25.66,25.42,25.26,25.23,25.0,24.94,24.9,24.8,24.88,24.98,25.0,24.96,25.08,25.0,25.11,25.4,25.68,25.8,25.66,25.34,25.16,24.88,24.75,24.96,24.89,25.0,25.03,24.95,25.07,24.96,25.08,25.38,25.88,25.92,25.75,25.55,25.14,25.03,24.94,25.01,24.98,24.94,24.88,24.94,24.94,25.06,24.86,25.35,25.66,26.0,25.68,25.41,25.18,24.98,24.9,24.94,24.96,24.89,24.9,24.98,25.02,24.9,25.06,25.08,25.34,25.53,25.81,25.36,25.2,24.9,24.94,24.91,25.0,24.96,24.88,24.94,25.1,25.0,24.95,25.02,25.02,25.21,25.61,25.46,25.0,25.0,24.92,24.91,24.75,25.04,24.9,25.11,25.03,25.03,25.08,24.89,25.0,24.89,25.0,25.12,25.02,24.77,24.88,25.08,25.11,24.76,25.03,24.82,24.76,24.94,24.98,25.12,24.96,24.89,25.03,24.88,24.9,24.85,24.79
62.9,26.41,24.76,24.75,24.79,24.69,24.44,24.59,24.66,24.66,24.66,24.75,24.56,24.63,24.69,24.88,25.05,24.56,24.78,24.9,24.88,24.75,24.84,24.72,24.84,24.88,24.73,24.69,24.63,24.92,24.94,24.84,24.75,24.56,24.74,24.74,24.97,24.78,24.7,24.59,24.81,24.91,25.0,24.81,24.94,24.78,24.95,24.69,24.68,24.75,24.72,24.58,24.84,24.94,24.76,24.6,24.84,24.95,24.9,24.88,24.78,24.9,24.94,24.95,24.8,24.72,24.59,24.85,24.88,24.91,24.75,24.83,24.78,24.91,25.06,24.87,24.83,25.03,25.0,24.88,24.88,24.8,24.86,24.88,24.94,24.93,24.84,24.87,24.78,24.89,25.04,24.78,24.99,24.97,25.03,24.83,24.92,24.8,24.78,24.88,24.91,24.95,24.78,24.84,24.84,24.84,25.04,25.19,25.12,24.99,25.03,25.0,24.88,24.84,24.88,24.83,24.69,24.89,24.78,24.91,24.84,24.97,25.12,25.38,25.2,25.12,25.06,25.05,24.88,24.86,25.02,24.78,24.84,24.91,24.88,24.93,24.91,24.84,25.24,25.66,25.42,25.16,25.19,25.0,24.94,24.88,24.87,24.88,24.92,24.98,24.98,25.12,25.0,25.05,25.31,25.59,25.74,25.66,25.34,25.22,24.88,24.75,24.96,24.96,25.0,25.03,24.91,25.05,25.0,25.12,25.38,25.87,25.87,25.8,25.69,25.25,25.03,24.89,24.94,25.09,24.94,24.83,24.89,24.94,25.06,24.91,25.5,25.77,26.05,25.76,25.57,25.41,24.98,24.92,24.94,24.96,24.96,24.94,24.92,24.96,24.9,25.06,25.13,25.46,25.54,25.95,25.47,25.38,24.96,24.94,25.01,25.0,24.96,24.88,24.94,25.03,25.0,25.0,25.08,25.08,25.25,25.76,25.58,25.13,25.0,25.02,24.94,24.75,24.9,24.96,25.16,25.03,25.03,25.08,24.88,24.98,24.96,25.06,25.12,25.09,24.87,24.88,25.12,25.11,24.69,25.01,24.82,24.78,25.01,24.92,25.12,24.96,24.89,25.03,24.88,24.9,24.73,24.82
63.01,26.41,24.86,24.75,24.7,24.69,24.44,24.59,24.66,24.66,24.66,24.81,24.56,24.63,24.69,24.88,25.05,24.56,24.78,24.82,24.88,24.81,24.9,24.78,24.84,24.88,24.73,24.69,24.63,24.92,24.88,24.84,24.75,24.66,24.74,24.81,24.91,24.78,24.7,24.59,24.81,24.86,25.0,24.81,24.94,24.83,24.95,24.69,24.68,24.75,24.64,24.63,24.84,24.94,24.71,24.55,24.84,24.99,24.9,24.88,24.73,24.95,24.94,24.95,24.74,24.64,24.59,24.9,24.88,24.86,24.75,24.88,24.78,24.91,25.06,24.82,24.79,25.03,25.0,24.88,24.83,24.8,24.86,24.88,24.94,24.98,24.8,24.82,24.78,24.93,25.08,24.78,24.95,25.02,25.03,24.89,24.97,24.74,24.78,24.88,24.95,24.99,24.78,24.84,24.84,24.84,25.08,25.22,25.12,24.95,25.03,25.0,24.88,24.9,24.83,24.89,24.69,24.89,24.78,24.96,24.84,24.97,25.12,25.38,25.16,25.12,25.06,25.09,24.88,24.81,25.07,24.78,24.84,24.91,24.83,24.89,24.96,24.84,25.24,25.66,25.42,25.11,25.19,25.0,24.94,24.83,24.92,24.88,24.88,24.94,25.02,25.12,25.0,25.01,25.28,25.54,25.7,25.66,25.34,25.27,24.88,24.75,24.96,25.01,25.0,25.03,24.91,25.01,25.0,25.12,25.38,25.82,25.82,25.8,25.72,25.34,25.03,24.89,24.88,25.14,24.94,24.83,24.89,24.94,25.06,24.96,25.58,25.85,26.05,25.76,25.65,25.5,24.98,24.98,24.94,24.96,25.01,24.94,24.88,24.92,24.9,25.06,25.18,25.54,25.58,26.0,25.52,25.47,24.96,24.94,25.08,25.0,24.96,24.88,24.94,24.98,25.0,25.0,25.12,25.12,25.25,25.8,25.62,25.23,25.0,25.09,25.03,24.75,24.84,24.96,25.16,25.03,25.03,25.08,24.83,24.93,25.01,25.11,25.12,25.15,24.94,24.88,25.21,25.11,24.69,24.94,24.82,24.84,25.07,24.92,25.12,24.96,24.89,25.03,24.88,24.9,24.65,24.92
63.12,26.41,24.86,24.75,24.58,24.69,24.44,24.59,24.66,24.66,24.66,24.72,24.56,24.7,24.78,24.75,24.95,24.56,24.78,24.82,24.88,24.81,24.9,24.84,24.84,24.88,24.75,24.64,24.64,24.98,24.88,24.84,24.66,24.75,24.82,24.88,24.91,24.78,24.69,24.59,24.86,24.79,24.93,24.77,24.94,24.88,25.01,24.69,24.7,24.66,24.64,24.69,24.84,24.94,24.66,24.55,24.89,25.03,24.92,24.82,24.69,25.0,24.94,24.93,24.69,24.64,24.59,24.93,24.88,24.86,24.75,24.88,24.78,24.89,25.06,24.84,24.81,24.96,25.0,24.88,24.85,24.74,24.84,24.88,24.94,25.03,24.75,24.78,24.78,24.96,25.12,24.84,24.89,25.06,25.03,24.94,24.97,24.76,24.78,24.88,25.0,25.03,24.78,24.84,24.84,24.84,25.07,25.22,25.12,24.89,25.03,25.0,24.88,24.98,24.85,24.94,24.69,24.88,24.78,24.96,24.84,24.96,25.12,25.38,25.18,25.06,25.06,25.12,24.81,24.75,25.12,24.8,24.82,24.89,24.78,24.84,25.01,24.84,25.22,25.6,25.39,25.12,25.23,25.0,24.94,24.78,24.99,24.88,24.88,24.88,25.01,25.07,25.01,25.01,25.28,25.54,25.6,25.59,25.34,25.31,24.88,24.75,24.9,25.01,25.0,25.09,24.95,24.96,25.01,25.12,25.43,25.82,25.77,25.75,25.72,25.44,25.08,24.94,24.81,25.09,25.0,24.88,24.94,24.89,25.06,24.96,25.66,25.94,26.09,25.78,25.69,25.56,25.03,25.03,24.94,24.9,25.01,24.94,24.88,24.92,24.92,25.01,25.23,25.68,25.68,26.06,25.62,25.47,24.98,25.02,25.16,25.0,24.9,24.88,24.94,24.96,25.06,25.0,25.12,25.12,25.25,25.84,25.72,25.32,25.0,25.06,25.1,24.84,24.84,24.98,25.09,25.01,25.01,25.06,24.8,24.88,25.01,25.22,25.19,25.22,25.03,24.88,25.18,25.08,24.78,24.88,24.84,24.84,25.05,24.98,25.12,24.9,24.84,25.03,24.88,24.97,24.65,24.92
63.23,26.41,24.86,24.75,24.49,24.69,24.44,24.59,24.66,24.66,24.66,24.66,24.56,24.7,24.85,24.66,24.95,24.56,24.78,24.82,24.88,24.81,24.9,24.84,24.84,24.88,24.8,24.64,24.7,24.98,24.88,24.84,24.66,24.75,24.82,24.88,24.91,24.78,24.64,24.59,24.86,24.74,24.88,24.77,24.94,24.88,25.01,24.69,24.77,24.66,24.64,24.69,24.84,24.94,24.66,24.55,24.89,25.03,24.96,24.82,24.69,25.0,24.94,24.88,24.69,24.64,24.59,24.88,24.88,24.86,24.75,24.88,24.78,24.85,25.06,24.88,24.85,24.91,25.0,24.88,24.9,24.74,24.78,24.88,24.94,25.03,24.75,24.78,24.78,24.91,25.12,24.88,24.85,25.06,25.03,24.94,24.97,24.82,24.78,24.88,25.0,25.03,24.78,24.84,24.84,24.84,25.03,25.22,25.12,24.85,25.03,25.0,24.88,25.03,24.9,24.94,24.69,24.83,24.78,24.96,24.84,24.91,25.12,25.38,25.21,25.0,25.06,25.08,24.77,24.75,25.12,24.85,24.77,24.85,24.78,24.84,25.05,24.84,25.19,25.56,25.42,25.17,25.23,25.0,24.94,24.78,25.04,24.88,24.88,24.83,24.96,25.03,25.05,25.01,25.28,25.54,25.56,25.55,25.34,25.31,24.88,24.75,24.9,25.01,25.0,25.14,24.95,24.91,25.05,25.12,25.47,25.82,25.73,25.75,25.72,25.48,25.08,24.94,24.75,25.09,25.05,24.88,24.94,24.89,25.06,24.96,25.66,25.94,26.09,25.81,25.69,25.61,25.03,25.03,24.94,24.9,25.01,24.94,24.88,24.92,24.96,24.96,25.27,25.71,25.71,26.11,25.67,25.47,25.03,25.08,25.16,25.0,24.9,24.88,24.94,24.92,25.11,25.0,25.12,25.12,25.25,25.84,25.72,25.42,25.0,24.99,25.02,24.91,24.84,25.03,25.05,24.96,24.96,25.02,24.85,24.88,25.01,25.27,25.23,25.28,25.1,24.88,25.08,24.99,24.85,24.88,24.9,24.84,24.99,24.98,25.12,24.9,24.84,25.03,24.88,24.97,24.65,24.92
63.35,26.41,24.86,24.75,24.46,24.69,24.44,24.59,24.66,24.66,24.71,24.64,24.56,24.7,24.88,24.71,24.95,24.56,24.78,24.82,24.88,24.86,24.9,24.84,24.84,24.88,24.86,24.69,24.76,24.92,24.88,24.84,24.75,24.75,24.82,24.81,24.86,24.78,24.62,24.59,24.81,24.72,24.86,24.81,24.94,24.88,24.95,24.69,24.85,24.75,24.64,24.69,24.78,24.94,24.66,24.6,24.84,24.99,24.98,24.88,24.78,25.0,24.98,24.8,24.69,24.64,24.65,24.8,24.88,24.81,24.79,24.88,24.82,24.8,25.02,24.94,24.9,24.89,25.0,24.88,24.92,24.8,24.76,24.88,24.94,24.98,24.75,24.78,24.78,24.86,25.08,24.89,24.84,25.06,25.03,24.94,24.97,24.84,24.83,24.88,25.0,24.99,24.78,24.84,24.84,24.84,24.97,25.22,25.08,24.84,25.03,25.0,24.88,25.05,24.92,24.94,24.73,24.81,24.78,24.96,24.8,24.86,25.12,25.38,25.22,24.99,25.06,25.02,24.75,24.75,25.07,24.92,24.76,24.84,24.83,24.89,25.07,24.89,25.14,25.5,25.48,25.19,25.19,25.0,24.94,24.78,25.11,24.88,24.83,24.77,24.95,25.01,25.11,24.97,25.28,25.54,25.5,25.48,25.3,25.27,24.88,24.75,24.96,25.06,25.0,25.11,24.95,24.86,25.11,25.16,25.49,25.78,25.67,25.75,25.72,25.5,25.03,24.94,24.73,25.14,25.06,24.88,24.94,24.89,25.06,25.04,25.7,25.94,26.0,25.86,25.73,25.67,25.03,24.98,24.94,24.96,25.06,24.94,24.88,24.92,25.02,24.95,25.37,25.76,25.81,26.12,25.69,25.52,25.11,25.1,25.08,24.94,24.96,24.88,24.94,24.88,25.12,25.0,25.12,25.17,25.3,25.84,25.72,25.56,25.0,24.97,24.99,25.01,24.78,25.05,24.98,24.94,24.94,24.95,24.92,24.88,25.06,25.33,25.35,25.3,25.12,24.88,24.95,24.87,24.95,24.88,24.98,24.89,24.98,24.98,25.12,24.9,24.84,25.03,24.88,24.97,24.65,24.92
63.44,26.41,24.79,24.75,24.52,24.69,24.44,24.59,24.66,24.66,24.77,24.61,24.56,24.74,24.88,24.79,24.88,24.56,24.78,24.87,24.88,24.88,24.86,24.84,24.84,24.88,24.88,24.71,24.78,24.9,24.92,24.84,24.78,24.75,24.87,24.74,24.84,24.78,24.66,24.59,24.79,24.76,24.86,24.82,24.94,24.88,24.93,24.69,24.88,24.78,24.69,24.69,24.72,24.94,24.66,24.68,24.82,24.95,24.95,24.89,24.88,25.0,25.02,24.78,24.69,24.69,24.72,24.78,24.88,24.79,24.83,24.84,24.87,24.78,24.98,24.98,24.95,24.89,25.0,24.88,24.92,24.82,24.8,24.88,24.94,24.93,24.75,24.78,24.78,24.84,25.04,24.89,24.87,25.06,25.03,24.94,24.94,24.84,24.88,24.88,25.0,24.95,24.78,24.84,24.84,24.84,24.93,25.2,25.04,24.87,25.03,25.0,24.88,25.01,24.92,24.94,24.78,24.84,24.78,24.93,24.76,24.84,25.12,25.38,25.22,24.99,25.06,25.0,24.75,24.75,25.02,24.94,24.79,24.87,24.88,24.93,25.04,24.93,25.12,25.46,25.46,25.19,25.18,25.0,24.94,24.78,25.12,24.88,24.81,24.75,24.95,25.01,25.12,24.96,25.3,25.57,25.46,25.44,25.25,25.22,24.88,24.75,24.98,25.08,25.0,25.07,24.98,24.84,25.12,25.2,25.49,25.77,25.66,25.72,25.7,25.47,25.01,24.97,24.77,25.12,25.06,24.91,24.97,24.87,25.06,25.09,25.74,25.94,25.94,25.88,25.75,25.66,25.06,24.92,24.94,24.98,25.08,24.94,24.91,24.95,25.03,24.95,25.43,25.8,25.89,26.09,25.69,25.5,25.12,25.1,25.01,24.88,24.98,24.88,24.94,24.9,25.12,25.0,25.09,25.19,25.34,25.84,25.75,25.56,25.0,24.97,25.04,25.08,24.76,25.01,24.94,24.98,24.98,24.94,24.94,24.88,25.08,25.38,25.45,25.26,25.08,24.88,24.85,24.84,25.02,24.88,25.0,24.91,24.98,25.01,25.12,24.86,24.8,25.03,24.88,25.02,24.71,24.85
63.57,26.41,24.66,24.69,24.64,24.69,24.48,24.59,24.62,24.66,24.81,24.57,24.61,24.79,24.88,24.85,24.75,24.63,24.78,24.92,24.88,24.84,24.79,24.84,24.84,24.84,24.88,24.74,24.78,24.9,24.96,24.8,24.72,24.81,24.98,24.66,24.84,24.75,24.72,24.63,24.79,24.79,24.83,24.82,24.94,24.88,24.93,24.69,24.88,24.78,24.83,24.69,24.68,24.94,24.69,24.81,24.86,24.89,24.89,24.89,24.97,25.02,25.05,24.78,24.69,24.79,24.8,24.78,24.88,24.79,24.86,24.81,24.89,24.81,24.92,25.03,25.0,24.89,25.0,24.88,24.88,24.78,24.84,24.88,24.94,24.86,24.75,24.78,24.82,24.84,24.95,24.89,24.89,25.06,25.03,24.94,24.88,24.88,24.95,24.88,25.0,24.89,24.78,24.82,24.84,24.84,24.87,25.15,24.98,24.92,25.03,25.0,24.88,24.94,24.92,24.94,24.84,24.91,24.78,24.87,24.73,24.84,25.12,25.38,25.22,24.99,25.06,25.0,24.75,24.75,24.95,24.9,24.86,24.89,24.95,24.96,24.96,24.96,25.15,25.43,25.4,25.19,25.18,25.0,24.94,24.82,25.12,24.88,24.81,24.75,24.95,25.01,25.1,24.96,25.35,25.6,25.4,25.35,25.19,25.16,24.88,24.79,24.98,25.05,25.0,25.02,25.03,24.87,25.1,25.22,25.52,25.77,25.66,25.66,25.65,25.38,25.01,25.0,24.81,25.06,25.06,24.94,25.0,24.81,25.06,25.14,25.8,25.94,25.91,25.88,25.75,25.59,25.12,24.84,24.94,24.94,25.08,24.94,24.97,24.98,25.0,24.95,25.48,25.85,26.01,26.01,25.69,25.41,25.12,25.14,24.96,24.8,24.94,24.91,24.94,24.97,25.12,25.0,25.03,25.19,25.44,25.84,25.84,25.5,24.96,24.92,25.1,25.12,24.8,24.98,24.88,25.01,25.01,24.97,24.97,24.88,25.11,25.44,25.54,25.22,25.03,24.88,24.72,24.84,25.11,24.92,25.0,24.88,24.94,25.05,25.12,24.82,24.76,25.03,24.92,25.11,24.88,24.79
63.66,26.41,24.59,24.59,24.73,24.69,24.55,24.59,24.55,24.66,24.81,24.61,24.67,24.77,24.85,24.88,24.69,24.73,24.78,24.9,24.88,24.81,24.75,24.84,24.84,24.8,24.88,24.8,24.78,24.88,24.94,24.73,24.66,24.91,25.03,24.59,24.82,24.7,24.77,24.68,24.78,24.79,24.79,24.84,24.94,24.88,24.91,24.69,24.88,24.8,24.95,24.69,24.68,24.94,24.74,24.89,24.89,24.85,24.85,24.91,25.02,25.06,25.05,24.78,24.69,24.84,24.86,24.78,24.88,24.78,24.86,24.83,24.89,24.85,24.88,25.06,25.03,24.91,25.0,24.88,24.81,24.74,24.84,24.88,24.94,24.81,24.75,24.78,24.87,24.84,24.86,24.88,24.89,25.06,25.03,24.94,24.84,24.91,25.0,24.88,25.0,24.85,24.78,24.77,24.84,24.84,24.84,25.12,24.94,24.96,25.03,25.0,24.88,24.88,24.9,24.94,24.89,24.95,24.78,24.84,24.73,24.84,25.12,25.38,25.21,25.0,25.06,25.0,24.77,24.75,24.9,24.85,24.91,24.89,25.0,24.96,24.87,24.96,25.19,25.45,25.38,25.17,25.16,25.0,24.94,24.87,25.12,24.88,24.8,24.75,24.96,25.03,25.05,24.94,25.38,25.59,25.38,25.27,25.14,25.11,24.88,24.84,24.99,25.01,25.0,24.96,25.06,24.91,25.05,25.22,25.54,25.75,25.66,25.62,25.62,25.3,25.0,24.98,24.81,25.05,25.05,24.92,24.98,24.78,25.06,25.19,25.84,25.94,25.9,25.88,25.77,25.56,25.16,24.79,24.94,24.9,25.1,24.94,25.0,24.96,24.96,24.96,25.53,25.88,26.08,25.92,25.67,25.34,25.12,25.18,24.96,24.74,24.9,24.96,24.94,25.0,25.11,25.0,25.0,25.2,25.53,25.84,25.92,25.47,24.9,24.88,25.1,25.1,24.84,24.98,24.84,25.01,25.01,25.02,25.02,24.88,25.18,25.47,25.58,25.22,25.03,24.88,24.66,24.84,25.16,24.98,25.0,24.84,24.9,25.03,25.12,24.84,24.78,25.03,24.98,25.16,25.02,24.82
63.8,26.41,24.63,24.5,24.85,24.69,24.63,24.59,24.49,24.66,24.81,24.75,24.74,24.68,24.76,25.01,24.72,24.84,24.78,24.79,24.88,24.81,24.75,24.84,24.84,24.75,24.88,24.92,24.76,24.81,24.86,24.67,24.69,25.0,25.0,24.52,24.76,24.64,24.81,24.73,24.71,24.81,24.81,24.88,24.94,24.86,24.86,24.71,24.88,24.89,25.01,24.71,24.68,24.94,24.79,24.94,24.88,24.81,24.81,24.98,25.06,25.1,25.05,24.78,24.71,24.84,24.92,24.76,24.88,24.72,24.88,24.88,24.89,24.89,24.84,25.06,25.03,24.98,25.0,24.88,24.7,24.76,24.84,24.86,24.92,24.74,24.75,24.78,24.92,24.84,24.75,24.84,24.89,25.06,25.03,24.94,24.84,24.91,25.07,24.88,24.98,24.79,24.78,24.75,24.84,24.84,24.84,25.12,24.9,25.02,25.03,24.98,24.88,24.81,24.85,24.95,24.94,25.0,24.78,24.84,24.75,24.86,25.11,25.38,25.16,25.07,25.06,24.98,24.83,24.75,24.83,24.8,24.98,24.89,25.07,24.97,24.79,24.97,25.24,25.49,25.38,25.11,25.12,25.0,24.94,24.92,25.11,24.88,24.75,24.75,25.01,25.07,25.0,24.9,25.38,25.54,25.38,25.22,25.09,25.05,24.89,24.92,25.07,25.01,25.0,24.85,25.06,24.97,25.0,25.21,25.53,25.7,25.67,25.62,25.61,25.18,24.93,24.94,24.82,25.09,24.97,24.88,24.94,24.78,25.06,25.28,25.9,25.94,25.86,25.88,25.83,25.55,25.14,24.73,24.94,24.92,25.17,24.94,24.98,24.92,24.92,25.02,25.58,25.86,26.12,25.82,25.61,25.34,25.11,25.16,24.96,24.68,24.92,25.03,24.94,25.0,25.05,25.02,25.0,25.25,25.62,25.83,25.97,25.47,24.84,24.9,25.1,25.01,24.84,24.98,24.84,25.01,25.01,25.08,25.06,24.89,25.31,25.47,25.58,25.21,25.01,24.9,24.66,24.84,25.13,25.05,25.02,24.86,24.9,24.98,25.12,24.92,24.88,25.03,25.05,25.13,25.07,24.95
63.88,26.41,24.72,24.5,24.94,24.69,24.7,24.59,24.49,24.66,24.81,24.81,24.74,24.61,24.69,25.1,24.82,24.84,24.78,24.71,24.88,24.81,24.75,24.84,24.84,24.75,24.88,24.97,24.71,24.75,24.81,24.67,24.78,25.0,24.92,24.52,24.76,24.64,24.81,24.73,24.66,24.86,24.86,24.88,24.94,24.81,24.86,24.76,24.88,24.89,25.01,24.76,24.68,24.94,24.79,24.94,24.82,24.81,24.81,25.03,25.06,25.1,25.05,24.78,24.76,24.84,24.92,24.71,24.88,24.72,24.92,24.88,24.89,24.89,24.84,25.06,25.03,25.03,25.0,24.88,24.7,24.82,24.84,24.8,24.88,24.69,24.75,24.78,24.92,24.84,24.71,24.84,24.89,25.06,25.03,24.94,24.84,24.91,25.12,24.88,24.94,24.75,24.78,24.79,24.84,24.84,24.84,25.12,24.9,25.06,25.03,24.93,24.88,24.75,24.85,25.0,24.94,25.0,24.78,24.84,24.79,24.9,25.07,25.38,25.12,25.12,25.06,24.94,24.88,24.75,24.78,24.8,25.03,24.89,25.12,25.01,24.79,25.01,25.28,25.49,25.38,25.06,25.12,25.0,24.94,24.92,25.06,24.88,24.75,24.75,25.01,25.07,24.96,24.9,25.38,25.54,25.38,25.18,25.09,25.0,24.94,24.98,25.12,25.01,25.0,24.81,25.06,25.01,24.96,25.17,25.49,25.66,25.71,25.62,25.56,25.1,24.88,24.94,24.88,25.09,24.87,24.88,24.94,24.78,25.06,25.32,25.94,25.94,25.86,25.88,25.88,25.5,25.09,24.73,24.94,24.98,25.22,24.94,24.94,24.92,24.92,25.06,25.62,25.82,26.12,25.78,25.56,25.34,25.05,25.1,24.96,24.68,24.98,25.08,24.94,25.0,25.0,25.06,25.0,25.25,25.62,25.79,25.97,25.47,24.84,24.97,25.1,24.94,24.84,24.98,24.84,25.01,25.01,25.12,25.06,24.94,25.41,25.47,25.58,25.15,24.94,24.99,24.66,24.84,25.06,25.05,25.08,24.91,24.9,24.98,25.12,24.98,24.99,25.03,25.05,25.06,24.99,25.05
64.01,26.41,24.86,24.5,24.94,24.69,24.79,24.59,24.49,24.66,24.73,24.81,24.74,24.52,24.69,24.99,24.95,24.84,24.78,24.61,24.88,24.73,24.75,24.84,24.84,24.75,24.88,24.97,24.64,24.75,24.73,24.67,24.78,25.0,24.82,24.61,24.84,24.64,24.75,24.73,24.66,24.86,24.86,24.82,24.94,24.75,24.93,24.84,24.88,24.78,25.01,24.84,24.76,24.94,24.79,24.88,24.82,24.86,24.86,25.03,24.94,25.1,24.99,24.78,24.84,24.84,24.84,24.64,24.88,24.79,24.92,24.88,24.84,24.89,24.89,25.06,25.03,25.03,25.0,24.88,24.77,24.82,24.76,24.72,24.82,24.69,24.75,24.78,24.92,24.84,24.71,24.89,24.84,25.06,25.03,24.94,24.84,24.99,25.12,24.88,24.88,24.75,24.78,24.84,24.84,24.84,24.84,25.12,24.96,25.06,25.03,24.86,24.88,24.75,24.92,25.06,24.88,24.94,24.78,24.84,24.9,24.96,25.01,25.38,25.12,25.12,25.06,24.88,24.88,24.75,24.78,24.8,25.03,24.84,25.12,25.01,24.84,25.01,25.32,25.49,25.38,25.06,25.18,25.0,24.94,24.92,24.99,24.88,24.81,24.75,24.95,25.01,24.9,24.96,25.38,25.54,25.38,25.12,25.16,25.0,25.01,25.05,25.12,24.94,25.0,24.86,25.06,25.07,24.9,25.06,25.49,25.66,25.77,25.62,25.5,25.05,24.88,24.94,24.88,25.03,24.8,24.88,24.94,24.78,25.06,25.28,25.94,25.94,25.98,25.88,25.88,25.44,25.03,24.81,24.94,24.98,25.22,24.94,24.88,24.92,24.92,25.06,25.62,25.78,26.06,25.78,25.56,25.28,24.98,25.1,25.06,24.76,24.98,25.15,24.94,25.0,25.0,25.12,25.0,25.19,25.56,25.73,25.97,25.47,24.84,24.97,24.99,24.84,24.92,25.05,24.84,24.94,24.94,25.19,25.06,25.01,25.47,25.47,25.51,25.15,24.94,25.1,24.66,24.84,24.97,25.05,25.15,24.91,24.82,24.98,25.12,25.05,25.14,25.03,25.05,24.97,24.88,25.18
64.1,26.41,24.95,24.5,24.94,24.62,24.79,24.65,24.49,24.66,24.68,24.81,24.8,24.52,24.69,24.9,24.95,24.94,24.78,24.53,24.81,24.61,24.75,24.84,24.84,24.7,24.88,24.97,24.64,24.75,24.73,24.6,24.78,25.0,24.82,24.68,24.84,24.64,24.7,24.78,24.71,24.86,24.81,24.78,24.94,24.75,24.99,24.89,24.88,24.69,25.01,24.89,24.87,24.94,24.79,24.83,24.82,24.9,24.86,25.03,24.84,25.1,24.95,24.78,24.84,24.84,24.78,24.64,24.88,24.85,24.88,24.88,24.8,24.94,24.94,25.06,24.99,24.98,25.0,24.88,24.82,24.76,24.71,24.72,24.82,24.74,24.8,24.78,24.92,24.84,24.75,24.94,24.84,25.02,25.03,24.94,24.84,25.04,25.07,24.88,24.83,24.75,24.82,24.89,24.84,24.84,24.84,25.12,25.0,25.06,24.99,24.81,24.88,24.75,24.97,25.06,24.83,24.89,24.78,24.84,24.94,25.0,25.01,25.34,25.12,25.16,25.1,24.88,24.83,24.75,24.83,24.8,25.03,24.8,25.07,24.97,24.84,25.01,25.36,25.49,25.34,25.02,25.18,25.0,24.94,24.97,24.99,24.88,24.86,24.8,24.91,24.97,24.82,24.96,25.38,25.54,25.38,25.08,25.16,25.0,25.01,25.11,25.07,24.89,25.0,24.9,25.06,25.11,24.9,25.02,25.49,25.7,25.77,25.62,25.41,24.96,24.88,24.94,24.88,25.03,24.8,24.83,24.94,24.82,25.06,25.24,25.9,25.94,26.02,25.88,25.88,25.39,24.98,24.81,24.94,24.98,25.17,24.94,24.83,24.92,24.92,25.1,25.62,25.78,26.02,25.78,25.56,25.23,25.02,25.1,25.06,24.82,24.98,25.2,24.94,25.0,25.0,25.12,25.0,25.22,25.61,25.69,25.92,25.47,24.89,24.9,24.9,24.77,24.98,25.05,24.89,24.94,24.89,25.19,25.06,25.06,25.56,25.47,25.51,25.15,25.01,25.1,24.75,24.84,24.9,25.05,25.21,24.91,24.82,24.92,25.12,25.11,25.19,25.08,25.05,24.9,24.88,25.18
64.22,26.41,25.09,24.59,24.94,24.53,24.72,24.74,24.55,24.66,24.66,24.75,24.82,24.59,24.69,24.88,24.95,24.98,24.78,24.5,24.72,24.51,24.75,24.84,24.84,24.69,24.88,24.92,24.64,24.75,24.79,24.58,24.86,24.91,24.82,24.77,24.84,24.7,24.64,24.8,24.78,24.91,24.79,24.73,24.94,24.75,25.06,24.97,24.88,24.58,24.95,24.97,24.95,24.94,24.74,24.77,24.77,24.96,24.86,25.03,24.77,25.06,24.94,24.78,24.84,24.84,24.7,24.64,24.88,24.91,24.86,24.83,24.78,24.95,24.99,25.06,24.93,24.91,25.0,24.88,24.95,24.74,24.69,24.72,24.82,24.81,24.86,24.78,24.87,24.84,24.86,24.99,24.88,24.95,25.03,24.94,24.84,25.06,25.0,24.88,24.77,24.75,24.88,24.98,24.84,24.84,24.84,25.12,25.05,25.06,24.93,24.74,24.88,24.75,25.04,25.06,24.77,24.83,24.78,24.84,24.96,25.05,25.01,25.29,25.12,25.21,25.16,24.88,24.77,24.75,24.9,24.85,25.03,24.78,25.0,24.96,24.89,25.05,25.38,25.45,25.29,24.96,25.18,25.0,24.94,24.99,24.99,24.88,24.92,24.86,24.85,24.91,24.75,24.96,25.38,25.59,25.38,25.06,25.16,25.0,25.01,25.12,24.99,24.88,25.0,24.96,25.06,25.12,24.94,25.01,25.45,25.75,25.77,25.62,25.29,24.88,24.88,24.98,24.94,25.03,24.8,24.81,24.98,24.88,25.06,25.19,25.84,25.94,26.04,25.88,25.88,25.33,24.92,24.81,24.94,25.03,25.1,24.94,24.77,24.96,24.96,25.16,25.62,25.78,25.95,25.81,25.56,25.22,25.08,25.04,24.98,24.9,25.03,25.22,24.94,25.0,25.0,25.12,25.0,25.28,25.62,25.63,25.81,25.47,25.03,24.88,24.88,24.75,25.0,24.99,24.95,25.0,24.88,25.14,25.02,25.13,25.64,25.47,25.56,25.09,25.03,25.1,24.89,24.84,24.8,24.98,25.28,24.97,24.88,24.9,25.12,25.12,25.21,25.15,24.98,24.8,24.79,25.08
64.32,26.41,25.12,24.69,24.94,24.51,24.66,24.76,24.62,24.69,24.66,24.69,24.82,24.66,24.73,24.88,24.95,24.91,24.78,24.55,24.7,24.49,24.75,24.88,24.84,24.72,24.84,24.88,24.64,24.75,24.84,24.58,24.94,24.81,24.82,24.88,24.88,24.75,24.59,24.8,24.83,24.93,24.83,24.68,24.94,24.75,25.12,24.99,24.83,24.49,24.88,25.02,24.97,24.9,24.69,24.72,24.72,25.0,24.89,25.0,24.75,25.02,24.94,24.78,24.84,24.84,24.63,24.64,24.88,24.97,24.86,24.78,24.81,24.95,25.03,25.03,24.92,24.89,25.0,24.91,25.05,24.78,24.69,24.72,24.82,24.86,24.88,24.81,24.82,24.84,24.92,25.03,24.89,24.94,25.03,24.94,24.88,25.02,24.95,24.84,24.72,24.78,24.89,25.07,24.84,24.84,24.84,25.12,25.1,25.09,24.92,24.72,24.84,24.75,25.09,25.06,24.72,24.78,24.78,24.84,24.96,25.07,25.01,25.28,25.12,25.22,25.18,24.84,24.72,24.72,24.92,24.9,25.03,24.81,24.95,24.96,24.93,25.07,25.38,25.43,25.28,24.95,25.2,25.0,24.94,24.95,24.95,24.91,24.97,24.88,24.81,24.87,24.76,24.98,25.38,25.6,25.35,25.06,25.19,25.0,25.01,25.05,24.98,24.88,25.0,25.0,25.06,25.1,24.96,25.01,25.43,25.77,25.77,25.62,25.23,24.89,24.91,25.03,24.96,25.0,24.8,24.84,25.03,24.89,25.03,25.18,25.82,25.96,26.04,25.85,25.88,25.28,24.91,24.84,24.98,25.09,25.05,24.94,24.75,25.0,25.0,25.18,25.66,25.78,25.94,25.85,25.56,25.18,25.06,24.98,24.96,25.0,25.09,25.18,24.94,25.0,25.03,25.16,25.0,25.29,25.59,25.62,25.75,25.43,25.11,24.92,24.88,24.8,25.0,24.98,24.97,25.01,24.91,25.12,25.0,25.18,25.66,25.47,25.61,25.04,25.03,25.1,24.92,24.84,24.73,24.92,25.3,24.99,24.9,24.94,25.12,25.12,25.21,25.17,24.92,24.78,24.76,24.98
64.43,26.41,25.05,24.75,24.94,24.51,24.57,24.76,24.66,24.77,24.66,24.66,24.87,24.74,24.83,24.88,24.88,24.84,24.78,24.66,24.7,24.49,24.75,24.94,24.84,24.75,24.78,24.84,24.68,24.75,24.92,24.54,25.0,24.75,24.87,25.01,24.91,24.78,24.56,24.83,24.9,24.9,24.86,24.66,24.94,24.78,25.16,24.95,24.74,24.44,24.84,25.06,24.97,24.83,24.66,24.69,24.69,25.03,24.92,24.93,24.78,25.0,24.94,24.78,24.8,24.84,24.59,24.68,24.88,25.0,24.83,24.75,24.87,24.98,25.06,24.98,24.92,24.89,25.0,24.98,25.12,24.82,24.69,24.76,24.85,24.93,24.88,24.87,24.78,24.84,24.96,25.06,24.89,24.94,25.03,24.94,24.94,24.95,24.88,24.78,24.69,24.83,24.89,25.12,24.84,24.84,24.84,25.12,25.12,25.15,24.92,24.76,24.78,24.75,25.12,25.03,24.69,24.75,24.78,24.84,24.93,25.04,25.04,25.28,25.12,25.22,25.18,24.81,24.66,24.65,24.92,24.94,25.03,24.87,24.88,24.93,24.93,25.04,25.38,25.46,25.28,24.95,25.23,25.0,24.94,24.92,24.92,24.98,25.0,24.88,24.78,24.84,24.82,25.01,25.38,25.57,25.3,25.06,25.22,25.0,24.98,24.91,24.98,24.88,25.0,25.03,25.06,25.04,24.96,25.04,25.46,25.77,25.74,25.62,25.2,24.94,24.98,25.06,24.92,24.97,24.83,24.88,25.06,24.89,24.98,25.2,25.82,26.01,26.01,25.8,25.88,25.25,24.94,24.88,25.06,25.12,24.98,24.94,24.78,25.03,25.03,25.18,25.72,25.8,25.97,25.88,25.56,25.12,25.02,24.94,24.96,25.11,25.12,25.12,24.94,25.0,25.09,25.19,25.0,25.32,25.59,25.65,25.72,25.37,25.15,24.97,24.88,24.89,25.0,24.98,24.97,25.01,24.98,25.12,25.03,25.22,25.66,25.47,25.68,25.0,25.08,25.04,24.92,24.84,24.69,24.88,25.26,24.95,24.9,24.98,25.12,25.12,25.18,25.17,24.88,24.83,24.88,24.85
64.54,26.41,24.95,24.75,24.94,24.51,24.5,24.76,24.66,24.81,24.66,24.66,24.91,24.81,24.9,24.88,24.82,24.84,24.78,24.74,24.7,24.49,24.75,24.97,24.84,24.75,24.75,24.83,24.71,24.75,24.98,24.49,25.0,24.75,24.92,25.05,24.89,24.78,24.56,24.89,24.95,24.86,24.86,24.66,24.94,24.83,25.16,24.91,24.7,24.44,24.84,25.06,24.97,24.8,24.66,24.69,24.69,25.03,24.92,24.89,24.81,25.0,24.94,24.8,24.74,24.84,24.61,24.73,24.88,25.0,24.79,24.75,24.89,25.01,25.06,24.95,24.92,24.88,25.0,25.01,25.12,24.82,24.71,24.82,24.9,24.98,24.89,24.89,24.78,24.84,24.97,25.05,24.91,24.94,25.03,24.94,24.98,24.89,24.83,24.75,24.7,24.88,24.89,25.11,24.84,24.84,24.86,25.12,25.14,25.18,24.92,24.79,24.75,24.75,25.12,24.97,24.69,24.75,24.8,24.86,24.89,25.0,25.08,25.28,25.14,25.22,25.18,24.83,24.61,24.61,24.94,24.95,25.03,24.89,24.83,24.89,24.9,25.01,25.36,25.49,25.28,24.95,25.23,25.0,24.94,24.92,24.92,25.03,25.0,24.89,24.78,24.84,24.84,25.01,25.38,25.53,25.28,25.06,25.2,25.0,24.93,24.82,24.98,24.88,25.0,25.03,25.05,25.0,24.96,25.07,25.5,25.78,25.7,25.62,25.2,24.96,25.03,25.05,24.88,24.97,24.89,24.88,25.06,24.89,24.95,25.22,25.81,26.04,25.98,25.78,25.86,25.25,24.98,24.88,25.1,25.12,24.91,24.95,24.83,25.05,25.03,25.18,25.75,25.84,26.0,25.88,25.56,25.08,25.04,24.94,24.96,25.15,25.11,25.06,24.94,25.0,25.14,25.17,25.0,25.35,25.66,25.69,25.73,25.31,25.15,24.97,24.88,24.96,25.02,24.98,24.97,25.01,25.01,25.12,25.08,25.22,25.66,25.47,25.73,25.0,25.12,24.96,24.92,24.84,24.71,24.88,25.21,24.91,24.9,24.98,25.12,25.14,25.12,25.17,24.88,24.9,25.02,24.79
64.65,26.41,24.82,24.75,24.94,24.53,24.44,24.74,24.66,24.81,24.66,24.66,24.89,24.88,24.99,24.88,24.85,24.8,24.78,24.85,24.72,24.51,24.75,24.97,24.84,24.77,24.75,24.76,24.7,24.75,25.03,24.52,25.0,24.75,24.9,25.05,24.84,24.78,24.56,24.94,25.0,24.86,24.88,24.66,24.94,24.88,25.16,24.91,24.7,24.44,24.84,25.06,24.95,24.8,24.66,24.69,24.69,25.03,24.93,24.89,24.81,25.0,24.94,24.88,24.69,24.84,24.7,24.78,24.88,25.0,24.75,24.75,24.89,24.99,25.06,24.95,24.93,24.82,25.0,25.01,25.12,24.85,24.78,24.88,24.94,25.03,24.94,24.89,24.78,24.84,25.01,24.99,24.95,24.95,25.03,24.94,25.05,24.82,24.78,24.75,24.77,24.93,24.88,25.05,24.84,24.84,24.91,25.12,25.19,25.18,24.93,24.79,24.75,24.75,25.12,24.85,24.69,24.75,24.87,24.91,24.84,24.94,25.12,25.29,25.19,25.21,25.16,24.88,24.56,24.61,24.99,25.02,25.03,24.89,24.78,24.84,24.91,25.01,25.31,25.49,25.29,24.96,25.25,25.0,24.94,24.9,24.9,25.1,25.0,24.94,24.78,24.84,24.86,25.03,25.38,25.47,25.28,25.06,25.16,25.0,24.88,24.74,24.99,24.88,25.0,25.03,24.99,24.94,24.94,25.05,25.56,25.82,25.66,25.62,25.21,24.98,25.1,24.98,24.88,24.95,24.94,24.89,25.06,24.88,24.95,25.22,25.77,26.04,25.94,25.78,25.8,25.25,25.05,24.9,25.1,25.12,24.8,25.02,24.89,25.11,25.03,25.16,25.75,25.88,26.0,25.88,25.56,25.08,25.08,24.94,24.98,25.15,25.03,25.0,24.94,25.0,25.2,25.12,25.0,25.32,25.75,25.75,25.81,25.25,25.13,24.99,24.88,25.05,25.09,24.99,24.95,25.0,25.01,25.14,25.14,25.22,25.64,25.47,25.78,25.0,25.1,24.88,24.89,24.84,24.8,24.88,25.13,24.91,24.88,24.99,25.12,25.2,25.06,25.15,24.88,24.99,25.1,24.82
64.76,26.41,24.72,24.75,24.94,24.6,24.44,24.68,24.66,24.81,24.66,24.66,24.82,24.88,25.06,24.88,24.95,24.7,24.78,24.92,24.79,24.58,24.75,24.97,24.84,24.81,24.75,24.71,24.64,24.75,25.03,24.58,25.0,24.75,24.82,25.05,24.84,24.78,24.56,24.94,25.0,24.86,24.93,24.66,24.94,24.88,25.16,24.91,24.7,24.44,24.84,25.06,24.91,24.8,24.66,24.69,24.69,25.03,24.98,24.89,24.81,25.0,24.94,24.93,24.69,24.84,24.76,24.78,24.88,25.0,24.75,24.75,24.89,24.95,25.06,24.95,24.98,24.82,25.0,25.01,25.12,24.91,24.84,24.88,24.94,25.03,24.94,24.89,24.78,24.84,25.01,24.95,24.95,25.0,25.03,24.94,25.09,24.76,24.78,24.75,24.81,24.98,24.84,25.01,24.84,24.84,24.96,25.12,25.22,25.18,24.98,24.79,24.75,24.75,25.12,24.8,24.69,24.75,24.92,24.96,24.84,24.9,25.12,25.32,25.22,25.18,25.12,24.88,24.56,24.61,24.99,25.06,25.03,24.89,24.78,24.84,24.96,25.01,25.28,25.49,25.32,25.01,25.29,25.0,24.94,24.85,24.85,25.15,25.0,24.94,24.78,24.84,24.9,25.07,25.38,25.43,25.28,25.06,25.16,25.0,24.88,24.69,25.05,24.88,25.0,25.03,24.95,24.9,24.9,25.01,25.6,25.82,25.66,25.62,25.26,25.03,25.15,24.94,24.88,24.91,24.94,24.94,25.06,24.84,24.95,25.22,25.77,26.04,25.94,25.78,25.75,25.25,25.09,24.96,25.1,25.12,24.75,25.06,24.94,25.16,25.03,25.12,25.75,25.88,26.0,25.88,25.56,25.08,25.04,24.94,25.06,25.15,24.98,24.94,24.94,25.0,25.25,25.12,25.0,25.24,25.75,25.79,25.91,25.19,25.08,25.06,24.88,25.12,25.15,25.05,24.91,24.94,25.01,25.19,25.19,25.22,25.59,25.47,25.78,25.0,25.03,24.88,24.79,24.84,24.88,24.88,25.08,24.91,24.82,25.05,25.12,25.25,25.06,25.1,24.88,25.06,25.1,24.92
64.88,26.41,24.72,24.75,24.82,24.69,24.44,24.59,24.66,24.81,24.66,24.66,24.74,24.88,25.06,24.75,24.95,24.7,24.78,24.92,24.79,24.66,24.75,24.97,24.84,24.81,24.75,24.77,24.64,24.75,24.96,24.58,25.0,24.88,24.82,24.96,24.84,24.78,24.62,24.94,24.93,24.79,25.0,24.71,24.94,24.81,25.08,24.84,24.7,24.55,24.84,24.99,24.76,24.8,24.72,24.75,24.69,24.98,25.03,24.89,24.88,25.0,24.94,24.93,24.69,24.84,24.84,24.78,24.88,24.93,24.81,24.81,24.89,24.89,25.01,24.89,25.03,24.89,25.0,25.01,25.06,24.91,24.84,24.88,24.94,24.96,24.88,24.89,24.78,24.84,24.96,24.89,24.95,25.06,25.03,24.94,25.09,24.69,24.85,24.75,24.88,24.91,24.78,24.96,24.84,24.9,24.96,25.07,25.22,25.18,25.03,24.86,24.69,24.75,25.06,24.8,24.75,24.75,24.92,24.96,24.84,24.9,25.12,25.38,25.22,25.12,25.06,24.88,24.62,24.61,24.99,25.06,25.03,24.89,24.78,24.84,24.96,25.01,25.28,25.49,25.32,25.06,25.34,25.0,24.94,24.78,24.78,25.15,25.06,24.94,24.78,24.84,24.96,25.12,25.38,25.43,25.28,25.06,25.16,25.06,24.88,24.54,25.12,24.88,25.0,25.03,24.95,24.9,24.84,24.96,25.66,25.77,25.66,25.62,25.26,25.1,25.15,24.94,24.88,24.84,24.94,25.0,25.06,24.84,24.95,25.22,25.77,26.04,25.94,25.78,25.69,25.25,25.09,24.96,25.18,25.12,24.75,25.06,25.0,25.16,25.03,25.06,25.81,25.88,26.06,25.88,25.62,25.08,24.9,24.94,25.16,25.15,24.98,24.88,24.94,25.0,25.25,25.19,25.06,25.19,25.69,25.84,25.97,25.19,25.0,25.06,24.88,25.22,25.22,25.12,24.84,24.88,25.01,25.19,25.19,25.22,25.53,25.47,25.71,25.08,25.03,24.88,24.66,24.84,24.97,24.88,25.0,24.91,24.82,25.12,25.12,25.25,25.06,25.03,24.88,25.06,25.1,25.05
64.97,26.41,24.82,24.75,24.73,24.69,24.44,24.59,24.66,24.75,24.66,24.66,24.67,24.88,24.99,24.66,24.95,24.8,24.78,24.85,24.72,24.66,24.75,24.92,24.84,24.77,24.8,24.82,24.64,24.75,24.9,24.58,25.0,24.97,24.82,24.83,24.78,24.78,24.67,24.94,24.88,24.79,25.0,24.75,24.94,24.77,25.02,24.84,24.77,24.63,24.84,24.93,24.7,24.85,24.78,24.8,24.69,24.93,25.03,24.95,24.88,25.0,24.94,24.93,24.69,24.84,24.9,24.78,24.88,24.88,24.85,24.86,24.85,24.85,24.96,24.89,25.03,24.89,25.0,24.96,25.0,24.85,24.84,24.88,24.94,24.91,24.88,24.85,24.78,24.84,24.96,24.85,24.99,25.06,25.03,24.94,25.05,24.69,24.9,24.8,24.92,24.82,24.78,24.91,24.84,24.94,24.96,25.03,25.22,25.13,25.03,24.86,24.69,24.75,25.0,24.8,24.8,24.75,24.92,24.96,24.84,24.94,25.12,25.38,25.22,25.12,25.06,24.92,24.67,24.66,25.04,25.06,25.03,24.85,24.78,24.84,24.96,25.05,25.28,25.45,25.29,25.06,25.34,25.0,24.94,24.78,24.78,25.1,25.11,24.98,24.78,24.84,24.91,25.12,25.38,25.47,25.31,25.06,25.11,25.11,24.88,24.54,25.12,24.88,25.0,25.03,24.95,24.94,24.84,24.91,25.66,25.77,25.66,25.62,25.21,25.06,25.1,24.94,24.94,24.84,24.94,25.0,25.06,24.88,24.99,25.19,25.73,26.0,25.94,25.81,25.64,25.25,25.05,24.9,25.18,25.12,24.75,25.06,25.0,25.16,25.03,25.06,25.81,25.88,26.06,25.88,25.67,25.13,24.9,24.94,25.16,25.09,24.98,24.88,24.94,25.0,25.2,25.19,25.11,25.19,25.69,25.84,25.97,25.25,25.0,24.99,24.88,25.22,25.28,25.12,24.84,24.88,24.96,25.14,25.14,25.22,25.53,25.47,25.66,25.13,25.03,24.88,24.66,24.84,25.04,24.88,25.0,24.97,24.88,25.12,25.12,25.25,25.06,25.03,24.88,24.99,25.02,25.15
65.1,26.41,24.86,24.75,24.64,24.69,24.44,24.59,24.69,24.73,24.66,24.66,24.61,24.83,24.92,24.62,24.95,24.84,24.84,24.82,24.7,24.66,24.75,24.88,24.84,24.72,24.84,24.83,24.64,24.79,24.88,24.62,24.94,25.0,24.82,24.74,24.76,24.75,24.69,24.9,24.86,24.83,25.0,24.77,24.9,24.75,24.97,24.88,24.83,24.66,24.79,24.91,24.68,24.9,24.79,24.81,24.69,24.89,25.03,24.96,24.88,25.0,24.94,24.93,24.69,24.84,24.96,24.78,24.88,24.86,24.86,24.88,24.81,24.84,24.95,24.92,25.0,24.86,25.0,24.91,24.95,24.82,24.88,24.84,24.94,24.89,24.91,24.81,24.78,24.84,24.96,24.81,25.03,25.06,25.0,24.94,25.0,24.72,24.92,24.81,24.94,24.79,24.81,24.87,24.84,24.96,24.98,25.01,25.25,25.09,25.0,24.86,24.72,24.75,24.95,24.8,24.81,24.78,24.95,24.98,24.84,24.96,25.12,25.38,25.25,25.12,25.06,24.97,24.72,24.72,25.09,25.06,25.0,24.81,24.78,24.84,24.98,25.1,25.25,25.4,25.28,25.09,25.32,25.0,24.94,24.78,24.82,25.05,25.09,25.0,24.78,24.84,24.87,25.12,25.35,25.49,25.35,25.06,25.09,25.12,24.88,24.58,25.12,24.88,25.0,25.03,24.92,24.96,24.87,24.92,25.63,25.77,25.66,25.62,25.2,25.05,25.05,24.91,24.99,24.84,24.94,25.0,25.06,24.89,25.01,25.18,25.68,25.96,25.94,25.85,25.59,25.25,25.03,24.88,25.1,25.09,24.75,25.09,25.0,25.16,25.03,25.09,25.81,25.91,26.06,25.91,25.69,25.22,24.94,24.98,25.11,25.04,24.94,24.88,24.97,25.0,25.16,25.16,25.12,25.19,25.72,25.84,25.97,25.26,25.0,24.92,24.93,25.22,25.3,25.09,24.88,24.88,24.94,25.09,25.09,25.22,25.5,25.51,25.64,25.15,24.98,24.82,24.72,24.84,25.11,24.88,25.0,24.99,24.94,25.12,25.12,25.25,25.06,25.07,24.88,24.97,24.99,25.18
65.19,26.41,24.86,24.75,24.55,24.69,24.44,24.59,24.75,24.75,24.66,24.66,24.56,24.77,24.85,24.62,24.92,24.84,24.93,24.82,24.7,24.66,24.75,24.84,24.84,24.67,24.88,24.85,24.66,24.84,24.88,24.67,24.86,25.0,24.85,24.7,24.78,24.7,24.69,24.85,24.86,24.86,25.0,24.77,24.85,24.75,24.91,24.91,24.88,24.66,24.72,24.91,24.68,24.94,24.79,24.81,24.69,24.85,25.03,24.95,24.89,25.0,24.94,24.91,24.69,24.84,25.0,24.78,24.88,24.86,24.86,24.88,24.78,24.85,24.95,24.95,24.96,24.82,25.0,24.88,24.9,24.82,24.91,24.78,24.94,24.89,24.94,24.78,24.78,24.84,24.94,24.78,25.06,25.06,24.95,24.94,24.95,24.78,24.92,24.8,24.92,24.79,24.85,24.84,24.84,24.96,25.01,25.01,25.28,25.06,24.96,24.88,24.75,24.75,24.9,24.82,24.81,24.83,24.99,25.01,24.84,24.96,25.12,25.38,25.28,25.12,25.06,25.0,24.77,24.75,25.12,25.05,24.95,24.78,24.78,24.84,25.01,25.12,25.22,25.38,25.28,25.14,25.27,25.0,24.94,24.78,24.87,25.0,25.05,24.98,24.78,24.84,24.84,25.12,25.31,25.49,25.38,25.06,25.11,25.12,24.88,24.61,25.12,24.88,25.0,25.03,24.89,24.96,24.91,24.98,25.59,25.75,25.66,25.62,25.2,25.06,25.0,24.88,25.03,24.84,24.94,25.0,25.06,24.89,24.99,25.19,25.66,25.94,25.94,25.88,25.56,25.25,25.03,24.88,24.99,25.03,24.77,25.12,25.0,25.14,25.03,25.13,25.83,25.95,26.08,25.95,25.69,25.3,24.98,25.04,25.03,25.0,24.9,24.88,25.02,25.0,25.11,25.12,25.12,25.2,25.75,25.84,25.95,25.26,25.0,24.85,25.02,25.22,25.28,25.03,24.92,24.88,24.96,25.05,25.05,25.22,25.45,25.56,25.64,25.15,24.94,24.73,24.82,24.84,25.16,24.88,25.0,24.97,24.99,25.12,25.12,25.23,25.06,25.12,24.88,24.97,25.02,25.15
65.32,26.41,24.86,24.75,24.43,24.69,24.44,24.59,24.82,24.82,24.66,24.66,24.56,24.68,24.76,24.62,24.79,24.84,25.05,24.82,24.7,24.66,24.75,24.84,24.84,24.61,24.88,24.92,24.73,24.92,24.88,24.67,24.75,25.0,24.95,24.7,24.86,24.63,24.69,24.78,24.86,24.86,25.0,24.77,24.78,24.75,24.84,24.91,24.88,24.66,24.62,24.91,24.68,24.94,24.79,24.81,24.69,24.79,25.03,24.88,24.95,25.0,24.94,24.84,24.69,24.84,25.0,24.78,24.88,24.86,24.86,24.88,24.78,24.91,24.95,24.95,24.9,24.82,25.0,24.88,24.83,24.82,24.91,24.71,24.94,24.89,24.94,24.78,24.78,24.84,24.89,24.78,25.06,25.06,24.88,24.94,24.89,24.86,24.92,24.73,24.86,24.79,24.91,24.84,24.84,24.96,25.01,25.01,25.28,25.06,24.9,24.95,24.75,24.75,24.83,24.89,24.81,24.89,24.99,25.01,24.84,24.96,25.12,25.38,25.28,25.12,25.06,25.0,24.83,24.75,25.12,24.98,24.88,24.78,24.78,24.84,25.01,25.12,25.22,25.38,25.28,25.2,25.22,25.0,24.94,24.78,24.94,24.93,24.98,24.92,24.78,24.84,24.84,25.12,25.26,25.49,25.38,25.06,25.17,25.12,24.88,24.61,25.12,24.88,25.0,25.03,24.89,24.96,24.97,25.08,25.53,25.7,25.66,25.62,25.2,25.11,24.93,24.88,25.03,24.84,24.94,25.0,25.06,24.89,24.94,25.24,25.66,25.94,25.94,25.88,25.56,25.25,25.03,24.88,24.9,24.96,24.83,25.12,25.0,25.08,25.03,25.19,25.89,26.02,26.14,26.02,25.69,25.36,24.98,25.12,24.93,25.0,24.9,24.88,25.08,25.0,25.05,25.12,25.12,25.27,25.75,25.84,25.89,25.26,25.0,24.76,25.13,25.22,25.21,24.96,24.98,24.88,25.03,24.98,24.98,25.22,25.39,25.64,25.64,25.15,24.94,24.62,24.95,24.84,25.16,24.88,25.0,24.89,25.07,25.12,25.12,25.17,25.06,25.19,24.88,24.97,25.13,25.02
65.41,26.41,24.86,24.75,24.34,24.69,24.44,24.59,24.88,24.88,24.66,24.66,24.56,24.61,24.69,24.62,24.69,24.84,25.14,24.82,24.7,24.66,24.75,24.84,24.84,24.56,24.88,24.97,24.78,24.98,24.88,24.67,24.66,25.0,25.03,24.7,24.91,24.58,24.69,24.73,24.86,24.86,25.0,24.77,24.73,24.75,24.78,24.91,24.88,24.66,24.54,24.91,24.68,24.94,24.79,24.81,24.69,24.75,25.03,24.82,25.0,25.0,24.94,24.78,24.69,24.84,25.0,24.78,24.88,24.86,24.86,24.88,24.78,24.95,24.95,24.95,24.86,24.82,25.0,24.88,24.78,24.82,24.91,24.65,24.94,24.89,24.94,24.78,24.78,24.84,24.84,24.78,25.06,25.06,24.82,24.94,24.84,24.91,24.92,24.69,24.81,24.79,24.95,24.84,24.84,24.96,25.01,25.01,25.28,25.06,24.86,25.0,24.75,24.75,24.78,24.94,24.81,24.94,24.99,25.01,24.84,24.96,25.12,25.38,25.28,25.12,25.06,25.0,24.88,24.75,25.12,24.94,24.82,24.78,24.78,24.84,25.01,25.12,25.22,25.38,25.28,25.25,25.18,25.0,24.94,24.78,24.99,24.88,24.94,24.88,24.78,24.84,24.84,25.12,25.22,25.49,25.38,25.06,25.22,25.12,24.88,24.61,25.12,24.88,25.0,25.03,24.89,24.96,25.01,25.16,25.49,25.66,25.66,25.62,25.2,25.15,24.88,24.88,25.03,24.84,24.94,25.0,25.06,24.89,24.89,25.28,25.66,25.94,25.94,25.88,25.56,25.25,25.03,24.88,24.84,24.9,24.88,25.12,25.0,25.03,25.03,25.23,25.94,26.06,26.19,26.06,25.69,25.41,24.98,25.18,24.86,25.0,24.9,24.88,25.12,25.0,25.0,25.12,25.12,25.31,25.75,25.84,25.84,25.26,25.0,24.69,25.21,25.22,25.15,24.9,25.03,24.88,25.08,24.94,24.94,25.22,25.34,25.69,25.64,25.15,24.94,24.54,25.05,24.84,25.16,24.88,25.0,24.84,25.12,25.12,25.12,25.12,25.06,25.24,24.88,24.97,25.21,24.92
65.54,26.41,24.72,24.75,24.34,24.69,24.44,24.59,24.96,24.96,24.66,24.66,24.56,24.52,24.69,24.75,24.69,24.7,25.26,24.92,24.79,24.66,24.75,24.84,24.84,24.56,24.88,24.91,24.78,25.05,24.96,24.76,24.55,24.88,25.03,24.79,24.99,24.51,24.62,24.66,24.93,24.93,25.0,24.71,24.66,24.81,24.78,24.99,24.88,24.55,24.44,24.99,24.76,24.94,24.72,24.75,24.69,24.75,25.03,24.76,25.0,25.0,24.94,24.78,24.69,24.84,25.0,24.78,24.88,24.93,24.81,24.81,24.78,25.01,25.01,25.01,24.81,24.76,25.0,24.88,24.78,24.91,24.99,24.58,24.94,24.96,25.0,24.78,24.78,24.84,24.84,24.78,25.06,25.06,24.76,24.94,24.84,24.99,24.85,24.62,24.75,24.91,25.01,24.84,24.84,24.9,25.07,25.07,25.32,25.06,24.81,25.0,24.81,24.75,24.78,24.94,24.75,25.0,25.06,25.07,24.84,24.9,25.12,25.38,25.32,25.12,25.06,25.0,24.88,24.75,25.12,24.94,24.76,24.78,24.78,24.84,25.07,25.12,25.18,25.38,25.32,25.31,25.12,25.0,24.94,24.78,25.06,24.88,24.81,24.81,24.78,24.84,24.84,25.12,25.18,25.43,25.38,25.06,25.28,25.06,24.88,24.68,25.12,24.88,25.0,25.03,24.84,24.9,25.07,25.27,25.43,25.66,25.66,25.62,25.26,25.2,24.88,24.81,25.03,24.84,24.94,25.0,25.06,24.84,24.84,25.32,25.66,25.94,25.94,25.88,25.56,25.25,25.09,24.96,24.67,24.82,24.88,25.19,25.0,25.03,25.03,25.29,25.94,26.12,26.19,26.12,25.62,25.47,25.05,25.26,24.76,25.0,24.82,24.88,25.19,25.0,25.0,25.06,25.06,25.31,25.81,25.84,25.84,25.19,25.0,24.69,25.32,25.22,25.08,24.82,25.09,24.88,25.15,24.94,24.94,25.22,25.28,25.77,25.71,25.08,24.84,24.42,25.18,24.84,25.16,24.88,25.0,24.76,25.12,25.12,25.12,25.12,25.06,25.31,24.88,25.06,25.32,24.79
65.63,26.41,24.63,24.75,24.34,24.69,24.44,24.59,25.01,25.01,24.66,24.66,24.56,24.46,24.69,24.84,24.69,24.6,25.35,25.0,24.85,24.66,24.75,24.84,24.84,24.56,24.88,24.86,24.78,25.11,25.01,24.82,24.47,24.78,25.03,24.85,25.04,24.45,24.58,24.61,24.98,24.98,25.0,24.67,24.61,24.86,24.78,25.04,24.88,24.47,24.37,25.04,24.82,24.94,24.67,24.7,24.69,24.75,25.03,24.7,25.0,25.0,24.94,24.78,24.69,24.84,25.0,24.78,24.88,24.98,24.76,24.77,24.78,25.05,25.05,25.05,24.76,24.7,25.0,24.88,24.78,24.98,25.04,24.52,24.94,25.01,25.05,24.78,24.78,24.84,24.84,24.78,25.06,25.06,24.7,24.94,24.84,25.04,24.8,24.58,24.7,25.0,25.05,24.84,24.84,24.86,25.11,25.11,25.36,25.06,24.76,25.0,24.86,24.75,24.78,24.94,24.7,25.05,25.11,25.11,24.84,24.86,25.12,25.38,25.36,25.12,25.06,25.0,24.88,24.75,25.12,24.94,24.7,24.78,24.78,24.84,25.11,25.12,25.14,25.38,25.36,25.36,25.08,25.0,24.94,24.78,25.11,24.88,24.72,24.77,24.78,24.84,24.84,25.12,25.14,25.39,25.38,25.06,25.33,25.02,24.88,24.73,25.12,24.88,25.0,25.03,24.8,24.86,25.11,25.35,25.39,25.66,25.66,25.62,25.3,25.24,24.88,24.77,25.03,24.84,24.94,25.0,25.06,24.8,24.8,25.36,25.66,25.94,25.94,25.88,25.56,25.25,25.14,25.01,24.54,24.77,24.88,25.23,25.0,25.03,25.03,25.33,25.94,26.17,26.19,26.17,25.58,25.52,25.11,25.32,24.68,25.0,24.77,24.88,25.23,25.0,25.0,25.02,25.02,25.31,25.86,25.84,25.84,25.14,25.0,24.69,25.41,25.22,25.02,24.77,25.14,24.88,25.2,24.94,24.94,25.22,25.23,25.82,25.76,25.02,24.77,24.34,25.28,24.84,25.16,24.88,25.0,24.71,25.12,25.12,25.12,25.12,25.06,25.36,24.88,25.13,25.41,24.69
65.74,26.41,24.59,24.75,24.34,24.69,24.44,24.59,25.03,25.03,24.66,24.66,24.56,24.44,24.69,24.88,24.69,24.56,25.38,25.03,24.88,24.66,24.75,24.84,24.84,24.56,24.88,24.84,24.78,25.12,25.03,24.84,24.44,24.75,25.03,24.88,25.06,24.44,24.56,24.59,25.0,25.0,25.0,24.66,24.59,24.88,24.78,25.06,24.88,24.44,24.34,25.06,24.84,24.94,24.66,24.69,24.69,24.75,25.03,24.69,25.0,25.0,24.94,24.78,24.69,24.84,25.0,24.78,24.88,25.0,24.75,24.75,24.78,25.06,25.06,25.06,24.75,24.69,25.0,24.88,24.78,25.0,25.06,24.5,24.94,25.03,25.06,24.78,24.78,24.84,24.84,24.78,25.06,25.06,24.69,24.94,24.84,25.06,24.78,24.56,24.69,25.03,25.06,24.84,24.84,24.84,25.12,25.12,25.38,25.06,24.75,25.0,24.88,24.75,24.78,24.94,24.69,25.06,25.12,25.12,24.84,24.84,25.12,25.38,25.38,25.12,25.06,25.0,24.88,24.75,25.12,24.94,24.69,24.78,24.78,24.84,25.12,25.12,25.12,25.38,25.38,25.38,25.06,25.0,24.94,24.78,25.12,24.88,24.69,24.75,24.78,24.84,24.84,25.12,25.12,25.38,25.38,25.06,25.34,25.0,24.88,24.75,25.12,24.88,25.0,25.03,24.78,24.84,25.12,25.38,25.38,25.66,25.66,25.62,25.31,25.25,24.88,24.75,25.03,24.84,24.94,25.0,25.06,24.78,24.78,25.38,25.66,25.94,25.94,25.88,25.56,25.25,25.16,25.03,24.5,24.75,24.88,25.25,25.0,25.03,25.03,25.34,25.94,26.19,26.19,26.19,25.56,25.53,25.12,25.34,24.66,25.0,24.75,24.88,25.25,25.0,25.0,25.0,25.0,25.31,25.88,25.84,25.84,25.12,25.0,24.69,25.44,25.22,25.0,24.75,25.16,24.88,25.22,24.94,24.94,25.22,25.22,25.84,25.78,25.0,24.75,24.31,25.31,24.84,25.16,24.88,25.0,24.69,25.12,25.12,25.12,25.12,25.06,25.38,24.88,25.16,25.44,24.66
65.85,26.41,24.59,24.75,24.34,24.69,24.44,24.59,25.03,25.03,24.66,24.66,24.56,24.44,24.69,24.88,24.69,24.56,25.38,25.03,24.88,24.66,24.75,24.84,24.84,24.56,24.88,24.84,24.78,25.12,25.03,24.84,24.44,24.75,25.03,24.88,25.06,24.44,24.56,24.59,25.0,25.0,25.0,24.66,24.59,24.88,24.78,25.06,24.88,24.44,24.34,25.06,24.84,24.94,24.66,24.69,24.69,24.75,25.03,24.69,25.0,25.0,24.94,24.78,24.69,24.84,25.0,24.78,24.88,25.0,24.75,24.75,24.78,25.06,25.06,25.06,24.75,24.69,25.0,24.88,24.78,25.0,25.06,24.5,24.94,25.03,25.06,24.78,24.78,24.84,24.84,24.78,25.06,25.06,24.69,24.94,24.84,25.06,24.78,24.56,24.69,25.03,25.06,24.84,24.84,24.84,25.12,25.12,25.38,25.06,24.75,25.0,24.88,24.75,24.78,24.94,24.69,25.06,25.12,25.12,24.84,24.84,25.12,25.38,25.38,25.12,25.06,25.0,24.88,24.75,25.12,24.94,24.69,24.78,24.78,24.84,25.12,25.12,25.12,25.38,25.38,25.38,25.06,25.0,24.94,24.78,25.12,24.88,24.69,24.75,24.78,24.84,24.84,25.12,25.12,25.38,25.38,25.06,25.34,25.0,24.88,24.75,25.12,24.88,25.0,25.03,24.78,24.84,25.12,25.38,25.38,25.66,25.66,25.62,25.31,25.25,24.88,24.75,25.03,24.84,24.94,25.0,25.06,24.78,24.78,25.38,25.66,25.94,25.94,25.88,25.56,25.25,25.16,25.03,24.5,24.75,24.88,25.25,25.0,25.03,25.03,25.34,25.94,26.19,26.19,26.19,25.56,25.53,25.12,25.34,24.66,25.0,24.75,24.88,25.25,25.0,25.0,25.0,25.0,25.31,25.88,25.84,25.84,25.12,25.0,24.69,25.44,25.22,25.0,24.75,25.16,24.88,25.22,24.94,24.94,25.22,25.22,25.84,25.78,25.0,24.75,24.31,25.31,24.84,25.16,24.88,25.0,24.69,25.12,25.12,25.12,25.12,25.06,25.38,24.88,25.16,25.44,24.66
65.96,26.41,24.59,24.75,24.34,24.69,24.44,24.59,25.03,25.03,24.66,24.66,24.56,24.44,24.69,24.88,24.69,24.56,25.38,25.03,24.88,24.66,24.75,24.84,24.84,24.56,24.88,24.84,24.78,25.12,25.03,24.84,24.44,24.75,25.03,24.88,25.06,24.44,24.56,24.59,25.0,25.0,25.0,24.66,24.59,24.88,24.78,25.06,24.88,24.44,24.34,25.06,24.84,24.94,24.66,24.69,24.69,24.75,25.03,24.69,25.0,25.0,24.94,24.78,24.69,24.84,25.0,24.78,24.88,25.0,24.75,24.75,24.78,25.06,25.06,25.06,24.75,24.69,25.0,24.88,24.78,25.0,25.06,24.5,24.94,25.03,25.06,24.78,24.78,24.84,24.84,24.78,25.06,25.06,24.69,24.94,24.84,25.06,24.78,24.56,24.69,25.03,25.06,24.84,24.84,24.84,25.12,25.12,25.38,25.06,24.75,25.0,24.88,24.75,24.78,24.94,24.69,25.06,25.12,25.12,24.84,24.84,25.12,25.38,25.38,25.12,25.06,25.0,24.88,24.75,25.12,24.94,24.69,24.78,24.78,24.84,25.12,25.12,25.12,25.38,25.38,25.38,25.06,25.0,24.94,24.78,25.12,24.88,24.69,24.75,24.78,24.84,24.84,25.12,25.12,25.38,25.38,25.06,25.34,25.0,24.88,24.75,25.12,24.88,25.0,25.03,24.78,24.84,25.12,25.38,25.38,25.66,25.66,25.62,25.31,25.25,24.88,24.75,25.03,24.84,24.94,25.0,25.06,24.78,24.78,25.38,25.66,25.94,25.94,25.88,25.56,25.25,25.16,25.03,24.5,24.75,24.88,25.25,25.0,25.03,25.03,25.34,25.94,26.19,26.19,26.19,25.56,25.53,25.12,25.34,24.66,25.0,24.75,24.88,25.25,25.0,25.0,25.0,25.0,25.31,25.88,25.84,25.84,25.12,25.0,24.69,25.44,25.22,25.0,24.75,25.16,24.88,25.22,24.94,24.94,25.22,25.22,25.84,25.78,25.0,24.75,24.31,25.31,24.84,25.16,24.88,25.0,24.69,25.12,25.12,25.12,25.12,25.06,25.38,24.88,25.16,25.44,24.66
66.07,26.41,24.59,24.69,24.4,24.69,24.48,24.59,24.99,24.99,24.69,24.66,24.56,24.44,24.69,24.88,24.75,24.56,25.32,24.98,24.88,24.69,24.75,24.84,24.81,24.59,24.88,24.84,24.78,25.12,24.99,24.84,24.49,24.75,25.03,24.83,25.02,24.47,24.59,24.63,25.0,24.97,24.97,24.68,24.63,24.88,24.78,25.02,24.88,24.49,24.39,25.02,24.84,24.94,24.69,24.72,24.72,24.75,25.0,24.72,25.03,25.0,24.9,24.82,24.69,24.88,25.0,24.78,24.88,25.0,24.75,24.78,24.81,25.03,25.03,25.06,24.78,24.72,25.0,24.88,24.78,24.96,25.06,24.57,24.91,25.0,25.03,24.78,24.78,24.84,24.84,24.75,25.06,25.06,24.72,24.94,24.84,25.02,24.78,24.59,24.72,25.0,25.03,24.84,24.84,24.84,25.1,25.12,25.35,25.06,24.81,25.0,24.88,24.75,24.78,24.97,24.72,25.03,25.09,25.12,24.84,24.87,25.12,25.35,25.35,25.12,25.09,25.03,24.88,24.75,25.09,24.94,24.72,24.78,24.78,24.84,25.1,25.1,25.15,25.38,25.38,25.34,25.06,25.0,24.97,24.78,25.09,24.88,24.72,24.78,24.81,24.84,24.84,25.1,25.15,25.4,25.38,25.06,25.31,25.0,24.88,24.79,25.12,24.88,25.0,25.0,24.81,24.87,25.1,25.32,25.35,25.66,25.66,25.62,25.31,25.22,24.88,24.78,25.03,24.84,24.94,24.97,25.06,24.78,24.81,25.35,25.66,25.91,25.96,25.88,25.59,25.25,25.16,25.03,24.58,24.79,24.88,25.22,24.97,25.03,25.03,25.32,25.91,26.16,26.16,26.19,25.59,25.5,25.09,25.26,24.71,25.0,24.79,24.88,25.22,25.0,25.03,25.0,25.03,25.31,25.84,25.84,25.84,25.16,25.0,24.73,25.32,25.17,25.0,24.79,25.16,24.88,25.18,24.94,24.94,25.22,25.25,25.81,25.75,25.04,24.8,24.37,25.31,24.84,25.16,24.88,25.04,24.72,25.09,25.09,25.12,25.12,25.06,25.38,24.88,25.11,25.38,24.72
66.19,26.41,24.59,24.56,24.52,24.69,24.57,24.59,24.92,24.92,24.77,24.66,24.56,24.44,24.69,24.88,24.88,24.56,25.2,24.87,24.88,24.77,24.75,24.84,24.74,24.66,24.88,24.84,24.78,25.12,24.92,24.84,24.61,24.75,25.03,24.74,24.95,24.54,24.66,24.7,25.0,24.9,24.9,24.74,24.7,24.88,24.78,24.95,24.88,24.61,24.49,24.95,24.84,24.94,24.76,24.78,24.79,24.75,24.95,24.79,25.09,25.0,24.83,24.89,24.69,24.97,25.0,24.78,24.88,25.0,24.75,24.84,24.87,24.98,24.98,25.06,24.83,24.79,25.0,24.88,24.78,24.87,25.06,24.72,24.85,24.93,24.97,24.78,24.78,24.84,24.84,24.7,25.06,25.06,24.79,24.94,24.84,24.95,24.78,24.66,24.78,24.95,24.98,24.84,24.84,24.84,25.04,25.12,25.3,25.06,24.93,25.0,24.88,24.75,24.78,25.03,24.78,24.97,25.02,25.12,24.84,24.93,25.12,25.3,25.3,25.12,25.15,25.09,24.88,24.75,25.02,24.94,24.79,24.78,24.78,24.84,25.04,25.04,25.2,25.38,25.38,25.28,25.06,25.0,25.02,24.78,25.02,24.88,24.78,24.84,24.87,24.84,24.84,25.04,25.2,25.46,25.38,25.06,25.25,25.0,24.88,24.86,25.12,24.88,25.0,24.95,24.87,24.93,25.04,25.22,25.3,25.66,25.66,25.62,25.31,25.18,24.88,24.84,25.03,24.84,24.94,24.91,25.06,24.78,24.87,25.3,25.66,25.85,26.01,25.88,25.66,25.25,25.16,25.03,24.75,24.86,24.88,25.16,24.91,25.03,25.03,25.26,25.84,26.09,26.09,26.19,25.66,25.44,25.01,25.09,24.81,25.0,24.86,24.88,25.16,25.0,25.09,25.0,25.09,25.31,25.78,25.84,25.84,25.23,25.0,24.83,25.08,25.08,25.0,24.86,25.16,24.88,25.12,24.94,24.94,25.22,25.31,25.73,25.68,25.11,24.89,24.48,25.31,24.84,25.16,24.88,25.11,24.8,25.01,25.01,25.12,25.12,25.06,25.38,24.88,25.02,25.27,24.85
66.3,26.41,24.59,24.47,24.61,24.69,24.63,24.59,24.86,24.86,24.82,24.66,24.56,24.44,24.69,24.88,24.98,24.56,25.11,24.79,24.88,24.82,24.75,24.84,24.69,24.7,24.88,24.84,24.78,25.12,24.86,24.84,24.69,24.75,25.03,24.68,24.89,24.59,24.7,24.75,25.0,24.85,24.85,24.78,24.75,24.88,24.78,24.89,24.88,24.69,24.57,24.89,24.84,24.94,24.81,24.83,24.84,24.75,24.9,24.84,25.14,25.0,24.78,24.95,24.69,25.03,25.0,24.78,24.88,25.0,24.75,24.89,24.91,24.94,24.94,25.06,24.88,24.84,25.0,24.88,24.78,24.8,25.06,24.82,24.81,24.88,24.92,24.78,24.78,24.84,24.84,24.65,25.06,25.06,24.84,24.94,24.84,24.89,24.78,24.7,24.83,24.9,24.94,24.84,24.84,24.84,25.0,25.12,25.26,25.06,25.02,25.0,24.88,24.75,24.78,25.08,24.83,24.92,24.97,25.12,24.84,24.97,25.12,25.26,25.26,25.12,25.19,25.14,24.88,24.75,24.97,24.94,24.84,24.78,24.78,24.84,25.0,25.0,25.24,25.38,25.38,25.23,25.06,25.0,25.06,24.78,24.97,24.88,24.83,24.89,24.91,24.84,24.84,25.0,25.24,25.5,25.38,25.06,25.2,25.0,24.88,24.92,25.12,24.88,25.0,24.9,24.91,24.97,25.0,25.14,25.26,25.66,25.66,25.62,25.31,25.14,24.88,24.89,25.03,24.84,24.94,24.86,25.06,24.78,24.91,25.26,25.66,25.81,26.05,25.88,25.7,25.25,25.16,25.03,24.88,24.92,24.88,25.11,24.86,25.03,25.03,25.22,25.8,26.05,26.05,26.19,25.7,25.39,24.96,24.96,24.88,25.0,24.92,24.88,25.11,25.0,25.14,25.0,25.14,25.31,25.73,25.84,25.84,25.28,25.0,24.9,24.9,25.01,25.0,24.92,25.16,24.88,25.06,24.94,24.94,25.22,25.36,25.68,25.63,25.17,24.96,24.57,25.31,24.84,25.16,24.88,25.17,24.86,24.96,24.96,25.12,25.12,25.06,25.38,24.88,24.95,25.18,24.95
66.41,26.41,24.59,24.47,24.73,24.69,24.63,24.59,24.71,24.86,24.82,24.73,24.56,24.44,24.58,24.88,25.11,24.56,24.86,24.69,24.79,24.9,24.75,24.84,24.62,24.7,24.81,24.84,24.78,25.05,24.79,24.84,24.8,24.75,24.92,24.59,24.82,24.66,24.77,24.82,25.0,24.85,24.85,24.84,24.82,24.88,24.78,24.82,24.88,24.91,24.67,24.82,24.84,24.94,24.88,24.89,24.84,24.75,24.9,24.91,25.14,25.0,24.78,24.95,24.69,25.03,25.0,24.86,24.88,24.93,24.75,24.89,24.96,24.88,24.94,25.01,24.88,24.91,25.0,24.88,24.78,24.72,24.99,24.9,24.81,24.88,24.86,24.78,24.78,24.9,24.84,24.65,25.01,25.06,24.91,24.94,24.84,24.82,24.78,24.77,24.89,24.9,24.88,24.84,24.84,24.84,25.0,25.12,25.21,25.06,25.07,25.0,24.88,24.75,24.78,25.08,24.83,24.86,24.9,25.07,24.84,24.97,25.12,25.26,25.21,25.12,25.19,25.14,24.88,24.82,24.97,24.87,24.91,24.84,24.85,24.9,24.94,24.94,25.29,25.43,25.38,25.17,25.06,25.0,25.06,24.85,24.97,24.88,24.83,24.95,24.96,24.9,24.84,24.94,25.24,25.5,25.43,25.06,25.14,25.0,24.88,24.92,25.12,24.88,25.0,24.85,24.96,25.03,25.0,25.09,25.26,25.66,25.66,25.62,25.31,25.09,24.88,24.89,25.03,24.91,25.0,24.8,25.06,24.78,24.96,25.21,25.66,25.75,26.05,25.88,25.7,25.25,25.16,24.96,24.97,24.99,24.94,25.05,24.8,24.98,25.03,25.16,25.8,25.98,25.98,26.12,25.77,25.39,24.96,24.88,24.98,25.0,24.99,24.94,25.05,25.0,25.14,25.0,25.2,25.36,25.67,25.84,25.78,25.35,25.08,24.99,24.79,24.91,24.92,24.92,25.16,24.88,25.0,24.94,24.94,25.22,25.42,25.68,25.63,25.17,25.05,24.68,25.18,24.84,25.16,24.79,25.17,24.93,24.96,24.88,25.12,25.12,25.14,25.38,24.96,24.85,25.07,25.08
66.5,26.41,24.59,24.47,24.82,24.69,24.63,24.59,24.59,24.86,24.82,24.79,24.56,24.44,24.5,24.88,25.21,24.56,24.68,24.61,24.72,24.96,24.75,24.84,24.57,24.7,24.77,24.84,24.78,24.99,24.73,24.84,24.89,24.75,24.85,24.52,24.76,24.71,24.81,24.87,25.0,24.85,24.85,24.88,24.87,24.88,24.78,24.76,24.88,25.07,24.74,24.76,24.84,24.94,24.93,24.94,24.84,24.75,24.9,24.96,25.14,25.0,24.78,24.95,24.69,25.03,25.0,24.91,24.88,24.88,24.75,24.89,25.01,24.84,24.94,24.96,24.88,24.96,25.0,24.88,24.78,24.65,24.93,24.95,24.81,24.88,24.81,24.78,24.78,24.94,24.84,24.65,24.96,25.06,24.96,24.94,24.84,24.76,24.78,24.81,24.94,24.9,24.84,24.84,24.84,24.84,25.0,25.12,25.18,25.06,25.12,25.0,24.88,24.75,24.78,25.08,24.83,24.81,24.85,25.03,24.84,24.97,25.12,25.26,25.18,25.12,25.19,25.14,24.88,24.88,24.97,24.82,24.96,24.88,24.9,24.94,24.9,24.9,25.32,25.47,25.38,25.12,25.06,25.0,25.06,24.9,24.97,24.88,24.83,25.0,25.01,24.94,24.84,24.9,25.24,25.5,25.47,25.06,25.09,25.0,24.88,24.92,25.12,24.88,25.0,24.81,25.01,25.07,25.0,25.05,25.26,25.66,25.66,25.62,25.31,25.05,24.88,24.89,25.03,24.95,25.05,24.75,25.06,24.78,25.01,25.18,25.66,25.71,26.05,25.88,25.7,25.25,25.16,24.9,25.03,25.05,25.0,25.0,24.75,24.93,25.03,25.12,25.8,25.94,25.94,26.08,25.81,25.39,24.96,24.82,25.06,25.0,25.05,25.0,25.0,25.0,25.14,25.0,25.25,25.4,25.62,25.84,25.73,25.4,25.13,25.06,24.71,24.84,24.86,24.92,25.16,24.88,24.94,24.94,24.94,25.22,25.47,25.68,25.63,25.17,25.12,24.76,25.08,24.84,25.16,24.72,25.17,24.99,24.96,24.82,25.12,25.12,25.19,25.38,25.03,24.78,24.99,25.18
66.63,26.41,24.59,24.47,24.82,24.6,24.63,24.68,24.51,24.86,24.82,24.79,24.56,24.52,24.5,24.88,25.21,24.7,24.56,24.61,24.72,24.96,24.75,24.76,24.57,24.77,24.77,24.84,24.71,24.99,24.73,24.84,25.0,24.75,24.74,24.52,24.69,24.78,24.88,24.94,25.0,24.85,24.85,24.88,24.87,24.88,24.86,24.69,24.79,25.19,24.84,24.69,24.84,24.87,24.93,24.94,24.84,24.81,24.85,25.03,25.08,24.93,24.78,24.95,24.76,25.03,24.92,24.91,24.88,24.88,24.75,24.89,25.01,24.78,24.94,24.96,24.88,24.96,25.0,24.88,24.78,24.65,24.86,24.95,24.81,24.88,24.75,24.84,24.78,24.94,24.84,24.65,24.96,25.0,25.03,24.94,24.84,24.76,24.85,24.81,24.94,24.9,24.84,24.9,24.84,24.84,25.0,25.12,25.12,25.06,25.17,24.93,24.88,24.75,24.78,25.08,24.83,24.75,24.78,24.97,24.84,24.97,25.07,25.26,25.12,25.12,25.19,25.14,24.88,24.96,24.97,24.82,25.03,24.88,24.9,25.0,24.84,24.84,25.32,25.47,25.38,25.06,25.06,25.0,25.06,24.9,24.97,24.94,24.89,25.0,25.01,24.94,24.9,24.9,25.29,25.5,25.42,25.06,25.03,25.06,24.88,24.92,25.05,24.88,25.0,24.81,25.01,25.07,25.0,25.0,25.26,25.66,25.66,25.57,25.31,25.05,24.88,24.89,24.96,24.95,25.05,24.75,25.0,24.78,25.01,25.12,25.71,25.71,25.99,25.82,25.77,25.31,25.16,24.9,25.12,25.05,25.0,24.94,24.75,24.88,25.03,25.06,25.8,25.94,25.88,26.02,25.88,25.33,24.96,24.74,25.06,25.0,25.12,25.0,25.0,25.0,25.14,25.0,25.25,25.4,25.62,25.91,25.67,25.47,25.13,25.06,24.59,24.75,24.86,24.92,25.09,24.88,24.88,24.94,24.94,25.22,25.53,25.74,25.63,25.17,25.12,24.88,25.08,24.84,25.06,24.72,25.17,25.06,24.96,24.82,25.05,25.05,25.19,25.38,25.12,24.78,24.88,25.18
66.72,26.41,24.59,24.56,24.73,24.53,24.57,24.74,24.51,24.92,24.77,24.79,24.56,24.59,24.5,24.88,25.11,24.8,24.56,24.69,24.72,24.9,24.75,24.7,24.62,24.77,24.77,24.84,24.66,24.99,24.79,24.84,25.0,24.75,24.66,24.59,24.69,24.78,24.88,24.94,25.0,24.9,24.9,24.84,24.82,24.88,24.91,24.69,24.72,25.19,24.84,24.69,24.84,24.82,24.88,24.89,24.79,24.85,24.85,25.03,24.98,24.88,24.83,24.89,24.82,24.97,24.86,24.91,24.88,24.88,24.75,24.84,24.96,24.78,24.98,24.96,24.83,24.91,25.0,24.88,24.78,24.72,24.8,24.85,24.85,24.93,24.75,24.88,24.78,24.94,24.84,24.7,24.96,24.95,25.03,24.94,24.84,24.82,24.9,24.77,24.89,24.95,24.88,24.94,24.84,24.84,25.04,25.12,25.12,25.06,25.12,24.88,24.88,24.75,24.78,25.03,24.78,24.75,24.78,24.93,24.84,24.93,25.03,25.3,25.12,25.12,25.15,25.09,24.88,25.01,25.02,24.82,25.03,24.88,24.9,25.04,24.84,24.84,25.29,25.47,25.38,25.06,25.06,25.0,25.02,24.9,25.02,25.0,24.89,24.95,24.96,24.94,24.94,24.94,25.29,25.46,25.39,25.06,25.03,25.11,24.88,24.86,24.99,24.88,25.0,24.85,24.96,25.03,25.04,25.04,25.3,25.66,25.66,25.53,25.31,25.09,24.88,24.84,24.9,24.95,25.05,24.8,24.95,24.78,24.96,25.12,25.75,25.75,25.9,25.79,25.77,25.36,25.16,24.9,25.06,24.99,25.0,24.94,24.8,24.83,25.03,25.06,25.84,25.98,25.88,25.97,25.88,25.33,25.01,24.81,24.98,25.0,25.12,25.0,25.05,25.0,25.09,25.0,25.2,25.4,25.67,25.95,25.62,25.47,25.13,24.99,24.69,24.75,24.86,24.86,25.05,24.88,24.88,24.94,24.94,25.22,25.53,25.84,25.68,25.11,25.05,24.88,25.08,24.84,24.99,24.72,25.11,25.06,25.01,24.88,24.99,24.99,25.19,25.38,25.18,24.85,24.88,25.08
66.85,26.41,24.59,24.69,24.67,24.49,24.48,24.78,24.51,24.96,24.69,24.82,24.56,24.68,24.5,24.88,24.98,24.87,24.56,24.79,24.72,24.82,24.72,24.62,24.69,24.77,24.77,24.81,24.59,24.96,24.86,24.84,25.0,24.75,24.55,24.68,24.69,24.78,24.88,24.9,24.97,24.97,24.97,24.81,24.75,24.88,24.95,24.72,24.68,25.19,24.84,24.69,24.84,24.78,24.85,24.83,24.72,24.88,24.88,25.03,24.89,24.81,24.9,24.82,24.89,24.92,24.78,24.91,24.88,24.88,24.75,24.78,24.91,24.78,25.03,24.94,24.78,24.88,25.0,24.88,24.82,24.8,24.72,24.74,24.88,24.96,24.75,24.94,24.82,24.91,24.84,24.78,24.96,24.92,25.03,24.9,24.84,24.86,24.97,24.73,24.83,24.98,24.94,25.0,24.84,24.84,25.07,25.12,25.12,25.09,25.06,24.81,24.88,24.75,24.82,25.0,24.72,24.75,24.78,24.9,24.87,24.87,25.0,25.32,25.12,25.12,25.09,25.03,24.88,25.05,25.06,24.82,25.03,24.88,24.9,25.1,24.87,24.87,25.26,25.47,25.35,25.06,25.06,25.0,24.97,24.9,25.09,25.03,24.89,24.89,24.91,24.94,24.97,25.0,25.29,25.4,25.36,25.09,25.03,25.14,24.88,24.75,24.92,24.88,25.0,24.88,24.94,24.97,25.07,25.12,25.35,25.66,25.66,25.47,25.31,25.14,24.91,24.78,24.82,24.95,25.05,24.89,24.92,24.78,24.91,25.12,25.78,25.81,25.82,25.76,25.73,25.39,25.16,24.86,24.98,24.92,25.0,24.94,24.86,24.78,25.0,25.06,25.91,26.05,25.88,25.91,25.88,25.33,25.05,24.93,24.88,25.0,25.09,25.0,25.11,25.0,25.0,25.0,25.14,25.42,25.73,26.02,25.56,25.43,25.13,24.95,24.87,24.8,24.82,24.82,25.02,24.91,24.88,24.94,24.94,25.18,25.5,25.95,25.75,25.04,24.96,24.88,25.08,24.84,24.95,24.68,25.04,25.06,25.09,24.96,24.92,24.96,25.19,25.38,25.27,24.95,24.88,24.95
66.94,26.41,24.59,24.75,24.67,24.49,24.44,24.78,24.53,24.94,24.66,24.86,24.56,24.74,24.53,24.88,24.88,24.87,24.59,24.87,24.74,24.77,24.66,24.56,24.74,24.78,24.78,24.76,24.54,24.92,24.92,24.84,25.0,24.75,24.5,24.74,24.69,24.78,24.88,24.85,24.91,25.0,25.0,24.81,24.7,24.88,24.95,24.78,24.68,25.16,24.84,24.69,24.84,24.78,24.85,24.78,24.69,24.88,24.9,25.03,24.86,24.76,24.94,24.78,24.95,24.95,24.72,24.89,24.88,24.9,24.75,24.75,24.87,24.78,25.06,24.91,24.75,24.88,25.0,24.88,24.87,24.87,24.69,24.71,24.87,24.95,24.75,24.98,24.87,24.86,24.84,24.85,24.98,24.92,25.03,24.85,24.84,24.86,25.02,24.73,24.78,24.96,24.98,25.04,24.84,24.84,25.05,25.12,25.12,25.13,25.03,24.76,24.88,24.75,24.87,25.02,24.69,24.75,24.78,24.91,24.91,24.84,25.0,25.31,25.12,25.12,25.06,25.0,24.88,25.03,25.04,24.83,25.03,24.87,24.88,25.12,24.91,24.91,25.26,25.46,25.31,25.06,25.06,25.0,24.94,24.88,25.12,25.03,24.91,24.84,24.87,24.93,24.97,25.04,25.3,25.38,25.35,25.13,25.03,25.14,24.88,24.66,24.86,24.88,25.0,24.88,24.94,24.93,25.05,25.19,25.38,25.66,25.66,25.43,25.31,25.18,24.96,24.75,24.77,24.94,25.03,24.98,24.92,24.78,24.87,25.12,25.78,25.85,25.8,25.76,25.7,25.39,25.16,24.82,24.94,24.86,24.98,24.94,24.91,24.75,24.96,25.06,25.94,26.09,25.88,25.88,25.88,25.31,25.03,25.04,24.81,25.0,25.03,24.98,25.16,25.0,24.92,25.0,25.09,25.45,25.78,26.06,25.53,25.38,25.11,24.95,25.02,24.87,24.78,24.84,25.02,24.96,24.88,24.94,24.94,25.13,25.45,25.98,25.78,25.0,24.89,24.88,25.12,24.84,24.95,24.63,25.0,25.06,25.12,25.01,24.86,24.96,25.18,25.38,25.31,25.02,24.88,24.85
67.05,26.41,24.59,24.75,24.67,24.47,24.46,24.8,24.62,24.88,24.66,24.84,24.56,24.83,24.66,24.88,24.75,24.91,24.72,24.98,24.83,24.71,24.61,24.5,24.81,24.83,24.84,24.71,24.49,24.92,24.99,24.84,25.0,24.75,24.5,24.83,24.69,24.8,24.88,24.78,24.85,24.98,24.98,24.81,24.65,24.86,24.95,24.86,24.68,25.05,24.82,24.69,24.84,24.77,24.85,24.73,24.69,24.88,24.9,25.03,24.86,24.71,24.94,24.78,25.01,25.01,24.65,24.82,24.88,24.95,24.76,24.77,24.81,24.78,25.05,24.91,24.76,24.88,25.0,24.86,24.92,24.96,24.71,24.71,24.81,24.88,24.75,25.02,24.92,24.76,24.84,24.89,25.03,24.92,25.03,24.8,24.83,24.86,25.09,24.73,24.73,24.9,25.02,25.08,24.86,24.84,25.01,25.11,25.11,25.18,25.03,24.71,24.88,24.75,24.9,25.06,24.7,24.75,24.78,24.96,24.96,24.86,25.0,25.28,25.12,25.11,25.06,25.0,24.88,24.96,24.97,24.9,25.03,24.82,24.83,25.11,24.96,24.96,25.26,25.42,25.28,25.06,25.06,25.0,24.94,24.83,25.12,25.03,24.95,24.8,24.82,24.89,24.97,25.08,25.34,25.38,25.3,25.19,25.03,25.14,24.88,24.63,24.81,24.88,25.0,24.88,24.94,24.89,25.01,25.22,25.38,25.66,25.66,25.37,25.31,25.22,25.0,24.77,24.69,24.89,24.97,25.11,24.91,24.78,24.81,25.12,25.78,25.9,25.78,25.76,25.72,25.41,25.14,24.82,24.92,24.79,24.93,24.94,24.97,24.75,24.9,25.08,25.92,26.14,25.88,25.88,25.88,25.27,24.98,25.1,24.73,24.98,24.96,24.93,25.2,25.0,24.88,25.0,25.03,25.45,25.84,26.12,25.55,25.31,25.02,24.92,25.1,24.96,24.8,24.9,25.0,25.01,24.89,24.94,24.94,25.06,25.39,26.0,25.78,25.02,24.8,24.85,25.25,24.84,24.95,24.66,25.0,25.04,25.12,25.07,24.81,24.96,25.1,25.36,25.31,25.11,24.88,24.75
67.16,26.41,24.59,24.75,24.7,24.42,24.52,24.84,24.66,24.88,24.66,24.81,24.56,24.88,24.78,24.88,24.69,24.98,24.78,25.03,24.88,24.73,24.61,24.52,24.84,24.81,24.88,24.71,24.51,24.9,25.03,24.84,25.0,24.75,24.5,24.88,24.69,24.86,24.88,24.73,24.79,24.93,24.93,24.82,24.66,24.81,24.93,24.91,24.7,25.0,24.74,24.69,24.84,24.73,24.86,24.75,24.69,24.86,24.92,25.03,24.88,24.72,24.94,24.78,24.99,25.01,24.68,24.78,24.88,24.93,24.81,24.81,24.78,24.78,25.01,24.89,24.81,24.89,25.0,24.81,24.92,25.0,24.76,24.72,24.77,24.82,24.75,25.01,24.92,24.73,24.84,24.89,25.06,24.94,25.03,24.8,24.78,24.84,25.12,24.75,24.75,24.86,25.01,25.07,24.9,24.84,25.01,25.07,25.07,25.18,25.03,24.72,24.88,24.75,24.84,25.06,24.75,24.75,24.78,24.96,24.96,24.9,25.01,25.28,25.12,25.06,25.06,25.0,24.88,24.9,24.92,24.94,25.03,24.84,24.85,25.07,24.96,24.96,25.28,25.43,25.28,25.06,25.06,25.0,24.94,24.85,25.12,25.01,24.94,24.81,24.84,24.9,24.96,25.07,25.32,25.38,25.33,25.23,25.03,25.12,24.88,24.69,24.82,24.88,25.0,24.86,24.95,24.9,25.01,25.22,25.38,25.66,25.66,25.34,25.31,25.25,24.95,24.81,24.66,24.91,24.94,25.19,24.88,24.78,24.78,25.12,25.77,25.88,25.75,25.78,25.75,25.44,25.09,24.81,24.85,24.75,24.94,24.94,25.0,24.75,24.86,25.12,25.88,26.12,25.88,25.88,25.88,25.28,24.98,25.1,24.76,24.92,24.9,24.94,25.19,25.0,24.88,25.0,25.0,25.46,25.88,26.16,25.59,25.26,24.92,24.88,25.1,25.03,24.84,24.9,24.97,25.01,24.94,24.94,24.94,25.01,25.34,26.03,25.78,25.08,24.75,24.76,25.31,24.84,24.97,24.7,25.0,24.99,25.12,25.05,24.82,24.98,25.06,25.31,25.31,25.16,24.88,24.79
67.28,26.41,24.59,24.75,24.82,24.42,24.61,24.84,24.66,24.88,24.66,24.81,24.56,24.88,24.88,24.88,24.69,24.98,24.78,25.03,24.88,24.81,24.61,24.6,24.84,24.75,24.88,24.71,24.58,24.82,25.03,24.84,25.0,24.75,24.5,24.88,24.69,24.93,24.88,24.66,24.72,24.86,24.86,24.88,24.73,24.75,24.86,24.99,24.79,25.0,24.64,24.69,24.84,24.73,24.93,24.81,24.69,24.81,24.98,25.03,24.94,24.79,24.94,24.78,24.91,25.01,24.76,24.78,24.88,24.86,24.86,24.88,24.78,24.78,24.95,24.84,24.86,24.96,25.0,24.75,24.92,25.0,24.84,24.8,24.71,24.76,24.75,24.95,24.92,24.73,24.84,24.89,25.06,25.0,25.03,24.8,24.71,24.76,25.12,24.81,24.81,24.81,24.95,25.01,24.96,24.84,25.01,25.01,25.01,25.18,25.03,24.79,24.88,24.75,24.77,25.06,24.81,24.75,24.78,24.96,24.96,24.96,25.07,25.28,25.12,24.99,25.06,25.0,24.88,24.82,24.85,24.94,25.03,24.89,24.92,25.01,24.96,24.96,25.32,25.49,25.28,25.06,25.06,25.0,24.94,24.92,25.12,24.94,24.88,24.88,24.89,24.96,24.9,25.01,25.28,25.38,25.44,25.29,25.03,25.06,24.88,24.76,24.9,24.88,25.0,24.81,25.01,24.96,25.01,25.22,25.38,25.66,25.66,25.34,25.31,25.25,24.89,24.88,24.66,24.97,24.94,25.25,24.88,24.78,24.78,25.12,25.71,25.82,25.75,25.82,25.75,25.44,25.03,24.73,24.76,24.75,25.01,24.94,25.0,24.75,24.81,25.18,25.81,26.06,25.88,25.88,25.88,25.34,24.98,25.1,24.86,24.84,24.82,25.01,25.12,25.0,24.88,25.0,25.0,25.51,25.88,26.16,25.66,25.19,24.84,24.88,25.1,25.12,24.84,24.9,24.97,25.01,25.01,24.94,24.94,24.94,25.28,26.03,25.78,25.15,24.75,24.65,25.31,24.84,25.06,24.7,25.0,24.91,25.12,24.98,24.9,25.05,25.06,25.24,25.31,25.16,24.88,24.92
67.38,26.41,24.69,24.75,24.82,24.42,24.68,24.84,24.71,24.88,24.66,24.81,24.56,24.88,24.95,24.78,24.69,24.98,24.78,24.95,24.88,24.81,24.61,24.66,24.84,24.75,24.88,24.65,24.63,24.82,25.03,24.84,24.92,24.75,24.5,24.88,24.69,24.88,24.88,24.66,24.72,24.86,24.81,24.88,24.73,24.75,24.8,24.99,24.79,25.0,24.64,24.74,24.78,24.73,24.98,24.81,24.74,24.81,24.98,24.98,24.94,24.85,24.94,24.78,24.86,25.01,24.82,24.78,24.88,24.86,24.81,24.88,24.82,24.78,24.91,24.84,24.86,25.01,25.0,24.8,24.92,24.93,24.84,24.91,24.71,24.7,24.75,24.91,24.92,24.77,24.84,24.89,25.02,25.05,25.03,24.8,24.71,24.71,25.07,24.86,24.86,24.76,24.91,24.97,24.96,24.84,25.01,25.01,25.01,25.18,25.03,24.85,24.93,24.75,24.77,25.06,24.86,24.8,24.83,24.96,24.96,24.96,25.11,25.28,25.12,24.99,25.06,24.95,24.93,24.77,24.85,24.94,24.98,24.89,24.97,24.97,24.96,25.0,25.32,25.49,25.28,25.06,25.06,25.0,24.94,24.92,25.12,24.89,24.88,24.88,24.89,25.0,24.9,25.01,25.24,25.34,25.48,25.33,25.08,25.02,24.88,24.76,24.96,24.88,25.0,24.81,25.01,25.0,24.97,25.22,25.38,25.66,25.61,25.39,25.31,25.25,24.89,24.88,24.66,24.97,24.98,25.25,24.88,24.78,24.78,25.12,25.67,25.78,25.75,25.86,25.75,25.44,25.03,24.68,24.76,24.75,25.01,24.98,25.0,24.79,24.81,25.18,25.77,26.06,25.88,25.88,25.88,25.39,24.98,25.1,24.86,24.84,24.82,25.06,25.12,25.0,24.88,25.0,25.05,25.55,25.83,26.16,25.7,25.14,24.78,24.95,25.18,25.2,24.78,24.9,25.02,25.06,25.06,24.94,24.94,24.94,25.23,26.03,25.78,25.21,24.75,24.65,25.21,24.84,25.13,24.63,24.94,24.91,25.07,24.98,24.96,25.11,25.01,25.24,25.31,25.16,24.88,24.92
67.52,26.41,24.82,24.75,24.73,24.36,24.77,24.9,24.79,24.94,24.66,24.75,24.56,24.88,25.04,24.66,24.69,25.08,24.78,24.85,24.88,24.81,24.66,24.74,24.84,24.75,24.88,24.64,24.7,24.88,25.03,24.84,24.8,24.75,24.5,24.88,24.69,24.81,24.88,24.71,24.78,24.86,24.74,24.84,24.73,24.75,24.78,24.93,24.72,25.0,24.64,24.82,24.7,24.68,25.0,24.81,24.81,24.85,24.93,24.91,24.89,24.91,24.94,24.78,24.78,24.95,24.9,24.78,24.88,24.86,24.74,24.88,24.88,24.78,24.85,24.88,24.86,25.03,25.0,24.87,24.87,24.85,24.84,25.0,24.75,24.69,24.75,24.85,24.87,24.87,24.84,24.85,24.96,25.06,25.03,24.85,24.71,24.69,25.0,24.88,24.92,24.75,24.85,24.91,24.96,24.84,25.05,25.01,25.01,25.13,25.03,24.91,25.0,24.75,24.72,25.02,24.92,24.86,24.9,24.91,24.91,24.96,25.12,25.31,25.12,24.99,25.06,24.89,25.0,24.75,24.9,24.94,24.91,24.89,25.04,24.91,24.91,25.01,25.29,25.49,25.31,25.06,25.06,25.0,24.94,24.92,25.12,24.88,24.88,24.88,24.89,25.05,24.94,25.01,25.19,25.29,25.49,25.34,25.14,25.0,24.88,24.81,25.03,24.88,25.0,24.85,24.96,25.05,24.96,25.19,25.38,25.66,25.56,25.44,25.31,25.25,24.84,24.88,24.66,24.97,25.05,25.2,24.83,24.78,24.78,25.12,25.66,25.73,25.7,25.88,25.8,25.48,25.03,24.66,24.76,24.75,25.01,25.05,25.0,24.85,24.85,25.18,25.7,26.06,25.88,25.88,25.88,25.45,25.03,25.04,24.86,24.84,24.88,25.13,25.12,25.0,24.92,25.0,25.11,25.56,25.77,26.16,25.77,25.12,24.7,24.97,25.21,25.22,24.76,24.84,25.03,25.08,25.13,24.94,24.94,25.0,25.22,26.08,25.78,25.28,24.75,24.65,25.08,24.84,25.16,24.61,24.86,24.91,24.99,24.98,25.03,25.12,24.93,25.24,25.31,25.16,24.88,24.92
67.61,26.41,24.82,24.75,24.64,24.43,24.77,24.96,24.79,24.94,24.66,24.69,24.56,24.88,25.04,24.66,24.79,25.18,24.78,24.77,24.88,24.86,24.72,24.8,24.79,24.75,24.88,24.69,24.75,24.88,25.03,24.84,24.8,24.84,24.58,24.81,24.69,24.81,24.83,24.77,24.83,24.81,24.74,24.84,24.78,24.7,24.78,24.93,24.72,25.0,24.64,24.82,24.7,24.68,25.0,24.86,24.81,24.85,24.93,24.91,24.94,24.97,24.89,24.78,24.78,24.88,24.96,24.78,24.88,24.81,24.74,24.92,24.88,24.78,24.81,24.88,24.9,25.03,25.0,24.82,24.82,24.85,24.89,25.0,24.75,24.69,24.75,24.85,24.82,24.91,24.84,24.81,24.92,25.1,25.03,24.9,24.71,24.69,24.95,24.88,24.97,24.75,24.81,24.87,24.96,24.84,25.05,24.97,25.01,25.09,25.08,24.97,25.0,24.75,24.72,24.97,24.97,24.86,24.9,24.87,24.91,24.96,25.12,25.31,25.12,24.99,25.06,24.89,25.0,24.75,24.95,24.94,24.91,24.94,25.04,24.87,24.87,25.01,25.29,25.49,25.31,25.06,25.1,25.0,24.94,24.92,25.07,24.88,24.88,24.92,24.94,25.05,24.94,25.01,25.19,25.33,25.49,25.3,25.14,25.05,24.88,24.87,25.03,24.93,24.95,24.94,24.92,25.05,24.96,25.11,25.38,25.66,25.56,25.44,25.27,25.21,24.78,24.92,24.71,24.97,25.05,25.16,24.83,24.82,24.78,25.08,25.61,25.73,25.7,25.88,25.8,25.48,24.98,24.71,24.76,24.81,25.01,25.05,25.0,24.89,24.94,25.18,25.61,25.98,25.92,25.92,25.88,25.5,25.03,24.98,24.93,24.84,24.94,25.13,25.08,25.0,24.97,25.05,25.11,25.52,25.72,26.16,25.81,25.18,24.7,24.9,25.13,25.15,24.82,24.84,25.03,25.03,25.13,24.94,24.98,25.05,25.22,26.08,25.78,25.34,24.82,24.65,24.98,24.84,25.16,24.68,24.86,24.86,24.94,24.98,25.09,25.12,24.93,25.24,25.31,25.16,24.96,25.02
67.7,26.41,24.82,24.75,24.55,24.52,24.74,25.0,24.79,24.92,24.66,24.66,24.56,24.88,25.02,24.66,24.88,25.25,24.78,24.69,24.88,24.9,24.75,24.84,24.74,24.77,24.88,24.72,24.78,24.88,25.03,24.84,24.8,24.94,24.66,24.74,24.69,24.79,24.78,24.82,24.88,24.78,24.76,24.84,24.82,24.67,24.78,24.93,24.72,25.0,24.67,24.82,24.7,24.7,25.0,24.89,24.81,24.85,24.93,24.91,24.98,25.0,24.83,24.78,24.8,24.84,25.0,24.78,24.88,24.78,24.73,24.95,24.88,24.78,24.78,24.88,24.93,25.03,25.0,24.79,24.78,24.85,24.93,25.0,24.75,24.69,24.75,24.87,24.78,24.94,24.84,24.78,24.88,25.15,25.03,24.94,24.72,24.69,24.9,24.88,25.0,24.75,24.78,24.84,24.94,24.84,25.04,24.94,25.03,25.06,25.12,25.0,25.0,24.75,24.75,24.94,25.0,24.86,24.9,24.84,24.93,24.94,25.12,25.3,25.12,25.0,25.06,24.89,25.0,24.75,25.0,24.94,24.91,24.96,25.02,24.84,24.84,25.03,25.29,25.47,25.3,25.06,25.15,25.0,24.94,24.9,25.02,24.88,24.89,24.95,24.96,25.04,24.94,25.03,25.2,25.37,25.47,25.26,25.14,25.09,24.88,24.88,25.01,24.98,24.9,25.03,24.88,25.04,24.94,25.04,25.38,25.66,25.56,25.44,25.23,25.18,24.77,24.95,24.77,24.95,25.05,25.11,24.84,24.87,24.78,25.04,25.57,25.74,25.72,25.88,25.78,25.47,24.95,24.77,24.78,24.86,25.0,25.05,25.0,24.93,25.03,25.16,25.54,25.91,25.97,25.97,25.88,25.53,25.01,24.94,24.98,24.86,24.99,25.12,25.05,25.0,25.0,25.09,25.11,25.49,25.67,26.16,25.84,25.23,24.72,24.85,25.07,25.08,24.86,24.86,25.05,25.0,25.12,24.94,25.03,25.1,25.22,26.06,25.78,25.38,24.89,24.68,24.89,24.84,25.16,24.72,24.86,24.82,24.88,24.99,25.12,25.12,24.93,25.25,25.31,25.16,25.04,25.08
67.81,26.41,24.82,24.75,24.49,24.63,24.68,24.98,24.81,24.88,24.66,24.66,24.58,24.88,24.97,24.66,24.95,25.22,24.78,24.63,24.88,24.88,24.75,24.84,24.71,24.83,24.88,24.71,24.78,24.88,25.03,24.84,24.78,25.0,24.74,24.7,24.69,24.74,24.73,24.85,24.93,24.79,24.79,24.84,24.8,24.69,24.8,24.91,24.72,24.97,24.74,24.84,24.7,24.73,24.98,24.89,24.82,24.86,24.93,24.89,25.02,25.0,24.8,24.8,24.86,24.82,24.98,24.78,24.88,24.78,24.69,24.94,24.89,24.8,24.8,24.89,24.92,25.03,25.0,24.81,24.78,24.82,24.91,25.0,24.77,24.7,24.75,24.89,24.78,24.94,24.86,24.8,24.84,25.16,25.03,24.95,24.78,24.69,24.85,24.88,25.0,24.76,24.78,24.83,24.89,24.84,25.01,24.96,25.07,25.06,25.16,25.0,25.0,24.77,24.84,24.94,25.0,24.88,24.92,24.86,24.94,24.9,25.12,25.28,25.12,25.04,25.06,24.89,25.0,24.75,25.04,24.94,24.91,24.95,24.99,24.86,24.84,25.05,25.28,25.43,25.28,25.06,25.18,25.0,24.94,24.85,24.99,24.89,24.92,24.94,24.96,25.01,24.96,25.07,25.22,25.4,25.43,25.22,25.14,25.11,24.88,24.84,24.98,25.01,24.86,25.09,24.84,25.01,24.91,25.01,25.38,25.66,25.56,25.44,25.2,25.14,24.81,24.94,24.81,24.92,25.06,25.06,24.88,24.89,24.78,25.02,25.54,25.77,25.75,25.88,25.73,25.42,24.97,24.82,24.83,24.92,24.96,25.05,24.98,24.96,25.1,25.12,25.5,25.88,26.02,26.0,25.88,25.52,24.98,24.94,24.96,24.92,25.05,25.08,25.05,25.0,25.0,25.12,25.11,25.46,25.64,26.14,25.83,25.26,24.78,24.88,25.07,25.01,24.86,24.92,25.08,25.01,25.06,24.94,25.06,25.15,25.25,26.03,25.76,25.36,24.94,24.76,24.79,24.84,25.13,24.72,24.84,24.84,24.84,25.05,25.11,25.12,24.97,25.32,25.33,25.13,25.1,25.08
67.94,26.41,24.82,24.75,24.49,24.72,24.59,24.9,24.88,24.88,24.66,24.66,24.67,24.88,24.97,24.66,24.95,25.08,24.78,24.63,24.88,24.81,24.75,24.84,24.71,24.96,24.88,24.64,24.78,24.88,25.03,24.84,24.66,25.0,24.85,24.7,24.69,24.66,24.67,24.85,25.0,24.86,24.79,24.84,24.73,24.75,24.88,24.84,24.72,24.86,24.84,24.91,24.7,24.73,24.91,24.89,24.89,24.92,24.93,24.82,25.02,25.0,24.8,24.88,24.93,24.72,24.9,24.78,24.88,24.78,24.63,24.88,24.95,24.85,24.85,24.95,24.86,25.03,25.0,24.87,24.78,24.74,24.84,25.0,24.82,24.77,24.75,24.89,24.78,24.94,24.91,24.85,24.78,25.1,25.03,25.02,24.84,24.69,24.78,24.88,25.0,24.82,24.78,24.77,24.77,24.84,25.01,25.01,25.12,25.06,25.16,25.0,25.0,24.84,24.92,24.94,25.0,24.94,24.99,24.91,24.89,24.84,25.12,25.28,25.12,25.04,25.06,24.89,25.0,24.75,25.04,24.94,24.91,24.89,24.99,24.91,24.84,25.05,25.22,25.38,25.28,25.06,25.18,25.0,24.94,24.78,24.99,24.96,24.92,24.88,24.96,25.01,25.01,25.12,25.22,25.4,25.38,25.16,25.14,25.05,24.88,24.84,24.98,25.01,24.86,25.09,24.78,25.01,24.91,25.01,25.38,25.66,25.56,25.44,25.2,25.09,24.88,24.88,24.81,24.92,25.12,25.0,24.88,24.89,24.78,25.08,25.54,25.77,25.75,25.88,25.67,25.36,25.03,24.9,24.83,24.99,24.96,25.05,24.92,24.96,25.16,25.06,25.44,25.88,26.08,26.0,25.88,25.45,24.98,24.94,24.86,25.0,25.12,25.08,25.05,25.0,25.0,25.12,25.11,25.46,25.64,26.08,25.77,25.26,24.86,24.97,25.07,24.91,24.86,24.99,25.08,25.08,25.0,24.94,25.06,25.22,25.38,26.03,25.7,25.28,24.94,24.88,24.66,24.84,25.04,24.72,24.76,24.91,24.84,25.12,25.03,25.12,25.11,25.47,25.41,25.04,25.1,25.08
68.03,26.41,24.72,24.75,24.58,24.79,24.52,24.84,24.88,24.88,24.66,24.66,24.74,24.88,24.97,24.75,24.95,24.98,24.78,24.71,24.88,24.81,24.75,24.84,24.71,25.01,24.88,24.64,24.78,24.82,25.03,24.84,24.66,25.0,24.92,24.7,24.69,24.71,24.62,24.8,25.0,24.86,24.79,24.88,24.73,24.75,24.93,24.84,24.79,24.78,24.84,24.91,24.76,24.73,24.86,24.94,24.89,24.92,24.98,24.82,25.06,25.0,24.8,24.93,24.99,24.64,24.84,24.78,24.88,24.72,24.68,24.88,24.95,24.89,24.89,24.95,24.86,25.03,25.0,24.82,24.78,24.74,24.84,24.94,24.82,24.82,24.75,24.89,24.78,24.9,24.96,24.89,24.78,25.05,25.03,25.06,24.84,24.69,24.78,24.88,25.0,24.86,24.78,24.73,24.73,24.84,25.01,25.01,25.12,25.06,25.16,25.0,24.94,24.9,24.92,24.94,25.0,24.94,24.99,24.96,24.84,24.84,25.12,25.28,25.12,24.99,25.06,24.94,24.94,24.75,24.99,24.94,24.96,24.89,24.99,24.96,24.84,25.01,25.22,25.38,25.28,25.06,25.18,25.0,24.94,24.78,24.99,25.01,24.88,24.88,25.01,25.01,25.01,25.12,25.22,25.44,25.38,25.12,25.09,25.0,24.88,24.9,24.98,25.01,24.86,25.04,24.78,25.01,24.96,25.01,25.38,25.66,25.6,25.4,25.2,25.05,24.88,24.88,24.81,24.97,25.12,25.0,24.88,24.89,24.78,25.11,25.54,25.77,25.75,25.88,25.62,25.31,25.03,24.96,24.76,25.05,25.01,25.0,24.88,24.92,25.16,25.06,25.4,25.84,26.12,26.0,25.88,25.41,24.98,24.94,24.86,25.0,25.12,25.08,25.0,25.0,25.0,25.12,25.06,25.46,25.69,26.03,25.72,25.26,24.92,24.97,24.99,24.84,24.92,25.05,25.03,25.08,24.94,24.94,25.06,25.22,25.47,26.03,25.64,25.22,24.94,24.88,24.66,24.84,24.97,24.79,24.76,24.91,24.9,25.12,24.98,25.12,25.28,25.52,25.48,24.97,25.1,25.18
68.14,26.41,24.59,24.75,24.7,24.88,24.52,24.84,24.88,24.81,24.66,24.66,24.82,24.96,24.88,24.75,24.95,24.98,24.78,24.71,24.79,24.81,24.82,24.84,24.71,25.01,24.81,24.64,24.86,24.82,25.03,24.76,24.78,25.0,25.03,24.7,24.69,24.71,24.62,24.8,25.0,24.79,24.79,24.88,24.8,24.75,24.93,24.84,24.88,24.66,24.84,24.91,24.84,24.73,24.79,25.0,24.82,24.86,24.98,24.89,25.12,25.05,24.8,24.93,24.99,24.64,24.84,24.78,24.88,24.72,24.75,24.94,24.89,24.89,24.95,24.89,24.92,25.03,25.0,24.75,24.78,24.74,24.91,24.94,24.77,24.82,24.75,24.89,24.78,24.9,24.89,24.89,24.84,25.05,25.03,25.06,24.84,24.69,24.85,24.88,25.0,24.86,24.78,24.73,24.73,24.84,25.01,24.96,25.12,25.06,25.16,25.0,24.88,24.9,24.92,25.0,25.0,24.94,24.92,24.96,24.84,24.84,25.12,25.22,25.12,24.99,25.06,25.0,24.88,24.75,24.92,24.94,25.03,24.95,24.92,24.9,24.84,25.01,25.28,25.38,25.28,25.06,25.18,25.06,24.94,24.78,24.92,25.01,24.88,24.94,25.01,24.96,25.01,25.12,25.28,25.49,25.32,25.01,25.03,25.06,24.88,24.9,24.9,25.01,24.86,24.99,24.84,24.96,24.96,25.01,25.38,25.66,25.6,25.29,25.14,25.0,24.94,24.94,24.88,24.97,25.06,25.0,24.94,24.95,24.78,25.11,25.6,25.82,25.75,25.77,25.45,25.19,24.97,25.03,24.76,25.05,25.01,24.94,24.94,24.92,25.16,25.06,25.4,25.78,26.19,26.0,25.75,25.28,24.98,24.94,24.86,24.92,25.05,25.01,24.94,25.0,25.06,25.12,25.11,25.59,25.81,25.97,25.66,25.26,25.0,24.88,24.88,24.84,25.0,25.12,24.97,25.01,24.94,25.0,25.12,25.34,25.66,25.89,25.51,25.15,24.94,24.88,24.66,24.84,24.97,24.88,24.76,24.91,24.98,25.12,25.04,25.26,25.42,25.46,25.48,24.97,25.1,25.04
68.25,26.41,24.59,24.75,24.79,24.8,24.59,24.84,24.94,24.81,24.66,24.66,24.89,25.03,24.88,24.66,24.85,24.98,24.78,24.71,24.72,24.75,24.88,24.84,24.76,25.01,24.77,24.59,24.91,24.88,25.03,24.69,24.78,24.91,25.03,24.77,24.69,24.66,24.67,24.8,25.0,24.79,24.74,24.84,24.8,24.8,24.93,24.78,24.88,24.58,24.84,24.97,24.84,24.68,24.74,25.0,24.82,24.86,24.93,24.89,25.08,25.09,24.85,24.93,24.93,24.64,24.84,24.78,24.88,24.78,24.75,24.94,24.89,24.89,24.99,24.89,24.92,25.03,25.0,24.8,24.78,24.67,24.91,25.0,24.77,24.82,24.75,24.85,24.78,24.94,24.84,24.89,24.88,25.01,25.03,25.06,24.84,24.69,24.9,24.88,25.0,24.86,24.78,24.73,24.73,24.84,25.05,24.96,25.12,25.06,25.11,25.0,24.88,24.9,24.87,25.05,25.0,24.98,24.92,24.96,24.8,24.84,25.12,25.22,25.12,24.99,25.06,25.0,24.88,24.75,24.87,24.94,25.03,24.95,24.92,24.86,24.84,25.01,25.28,25.38,25.31,25.06,25.13,25.11,24.94,24.78,24.92,25.01,24.88,24.94,24.96,24.96,25.05,25.12,25.28,25.45,25.29,24.96,25.03,25.06,24.88,24.9,24.9,24.96,24.91,24.9,24.88,24.96,24.96,25.05,25.38,25.66,25.56,25.25,25.14,25.0,25.0,24.94,24.88,24.97,25.06,25.0,24.94,24.95,24.78,25.15,25.68,25.82,25.7,25.69,25.37,25.14,24.97,25.03,24.76,24.99,25.01,24.94,24.98,24.92,25.11,25.06,25.44,25.81,26.19,25.95,25.66,25.18,25.03,24.94,24.78,24.86,24.99,25.01,24.94,25.0,25.11,25.08,25.2,25.72,25.9,25.92,25.61,25.21,25.0,24.88,24.88,24.91,25.0,25.12,24.92,25.01,25.0,25.05,25.12,25.44,25.8,25.84,25.41,25.09,24.87,24.88,24.66,24.84,24.97,24.88,24.7,24.97,25.03,25.12,25.08,25.35,25.48,25.4,25.48,24.97,25.02,24.84
68.38,26.41,24.59,24.75,24.91,24.78,24.61,24.78,25.01,24.81,24.66,24.66,24.91,24.98,24.88,24.62,24.82,24.87,24.78,24.71,24.63,24.68,24.9,24.84,24.78,25.01,24.75,24.57,24.93,24.9,25.03,24.67,24.78,24.78,25.03,24.85,24.74,24.64,24.69,24.8,24.95,24.79,24.72,24.82,24.8,24.86,24.93,24.71,24.94,24.55,24.77,24.99,24.84,24.66,24.72,24.95,24.82,24.86,24.88,24.89,25.02,25.1,24.87,24.93,24.91,24.64,24.84,24.78,24.88,24.85,24.79,24.89,24.94,24.89,25.05,24.94,24.92,25.03,25.0,24.86,24.78,24.65,24.91,24.96,24.81,24.82,24.75,24.84,24.78,24.96,24.82,24.89,24.89,24.95,25.03,25.06,24.84,24.69,24.97,24.88,25.0,24.86,24.78,24.77,24.77,24.84,25.07,24.96,25.12,25.06,25.05,25.0,24.88,24.9,24.8,25.06,24.95,25.05,24.92,24.96,24.79,24.89,25.12,25.22,25.12,24.99,25.06,25.0,24.88,24.75,24.8,24.89,25.03,24.91,24.97,24.84,24.84,25.01,25.28,25.38,25.32,25.06,25.03,25.12,24.94,24.78,24.97,25.01,24.88,24.89,24.95,24.96,25.07,25.12,25.28,25.39,25.24,24.95,25.03,25.02,24.93,24.9,24.9,24.89,24.98,24.82,24.94,25.0,24.96,25.07,25.3,25.61,25.5,25.19,25.14,25.0,25.01,24.94,24.88,25.02,25.06,25.0,24.94,24.95,24.87,25.25,25.75,25.74,25.56,25.54,25.25,25.08,24.97,25.03,24.76,24.98,25.06,24.94,24.95,24.92,25.14,25.19,25.5,25.82,26.01,25.81,25.48,25.05,25.05,24.94,24.76,24.84,24.98,25.01,24.94,25.0,25.26,25.19,25.36,25.8,25.88,25.72,25.45,25.09,25.0,24.88,24.88,25.01,25.0,25.12,24.86,25.06,25.11,25.25,25.21,25.56,25.84,25.72,25.28,25.02,24.77,24.88,24.66,24.84,24.97,24.88,24.61,25.04,25.2,25.28,25.2,25.43,25.5,25.34,25.41,24.97,24.9,24.68
68.47,26.41,24.59,24.75,24.94,24.8,24.61,24.76,25.03,24.79,24.66,24.66,24.89,24.94,24.85,24.62,24.85,24.84,24.78,24.69,24.59,24.66,24.9,24.84,24.76,25.0,24.75,24.59,24.93,24.9,25.03,24.67,24.8,24.75,25.03,24.88,24.78,24.64,24.69,24.82,24.91,24.78,24.74,24.82,24.82,24.88,24.91,24.69,24.98,24.58,24.72,24.97,24.84,24.68,24.74,24.92,24.81,24.85,24.85,24.91,25.0,25.1,24.85,24.91,24.91,24.67,24.86,24.78,24.88,24.88,24.82,24.88,24.95,24.88,25.06,24.95,24.93,25.03,25.0,24.88,24.78,24.67,24.93,24.92,24.82,24.81,24.75,24.85,24.78,24.96,24.8,24.88,24.89,24.95,25.03,25.05,24.84,24.69,25.0,24.88,25.0,24.85,24.78,24.82,24.82,24.84,25.05,24.94,25.12,25.06,25.03,25.0,24.88,24.88,24.78,25.06,24.92,25.06,24.9,24.94,24.82,24.91,25.12,25.21,25.12,25.0,25.06,25.0,24.88,24.75,24.78,24.85,25.03,24.89,24.99,24.83,24.84,25.03,25.29,25.38,25.31,25.06,24.98,25.12,24.94,24.78,24.99,25.0,24.89,24.88,24.95,24.94,25.05,25.12,25.29,25.38,25.21,24.95,25.03,25.02,24.96,24.88,24.88,24.88,25.0,24.82,24.96,25.01,24.94,25.05,25.24,25.59,25.47,25.16,25.13,25.0,25.01,24.95,24.9,25.03,25.05,25.0,24.95,24.96,24.93,25.28,25.77,25.7,25.48,25.46,25.2,25.05,24.95,25.03,24.78,24.98,25.08,24.94,24.94,24.93,25.18,25.28,25.53,25.81,25.9,25.73,25.39,25.0,25.03,24.94,24.78,24.84,24.98,25.0,24.94,25.0,25.34,25.3,25.44,25.81,25.83,25.62,25.37,25.04,25.0,24.85,24.88,25.05,25.0,25.12,24.84,25.08,25.18,25.37,25.29,25.62,25.81,25.63,25.23,25.0,24.75,24.88,24.66,24.84,24.99,24.88,24.59,25.06,25.29,25.38,25.28,25.47,25.46,25.28,25.35,24.99,24.88,24.61
68.61,26.41,24.59,24.75,24.94,24.88,24.61,24.76,25.03,24.73,24.66,24.66,24.82,24.88,24.78,24.62,24.95,24.84,24.78,24.61,24.52,24.66,24.9,24.84,24.71,24.94,24.75,24.64,24.93,24.9,25.03,24.67,24.89,24.75,25.03,24.88,24.84,24.64,24.69,24.87,24.86,24.72,24.79,24.82,24.87,24.88,24.86,24.69,25.05,24.66,24.64,24.91,24.84,24.73,24.79,24.88,24.76,24.81,24.81,24.96,25.0,25.1,24.8,24.86,24.91,24.74,24.92,24.78,24.88,24.93,24.86,24.88,24.95,24.84,25.06,24.95,24.98,25.03,25.0,24.88,24.78,24.74,24.99,24.86,24.82,24.76,24.75,24.89,24.78,24.96,24.76,24.84,24.89,25.0,25.03,25.0,24.84,24.69,25.06,24.88,25.0,24.81,24.78,24.9,24.9,24.84,25.01,24.9,25.12,25.06,25.03,25.0,24.88,24.82,24.78,25.06,24.88,25.06,24.85,24.9,24.9,24.96,25.12,25.18,25.12,25.06,25.06,25.0,24.88,24.75,24.78,24.8,25.03,24.89,24.99,24.79,24.84,25.07,25.32,25.38,25.28,25.06,24.94,25.12,24.94,24.78,24.99,24.94,24.94,24.88,24.95,24.9,25.01,25.12,25.32,25.38,25.18,24.95,25.03,25.06,25.01,24.82,24.82,24.88,25.0,24.86,25.01,25.01,24.9,25.01,25.16,25.54,25.43,25.12,25.09,25.0,25.01,25.0,24.96,25.03,25.0,25.0,25.0,25.01,25.02,25.28,25.77,25.66,25.4,25.34,25.11,25.0,24.91,25.03,24.85,24.98,25.08,24.94,24.94,24.98,25.27,25.41,25.57,25.78,25.72,25.65,25.25,24.94,24.98,24.94,24.86,24.84,24.98,24.94,24.94,25.0,25.48,25.48,25.58,25.81,25.74,25.48,25.27,24.99,25.0,24.78,24.88,25.12,25.0,25.12,24.84,25.08,25.28,25.55,25.42,25.72,25.72,25.48,25.19,25.0,24.75,24.88,24.66,24.84,25.06,24.88,24.59,25.06,25.39,25.54,25.44,25.51,25.36,25.18,25.22,25.06,24.88,24.51
68.69,26.41,24.59,24.75,24.94,24.88,24.61,24.76,24.99,24.73,24.69,24.69,24.78,24.83,24.78,24.62,24.95,24.84,24.78,24.55,24.52,24.66,24.87,24.84,24.71,24.91,24.75,24.64,24.93,24.9,25.03,24.67,24.94,24.75,24.98,24.88,24.88,24.61,24.69,24.9,24.86,24.72,24.79,24.8,24.87,24.88,24.86,24.72,25.05,24.72,24.64,24.91,24.84,24.77,24.83,24.84,24.72,24.81,24.81,25.0,24.97,25.07,24.8,24.82,24.91,24.79,24.92,24.78,24.88,24.97,24.89,24.91,24.89,24.81,25.06,24.95,25.0,25.0,24.97,24.88,24.78,24.78,24.99,24.86,24.82,24.72,24.78,24.92,24.78,24.96,24.73,24.84,24.92,25.03,25.03,24.97,24.84,24.72,25.09,24.88,24.97,24.78,24.78,24.93,24.96,24.82,24.98,24.9,25.12,25.06,25.03,24.97,24.88,24.82,24.82,25.06,24.84,25.03,24.85,24.87,24.93,24.96,25.12,25.18,25.12,25.09,25.06,24.97,24.88,24.79,24.82,24.8,25.03,24.89,24.99,24.79,24.87,25.1,25.32,25.38,25.28,25.06,24.94,25.12,24.9,24.78,24.99,24.91,25.0,24.88,24.92,24.87,25.01,25.12,25.32,25.35,25.15,24.95,25.03,25.09,25.01,24.79,24.79,24.88,25.0,24.89,25.03,24.98,24.9,25.01,25.14,25.49,25.34,25.06,25.06,25.0,25.01,25.0,24.96,25.03,24.97,25.0,25.03,25.03,25.05,25.28,25.74,25.6,25.34,25.26,25.06,24.97,24.91,24.99,24.89,24.94,25.05,24.97,25.0,25.06,25.33,25.44,25.57,25.69,25.61,25.56,25.16,24.91,24.94,24.94,24.91,24.84,24.94,24.91,24.97,25.12,25.56,25.53,25.61,25.76,25.65,25.39,25.24,24.95,24.96,24.73,24.88,25.17,25.0,25.12,24.88,25.14,25.37,25.64,25.46,25.68,25.59,25.35,25.16,25.0,24.75,24.82,24.66,24.9,25.11,24.92,24.71,25.13,25.45,25.6,25.51,25.54,25.25,25.1,25.13,25.06,24.88,24.45
68.83,26.41,24.59,24.78,24.94,24.88,24.57,24.72,24.94,24.77,24.77,24.75,24.67,24.7,24.8,24.69,24.98,24.77,24.78,24.53,24.57,24.66,24.78,24.84,24.69,24.88,24.78,24.65,24.89,24.86,25.03,24.71,24.97,24.75,24.87,24.85,24.95,24.59,24.67,24.92,24.86,24.74,24.81,24.8,24.85,24.88,24.89,24.8,25.05,24.83,24.64,24.89,24.84,24.83,24.88,24.78,24.69,24.82,24.83,25.03,24.92,24.97,24.8,24.78,24.93,24.84,24.88,24.78,24.88,25.0,24.95,24.92,24.79,24.78,25.06,24.96,25.02,24.93,24.91,24.88,24.8,24.87,24.95,24.83,24.84,24.69,24.84,24.96,24.78,24.93,24.75,24.85,24.94,25.05,25.03,24.94,24.84,24.78,25.11,24.88,24.92,24.75,24.8,24.96,25.03,24.77,24.93,24.93,25.12,25.06,25.03,24.91,24.88,24.84,24.87,25.03,24.78,24.98,24.88,24.84,24.96,24.96,25.12,25.2,25.12,25.12,25.06,24.92,24.88,24.84,24.88,24.8,25.01,24.87,25.0,24.84,24.93,25.12,25.3,25.38,25.26,25.06,24.94,25.09,24.83,24.78,25.02,24.88,25.08,24.84,24.89,24.84,25.01,25.11,25.3,25.29,25.12,24.98,25.05,25.09,25.01,24.75,24.77,24.89,25.0,24.95,25.06,24.96,24.91,25.01,25.09,25.37,25.2,24.99,25.03,25.01,25.0,24.97,24.92,25.05,24.95,25.0,25.06,25.06,25.1,25.3,25.64,25.45,25.22,25.15,24.98,24.94,24.92,24.94,24.94,24.92,25.01,25.03,25.09,25.21,25.43,25.48,25.53,25.53,25.36,25.37,25.02,24.88,24.88,24.94,24.98,24.88,24.92,24.91,25.06,25.32,25.69,25.62,25.6,25.58,25.45,25.21,25.16,24.88,24.88,24.69,24.9,25.22,25.0,25.14,24.97,25.3,25.52,25.75,25.47,25.55,25.34,25.17,25.11,24.98,24.75,24.73,24.66,25.02,25.16,25.03,24.94,25.28,25.57,25.7,25.54,25.52,25.08,25.03,25.01,25.04,24.88,24.45
68.9,26.41,24.59,24.84,24.94,24.88,24.52,24.68,24.94,24.81,24.81,24.75,24.59,24.61,24.8,24.75,25.05,24.7,24.78,24.58,24.61,24.66,24.74,24.84,24.65,24.88,24.81,24.69,24.86,24.82,25.03,24.76,24.92,24.75,24.82,24.81,24.99,24.63,24.67,24.89,24.86,24.74,24.85,24.86,24.85,24.88,24.93,24.84,25.05,24.89,24.64,24.86,24.84,24.87,24.88,24.75,24.69,24.82,24.86,25.03,24.92,24.91,24.8,24.78,24.93,24.84,24.84,24.78,24.88,25.0,24.98,24.89,24.76,24.78,25.06,24.96,24.99,24.89,24.91,24.88,24.83,24.91,24.91,24.79,24.84,24.69,24.88,24.96,24.78,24.9,24.82,24.85,24.91,25.02,25.03,24.94,24.84,24.78,25.07,24.88,24.92,24.75,24.82,24.96,25.03,24.77,24.9,24.96,25.12,25.06,25.03,24.91,24.88,24.84,24.87,25.0,24.75,24.98,24.92,24.84,24.96,24.96,25.12,25.22,25.12,25.12,25.06,24.92,24.88,24.84,24.92,24.8,24.98,24.84,25.0,24.9,24.96,25.12,25.28,25.38,25.24,25.06,24.94,25.06,24.8,24.78,25.06,24.88,25.08,24.81,24.89,24.84,25.01,25.08,25.28,25.23,25.12,25.01,25.08,25.06,25.01,24.75,24.81,24.93,25.0,24.98,25.06,24.96,24.91,25.01,25.06,25.29,25.14,24.99,25.03,25.04,25.0,24.94,24.88,25.05,24.98,25.0,25.06,25.06,25.13,25.32,25.56,25.36,25.13,25.12,24.95,24.94,24.92,24.94,24.94,24.96,25.01,25.06,25.15,25.27,25.46,25.48,25.47,25.45,25.22,25.25,24.96,24.88,24.88,24.94,24.98,24.92,24.96,24.97,25.15,25.37,25.72,25.62,25.54,25.46,25.33,25.12,25.09,24.85,24.84,24.69,24.96,25.22,25.0,25.17,25.07,25.4,25.55,25.71,25.44,25.46,25.24,25.14,25.07,24.94,24.75,24.73,24.66,25.08,25.16,25.11,25.06,25.35,25.6,25.7,25.47,25.46,25.04,25.03,24.96,25.04,24.88,24.52
69.01,26.41,24.59,24.96,24.94,24.88,24.44,24.59,24.94,24.88,24.88,24.75,24.42,24.44,24.8,24.88,25.18,24.56,24.78,24.69,24.7,24.66,24.66,24.84,24.59,24.88,24.88,24.76,24.78,24.75,25.03,24.84,24.8,24.75,24.71,24.72,25.06,24.7,24.67,24.82,24.86,24.74,24.91,24.98,24.85,24.88,25.01,24.91,25.05,25.0,24.64,24.78,24.84,24.94,24.88,24.69,24.69,24.82,24.92,25.03,24.92,24.79,24.8,24.78,24.93,24.84,24.76,24.78,24.88,25.0,25.03,24.83,24.69,24.78,25.06,24.96,24.93,24.82,24.91,24.88,24.9,25.0,24.84,24.72,24.84,24.69,24.94,24.96,24.78,24.84,24.94,24.85,24.85,24.95,25.03,24.94,24.84,24.78,25.0,24.88,24.92,24.75,24.88,24.96,25.03,24.77,24.84,25.01,25.12,25.06,25.03,24.91,24.88,24.84,24.87,24.94,24.69,24.98,24.99,24.84,24.96,24.96,25.12,25.28,25.12,25.12,25.06,24.92,24.88,24.84,24.99,24.8,24.91,24.78,25.0,25.01,25.01,25.12,25.22,25.38,25.19,25.06,24.94,25.0,24.73,24.78,25.12,24.88,25.08,24.75,24.89,24.84,25.01,25.03,25.22,25.13,25.12,25.06,25.14,25.0,25.01,24.75,24.88,25.0,25.0,25.03,25.06,24.96,24.91,25.01,25.01,25.13,25.02,24.99,25.03,25.09,25.0,24.88,24.81,25.05,25.05,25.0,25.06,25.06,25.19,25.38,25.4,25.19,24.96,25.06,24.89,24.94,24.92,24.94,24.94,25.03,25.01,25.12,25.26,25.39,25.53,25.48,25.36,25.29,24.93,25.02,24.84,24.88,24.88,24.94,24.98,25.0,25.03,25.1,25.33,25.49,25.77,25.62,25.43,25.22,25.1,24.94,24.96,24.78,24.76,24.69,25.07,25.22,25.0,25.23,25.27,25.59,25.61,25.65,25.38,25.26,25.05,25.08,24.99,24.86,24.75,24.73,24.66,25.2,25.16,25.28,25.29,25.49,25.66,25.7,25.33,25.33,24.97,25.03,24.88,25.04,24.88,24.66
69.12,26.41,24.59,24.92,24.94,24.8,24.44,24.59,24.9,24.9,24.9,24.79,24.44,24.48,24.8,24.88,25.18,24.63,24.78,24.71,24.72,24.66,24.66,24.8,24.62,24.88,24.88,24.76,24.78,24.75,24.99,24.84,24.78,24.69,24.63,24.7,25.06,24.7,24.72,24.77,24.88,24.78,24.88,24.99,24.85,24.84,25.02,24.97,24.98,25.0,24.72,24.78,24.84,24.94,24.86,24.69,24.69,24.82,24.96,25.03,24.92,24.78,24.82,24.78,24.91,24.84,24.74,24.78,24.88,25.0,25.03,24.83,24.66,24.75,25.03,24.95,24.92,24.81,24.91,24.88,24.92,25.0,24.78,24.78,24.82,24.69,24.98,24.92,24.78,24.84,24.96,24.88,24.88,24.94,25.0,24.94,24.84,24.82,24.99,24.88,24.89,24.75,24.92,24.91,24.98,24.77,24.87,25.03,25.12,25.03,25.03,24.88,24.84,24.84,24.9,24.94,24.69,24.95,25.0,24.87,24.94,24.91,25.12,25.29,25.12,25.12,25.06,24.89,24.88,24.84,25.04,24.85,24.89,24.78,24.99,25.03,25.05,25.12,25.21,25.38,25.19,25.06,25.01,25.03,24.71,24.78,25.09,24.88,25.08,24.78,24.88,24.84,25.03,24.98,25.19,25.08,25.12,25.06,25.16,25.0,24.96,24.75,24.9,25.01,24.97,25.03,25.09,24.91,24.91,25.03,25.05,25.08,24.96,24.96,25.0,25.1,24.98,24.86,24.79,25.0,25.06,25.0,25.06,25.06,25.14,25.32,25.32,25.14,24.95,25.06,24.88,24.9,24.92,24.94,24.94,25.03,24.96,25.17,25.41,25.45,25.48,25.32,25.27,25.2,24.92,24.95,24.82,24.88,24.9,24.94,24.96,25.0,25.07,25.2,25.44,25.54,25.66,25.44,25.3,25.14,25.06,24.9,24.96,24.82,24.7,24.69,25.1,25.22,25.08,25.32,25.38,25.59,25.54,25.5,25.24,25.12,25.02,25.05,24.98,24.84,24.75,24.73,24.66,25.29,25.2,25.41,25.39,25.49,25.54,25.55,25.22,25.28,24.93,25.03,24.84,24.99,24.88,24.66
69.25,26.41,24.59,24.8,24.94,24.71,24.44,24.59,24.82,24.9,24.9,24.86,24.53,24.57,24.8,24.88,25.18,24.77,24.78,24.71,24.72,24.66,24.66,24.72,24.69,24.88,24.88,24.76,24.78,24.75,24.92,24.84,24.78,24.56,24.53,24.7,25.06,24.7,24.78,24.7,24.88,24.85,24.81,24.99,24.85,24.78,25.02,25.04,24.9,25.0,24.82,24.78,24.84,24.94,24.86,24.69,24.69,24.82,25.02,25.03,24.92,24.78,24.82,24.78,24.91,24.84,24.74,24.78,24.88,25.0,25.03,24.83,24.66,24.7,24.98,24.95,24.92,24.81,24.91,24.88,24.92,25.0,24.71,24.86,24.82,24.69,25.05,24.87,24.78,24.84,24.96,24.94,24.94,24.94,24.93,24.94,24.84,24.89,24.99,24.88,24.83,24.75,24.98,24.86,24.93,24.77,24.93,25.03,25.12,24.98,25.03,24.81,24.78,24.84,24.97,24.94,24.69,24.89,25.0,24.93,24.94,24.86,25.12,25.29,25.12,25.12,25.06,24.83,24.88,24.84,25.11,24.92,24.89,24.78,24.99,25.03,25.11,25.12,25.21,25.38,25.19,25.06,25.13,25.09,24.71,24.78,25.02,24.88,25.08,24.84,24.88,24.84,25.03,24.93,25.14,25.02,25.12,25.06,25.16,25.0,24.89,24.75,24.9,25.01,24.9,25.03,25.15,24.86,24.91,25.03,25.11,25.02,24.91,24.91,24.95,25.1,24.92,24.86,24.79,24.94,25.06,25.0,25.06,25.06,25.08,25.22,25.21,25.08,24.95,25.06,24.88,24.83,24.92,24.94,24.94,25.03,24.89,25.23,25.6,25.51,25.43,25.09,25.16,25.09,24.92,24.89,24.82,24.88,24.9,24.94,24.96,25.0,25.13,25.33,25.57,25.59,25.49,25.2,25.12,25.03,25.01,24.83,24.96,24.88,24.61,24.69,25.1,25.22,25.22,25.45,25.51,25.52,25.41,25.32,25.06,24.92,24.95,24.98,24.98,24.84,24.75,24.73,24.66,25.41,25.3,25.58,25.47,25.42,25.33,25.34,25.09,25.22,24.86,25.03,24.76,24.9,24.88,24.66
69.34,26.41,24.66,24.77,24.94,24.69,24.44,24.59,24.81,24.86,24.86,24.88,24.55,24.63,24.76,24.88,25.25,24.87,24.78,24.71,24.72,24.66,24.7,24.7,24.71,24.84,24.84,24.79,24.78,24.75,24.86,24.8,24.72,24.59,24.5,24.7,25.02,24.73,24.83,24.65,24.88,24.83,24.83,25.02,24.89,24.77,24.99,25.02,24.88,25.0,24.84,24.74,24.84,24.9,24.86,24.69,24.69,24.79,25.03,25.03,24.95,24.81,24.82,24.78,24.88,24.84,24.78,24.78,24.84,24.97,25.03,24.83,24.69,24.68,24.94,24.92,24.92,24.84,24.95,24.88,24.88,24.96,24.72,24.88,24.82,24.69,25.03,24.82,24.78,24.84,24.92,24.92,24.95,24.94,24.91,24.94,24.84,24.88,24.99,24.88,24.84,24.75,24.99,24.84,24.89,24.8,24.97,25.03,25.1,24.96,25.03,24.83,24.77,24.81,24.95,24.97,24.72,24.88,24.94,24.94,24.94,24.84,25.12,25.26,25.12,25.12,25.06,24.84,24.84,24.81,25.09,24.94,24.86,24.78,24.95,25.0,25.12,25.12,25.24,25.38,25.16,25.06,25.16,25.11,24.75,24.78,24.97,24.88,25.05,24.89,24.88,24.84,25.0,24.89,25.12,25.01,25.12,25.06,25.16,25.0,24.88,24.75,24.9,25.01,24.88,25.03,25.16,24.84,24.89,25.0,25.12,25.01,24.94,24.92,24.93,25.07,24.9,24.89,24.79,24.89,25.06,25.0,25.06,25.03,25.06,25.16,25.13,25.06,24.98,25.06,24.84,24.78,24.89,24.98,24.98,25.07,24.91,25.25,25.65,25.47,25.35,25.01,25.07,25.03,24.92,24.88,24.82,24.88,24.9,24.94,24.96,25.04,25.22,25.4,25.6,25.49,25.39,25.08,25.02,25.0,25.0,24.85,24.93,24.9,24.59,24.69,25.16,25.26,25.34,25.48,25.51,25.44,25.28,25.18,24.98,24.88,24.97,24.97,24.94,24.8,24.71,24.73,24.72,25.38,25.32,25.57,25.41,25.33,25.22,25.22,24.98,25.17,24.84,24.99,24.74,24.88,24.82,24.66
69.45,26.41,24.79,24.74,24.94,24.69,24.44,24.59,24.79,24.79,24.79,24.9,24.57,24.72,24.69,24.88,25.34,25.01,24.78,24.69,24.72,24.66,24.75,24.7,24.72,24.78,24.78,24.84,24.78,24.75,24.79,24.71,24.63,24.72,24.5,24.72,24.95,24.78,24.88,24.59,24.88,24.78,24.88,25.05,24.94,24.77,24.91,24.95,24.88,25.0,24.84,24.69,24.84,24.83,24.88,24.69,24.69,24.75,25.03,25.03,25.0,24.88,24.82,24.78,24.82,24.84,24.86,24.78,24.78,24.9,25.03,24.84,24.76,24.68,24.88,24.88,24.93,24.91,25.0,24.88,24.79,24.87,24.8,24.88,24.84,24.69,24.97,24.78,24.78,24.84,24.84,24.88,24.96,24.95,24.91,24.94,24.84,24.82,25.0,24.88,24.89,24.75,24.98,24.84,24.84,24.84,25.03,25.03,25.04,24.96,25.03,24.88,24.77,24.75,24.9,25.03,24.78,24.86,24.82,24.94,24.94,24.84,25.12,25.21,25.12,25.12,25.06,24.89,24.78,24.75,25.02,24.94,24.81,24.78,24.9,24.94,25.12,25.12,25.29,25.38,25.12,25.06,25.16,25.11,24.82,24.78,24.9,24.88,25.0,24.95,24.88,24.84,24.94,24.84,25.12,25.03,25.12,25.06,25.14,25.0,24.88,24.75,24.88,25.0,24.88,25.03,25.16,24.84,24.84,24.94,25.12,25.03,25.0,24.96,24.93,24.98,24.89,24.95,24.79,24.84,25.05,25.0,25.06,24.98,25.06,25.11,25.04,25.06,25.05,25.06,24.8,24.71,24.84,25.03,25.06,25.12,24.98,25.25,25.62,25.35,25.25,24.96,24.97,24.97,24.93,24.89,24.84,24.88,24.88,24.94,24.98,25.11,25.35,25.44,25.57,25.28,25.29,25.0,24.91,25.0,25.0,24.91,24.88,24.9,24.59,24.69,25.24,25.35,25.49,25.46,25.41,25.32,25.1,25.05,24.94,24.88,25.0,24.95,24.88,24.74,24.62,24.71,24.85,25.26,25.32,25.47,25.26,25.18,25.1,25.12,24.88,25.12,24.82,24.9,24.74,24.85,24.71,24.66
69.56,26.41,24.89,24.65,24.94,24.69,24.44,24.59,24.73,24.73,24.73,24.96,24.63,24.79,24.69,24.88,25.34,25.11,24.78,24.61,24.72,24.66,24.75,24.7,24.78,24.73,24.73,24.84,24.78,24.75,24.73,24.65,24.63,24.81,24.5,24.79,24.89,24.78,24.88,24.59,24.88,24.78,24.88,25.0,24.94,24.77,24.86,24.89,24.88,25.0,24.84,24.69,24.84,24.78,24.93,24.69,24.69,24.75,25.03,25.03,25.0,24.93,24.82,24.78,24.82,24.84,24.92,24.78,24.73,24.85,25.03,24.89,24.81,24.68,24.84,24.88,24.98,24.96,25.0,24.88,24.68,24.8,24.86,24.88,24.88,24.69,24.92,24.78,24.78,24.84,24.75,24.88,25.01,25.0,24.91,24.94,24.84,24.82,25.06,24.88,24.89,24.75,24.94,24.84,24.84,24.84,25.07,25.03,25.0,24.96,25.03,24.88,24.77,24.75,24.9,25.08,24.83,24.81,24.72,24.94,24.94,24.84,25.12,25.18,25.12,25.12,25.06,24.89,24.73,24.75,24.97,24.94,24.81,24.78,24.9,24.9,25.12,25.12,25.32,25.38,25.12,25.06,25.16,25.11,24.87,24.78,24.85,24.88,25.0,25.0,24.88,24.84,24.9,24.84,25.12,25.07,25.12,25.06,25.09,25.0,24.88,24.75,24.82,24.94,24.88,25.03,25.16,24.84,24.84,24.9,25.12,25.07,25.06,24.96,24.93,24.9,24.83,25.0,24.79,24.84,25.0,25.0,25.06,24.94,25.06,25.08,25.0,25.06,25.13,25.06,24.8,24.66,24.84,25.03,25.12,25.12,25.03,25.25,25.53,25.26,25.2,24.96,24.92,24.92,24.98,24.94,24.88,24.88,24.82,24.94,25.06,25.17,25.4,25.39,25.48,25.2,25.25,25.0,24.86,25.0,25.0,24.96,24.88,24.9,24.59,24.69,25.24,25.42,25.6,25.42,25.26,25.22,25.01,25.05,24.94,24.88,24.94,24.91,24.88,24.74,24.55,24.62,24.95,25.17,25.32,25.34,25.15,25.08,25.06,25.12,24.88,25.12,24.76,24.83,24.74,24.78,24.62,24.66
69.67,26.41,24.89,24.53,24.94,24.6,24.44,24.59,24.66,24.73,24.66,24.88,24.72,24.88,24.69,24.75,25.21,25.11,24.78,24.61,24.72,24.66,24.68,24.62,24.84,24.73,24.73,24.84,24.86,24.75,24.73,24.65,24.63,24.69,24.61,24.88,24.89,24.78,24.81,24.59,24.88,24.85,24.81,24.88,24.94,24.77,24.86,24.82,24.79,24.89,24.84,24.76,24.84,24.78,24.93,24.69,24.69,24.81,25.03,24.96,24.94,24.93,24.82,24.78,24.82,24.84,24.92,24.78,24.73,24.78,24.98,24.89,24.88,24.74,24.78,24.88,24.98,25.03,25.0,24.88,24.61,24.72,24.86,24.88,24.94,24.69,24.86,24.78,24.78,24.84,24.69,24.88,25.01,25.0,24.91,24.94,24.84,24.74,25.06,24.88,24.89,24.81,24.88,24.84,24.84,24.9,25.12,25.03,24.94,24.96,25.03,24.88,24.77,24.75,24.9,25.08,24.89,24.81,24.65,24.94,24.94,24.84,25.12,25.18,25.12,25.06,25.0,24.89,24.73,24.75,24.9,24.94,24.88,24.84,24.97,24.84,25.07,25.07,25.38,25.38,25.18,25.01,25.16,25.11,24.94,24.85,24.85,24.88,24.94,25.0,24.88,24.9,24.84,24.84,25.12,25.12,25.12,25.06,25.03,24.94,24.81,24.75,24.82,24.88,24.88,24.98,25.1,24.9,24.9,24.9,25.07,25.07,25.06,24.96,24.93,24.85,24.77,25.0,24.86,24.91,25.0,25.0,25.0,24.88,25.06,25.03,25.0,25.01,25.13,25.06,24.86,24.66,24.84,24.96,25.2,25.19,25.16,25.25,25.36,25.08,25.08,24.91,24.92,24.86,25.03,24.94,24.94,24.88,24.75,24.85,25.16,25.17,25.4,25.33,25.3,25.09,25.08,25.0,24.86,25.0,25.0,24.96,24.88,24.9,24.59,24.78,25.13,25.42,25.6,25.35,25.06,25.03,24.94,25.05,24.87,24.88,24.94,24.91,24.88,24.74,24.55,24.62,25.08,25.05,25.23,25.17,25.0,24.93,24.99,25.05,24.88,25.05,24.76,24.83,24.74,24.69,24.62,24.66
69.78,26.41,24.89,24.62,24.94,24.53,24.44,24.59,24.66,24.79,24.66,24.76,24.65,24.88,24.69,24.66,25.11,25.01,24.78,24.69,24.79,24.66,24.63,24.62,24.84,24.73,24.73,24.84,24.91,24.75,24.79,24.65,24.55,24.69,24.69,24.88,24.89,24.78,24.77,24.59,24.93,24.85,24.81,24.84,24.94,24.81,24.91,24.76,24.72,24.8,24.84,24.82,24.84,24.78,24.88,24.69,24.69,24.85,25.03,24.91,24.89,24.88,24.87,24.78,24.76,24.84,24.86,24.78,24.73,24.72,24.93,24.89,24.84,24.82,24.78,24.84,24.93,25.03,25.0,24.88,24.61,24.65,24.86,24.88,24.94,24.69,24.81,24.78,24.78,24.84,24.69,24.84,24.96,24.95,24.96,24.94,24.84,24.63,25.0,24.88,24.94,24.85,24.84,24.84,24.84,24.94,25.12,25.07,24.9,25.01,25.03,24.93,24.81,24.75,24.85,25.08,24.94,24.86,24.65,24.9,24.9,24.84,25.12,25.21,25.12,25.0,24.95,24.94,24.73,24.75,24.85,24.94,24.88,24.88,24.97,24.84,25.03,25.03,25.38,25.38,25.21,24.96,25.12,25.06,24.94,24.9,24.9,24.88,24.89,24.95,24.84,24.94,24.84,24.84,25.12,25.12,25.12,25.06,25.03,24.89,24.77,24.75,24.88,24.88,24.93,24.93,25.02,24.94,24.94,24.94,25.03,25.03,25.0,25.01,24.98,24.85,24.81,24.95,24.86,24.95,25.05,25.0,24.95,24.84,25.06,25.07,25.0,24.96,25.09,25.06,24.86,24.71,24.84,24.9,25.26,25.23,25.26,25.25,25.27,25.0,25.0,24.91,24.92,24.81,25.03,24.89,24.94,24.88,24.75,24.78,25.16,25.17,25.35,25.28,25.2,25.05,25.03,25.0,24.86,25.0,25.0,25.01,24.88,24.85,24.59,24.85,25.13,25.42,25.49,25.26,24.97,25.03,25.0,25.0,24.82,24.88,25.0,24.95,24.82,24.68,24.55,24.62,25.18,24.96,25.09,25.04,25.0,24.99,25.05,24.99,24.82,24.99,24.82,24.83,24.8,24.69,24.62,24.66
69.92,26.41,24.89,24.75,24.94,24.53,24.44,24.59,24.58,24.79,24.73,24.68,24.56,24.79,24.69,24.66,25.11,24.87,24.78,24.69,24.88,24.66,24.56,24.62,24.78,24.73,24.73,24.84,24.84,24.75,24.86,24.65,24.44,24.81,24.69,24.88,24.89,24.71,24.7,24.59,24.93,24.85,24.81,24.78,24.87,24.88,24.91,24.76,24.63,24.8,24.84,24.82,24.84,24.78,24.81,24.69,24.76,24.85,25.03,24.91,24.89,24.88,24.94,24.86,24.76,24.84,24.78,24.78,24.73,24.72,24.88,24.89,24.78,24.88,24.84,24.84,24.88,24.96,25.0,24.88,24.61,24.56,24.86,24.88,24.94,24.69,24.75,24.72,24.78,24.84,24.69,24.78,24.91,24.95,24.96,24.87,24.84,24.48,24.94,24.88,25.0,24.9,24.78,24.79,24.84,24.94,25.12,25.12,24.9,25.01,24.98,25.0,24.88,24.82,24.78,25.08,25.0,24.92,24.72,24.84,24.84,24.84,25.12,25.26,25.12,25.0,24.89,25.0,24.73,24.75,24.78,24.94,24.81,24.88,24.9,24.84,24.97,24.97,25.32,25.38,25.26,24.96,25.06,25.0,24.94,24.97,24.97,24.88,24.83,24.95,24.84,25.0,24.84,24.84,25.07,25.12,25.12,25.06,24.98,24.83,24.77,24.75,24.96,24.88,25.0,24.93,24.91,24.94,25.0,24.94,24.97,24.97,24.94,25.12,25.03,24.85,24.88,24.89,24.93,25.08,25.11,25.0,24.89,24.78,25.06,25.12,25.0,24.96,25.09,25.06,24.86,24.78,24.84,24.9,25.34,25.23,25.26,25.25,25.14,24.88,24.93,24.96,24.92,24.75,24.98,24.83,24.94,24.88,24.82,24.78,25.06,25.17,25.28,25.15,25.08,25.0,24.97,25.0,24.86,25.0,25.0,25.01,24.88,24.78,24.68,24.95,25.13,25.32,25.34,25.12,24.84,25.03,25.0,24.94,24.82,24.88,25.0,24.95,24.75,24.59,24.65,24.62,25.18,24.84,24.8,24.88,25.0,25.06,25.05,24.92,24.82,24.99,24.89,24.75,24.8,24.69,24.62,24.66
70.01,26.41,24.79,24.75,24.94,24.53,24.44,24.59,24.51,24.79,24.79,24.63,24.56,24.72,24.69,24.66,25.11,24.77,24.78,24.69,24.88,24.66,24.51,24.56,24.72,24.78,24.78,24.84,24.79,24.75,24.92,24.71,24.44,24.72,24.69,24.88,24.95,24.66,24.66,24.59,24.88,24.9,24.76,24.74,24.82,24.88,24.91,24.82,24.57,24.8,24.84,24.82,24.84,24.83,24.76,24.69,24.81,24.85,25.03,24.91,24.89,24.88,24.94,24.91,24.82,24.84,24.72,24.78,24.78,24.78,24.83,24.84,24.78,24.88,24.88,24.88,24.83,24.91,25.0,24.88,24.67,24.56,24.8,24.88,24.94,24.69,24.75,24.68,24.78,24.84,24.74,24.78,24.87,24.95,24.91,24.82,24.84,24.42,24.88,24.88,25.0,24.95,24.78,24.75,24.84,24.94,25.12,25.12,24.94,24.96,24.93,25.0,24.88,24.88,24.78,25.03,25.0,24.97,24.82,24.84,24.84,24.84,25.12,25.3,25.12,25.0,24.84,25.0,24.78,24.75,24.78,24.94,24.81,24.88,24.9,24.84,24.93,24.93,25.29,25.38,25.3,24.96,25.06,25.0,24.94,25.02,25.02,24.88,24.78,24.95,24.88,25.04,24.84,24.84,25.03,25.12,25.12,25.06,24.93,24.78,24.77,24.75,25.01,24.88,25.0,24.93,24.87,24.94,25.04,24.94,24.93,24.93,24.88,25.16,25.03,24.9,24.88,24.84,25.04,25.17,25.16,25.0,24.84,24.78,25.06,25.12,25.04,24.96,25.05,25.06,24.91,24.83,24.84,24.9,25.34,25.23,25.21,25.25,25.09,24.83,24.93,24.96,24.97,24.75,24.93,24.78,24.94,24.88,24.88,24.78,24.98,25.11,25.23,25.1,25.03,25.0,24.88,25.0,24.91,25.0,25.0,24.91,24.88,24.78,24.74,25.02,25.04,25.19,25.22,25.12,24.84,24.98,25.0,24.94,24.82,24.88,25.0,24.95,24.75,24.59,24.78,24.71,25.08,24.84,24.66,24.88,25.0,25.06,24.99,24.86,24.88,24.99,24.95,24.75,24.74,24.69,24.71,24.66
70.14,26.41,24.66,24.66,24.85,24.53,24.5,24.59,24.49,24.79,24.81,24.55,24.56,24.63,24.61,24.56,25.11,24.63,24.69,24.69,24.88,24.71,24.49,24.54,24.71,24.8,24.84,24.84,24.78,24.75,24.94,24.8,24.52,24.59,24.69,24.81,25.02,24.64,24.69,24.59,24.86,24.97,24.74,24.73,24.8,24.83,24.91,24.84,24.55,24.8,24.84,24.82,24.84,24.9,24.74,24.69,24.82,24.85,25.03,24.91,24.89,24.83,24.94,24.93,24.89,24.84,24.63,24.73,24.8,24.85,24.82,24.78,24.78,24.88,24.94,24.94,24.82,24.84,24.95,24.88,24.8,24.63,24.72,24.88,24.94,24.74,24.8,24.67,24.78,24.84,24.81,24.78,24.81,24.91,24.89,24.8,24.84,24.41,24.82,24.88,25.0,25.0,24.78,24.73,24.84,24.94,25.12,25.12,25.0,24.91,24.88,25.05,24.88,24.96,24.78,24.92,25.0,24.98,24.89,24.84,24.84,24.84,25.12,25.35,25.12,25.0,24.78,25.0,24.84,24.75,24.78,24.89,24.86,24.88,24.95,24.84,24.87,24.87,25.24,25.38,25.35,24.96,25.06,25.0,24.94,25.04,25.09,24.93,24.77,24.91,24.89,25.1,24.89,24.89,24.97,25.12,25.08,25.06,24.92,24.72,24.77,24.75,25.13,24.93,25.0,24.89,24.81,24.94,25.05,24.94,24.91,24.87,24.87,25.18,25.03,24.97,24.88,24.78,25.13,25.25,25.22,25.0,24.78,24.82,25.02,25.12,25.1,24.96,24.95,25.02,24.92,24.9,24.84,24.9,25.22,25.18,25.19,25.2,25.03,24.82,24.93,24.92,25.03,24.75,24.92,24.72,24.94,24.88,24.96,24.78,24.88,24.98,25.1,25.03,24.97,25.0,24.8,25.0,24.92,24.95,25.0,24.83,24.88,24.78,24.82,25.11,24.93,25.08,25.08,25.12,24.84,24.91,25.05,24.94,24.82,24.88,24.95,25.0,24.81,24.65,24.83,24.82,25.05,24.93,24.62,24.88,25.0,25.01,24.98,24.84,24.96,24.99,24.97,24.81,24.72,24.69,24.82,24.66
70.22,26.41,24.59,24.56,24.76,24.56,24.57,24.59,24.49,24.77,24.81,24.53,24.56,24.57,24.53,24.5,25.15,24.56,24.59,24.66,24.88,24.77,24.51,24.56,24.71,24.78,24.88,24.84,24.76,24.75,24.92,24.84,24.61,24.56,24.66,24.74,25.06,24.64,24.76,24.59,24.86,25.0,24.76,24.74,24.8,24.78,24.89,24.84,24.57,24.83,24.84,24.8,24.84,24.94,24.76,24.69,24.82,24.83,25.03,24.93,24.91,24.79,24.94,24.93,24.95,24.84,24.59,24.68,24.78,24.9,24.83,24.75,24.78,24.87,24.98,24.98,24.83,24.79,24.9,24.88,24.88,24.69,24.69,24.88,24.94,24.79,24.84,24.67,24.78,24.84,24.84,24.78,24.78,24.88,24.89,24.8,24.84,24.42,24.78,24.88,25.0,25.03,24.78,24.73,24.84,24.93,25.12,25.12,25.04,24.87,24.83,25.09,24.88,25.01,24.78,24.83,25.0,24.97,24.92,24.84,24.84,24.84,25.12,25.38,25.12,25.02,24.75,25.0,24.88,24.75,24.78,24.83,24.89,24.87,24.99,24.84,24.84,24.84,25.2,25.38,25.38,24.98,25.06,25.0,24.94,25.02,25.12,24.98,24.78,24.88,24.89,25.12,24.93,24.93,24.93,25.12,25.04,25.06,24.92,24.69,24.78,24.75,25.22,24.98,25.0,24.86,24.78,24.93,25.04,24.93,24.93,24.84,24.88,25.18,25.03,25.0,24.88,24.75,25.17,25.28,25.25,25.0,24.75,24.87,24.98,25.12,25.12,24.98,24.89,24.97,24.91,24.94,24.84,24.92,25.09,25.11,25.18,25.16,25.0,24.83,24.95,24.89,25.06,24.75,24.92,24.69,24.94,24.88,25.01,24.81,24.81,24.88,25.01,24.98,24.94,25.0,24.78,25.0,24.91,24.91,25.0,24.8,24.88,24.78,24.88,25.16,24.88,25.03,25.0,25.12,24.84,24.88,25.08,24.94,24.83,24.88,24.88,25.03,24.86,24.72,24.81,24.88,25.05,25.02,24.64,24.88,25.0,24.95,24.98,24.86,25.01,25.01,24.95,24.86,24.72,24.69,24.88,24.66
70.32,26.41,24.59,24.47,24.64,24.64,24.66,24.59,24.51,24.69,24.81,24.62,24.56,24.48,24.45,24.53,25.25,24.56,24.47,24.55,24.88,24.82,24.58,24.62,24.71,24.73,24.88,24.84,24.68,24.75,24.84,24.84,24.72,24.66,24.55,24.68,25.04,24.63,24.86,24.61,24.86,25.0,24.81,24.78,24.78,24.73,24.84,24.84,24.66,24.92,24.84,24.74,24.84,24.92,24.81,24.69,24.84,24.78,25.02,24.98,24.95,24.81,24.94,24.93,25.01,24.82,24.61,24.63,24.73,24.97,24.86,24.75,24.78,24.82,25.03,25.03,24.88,24.72,24.85,24.88,24.94,24.78,24.71,24.88,24.94,24.86,24.89,24.67,24.77,24.84,24.84,24.78,24.78,24.89,24.88,24.8,24.84,24.5,24.78,24.88,25.0,25.02,24.78,24.73,24.84,24.87,25.11,25.12,25.1,24.81,24.79,25.14,24.89,25.07,24.8,24.78,25.0,24.91,24.94,24.84,24.84,24.84,25.11,25.38,25.12,25.09,24.77,24.98,24.88,24.77,24.78,24.78,24.88,24.81,24.97,24.84,24.84,24.84,25.15,25.38,25.38,25.02,25.06,25.0,24.94,24.95,25.14,25.03,24.83,24.88,24.91,25.11,24.97,24.97,24.89,25.12,25.0,25.06,24.92,24.69,24.84,24.75,25.27,25.03,25.0,24.88,24.8,24.87,24.98,24.87,24.97,24.86,24.95,25.16,25.02,25.0,24.88,24.77,25.17,25.27,25.22,25.0,24.77,24.91,24.92,25.11,25.12,25.02,24.91,24.91,24.84,24.94,24.84,24.99,24.94,24.97,25.1,25.09,25.0,24.88,24.99,24.89,25.05,24.77,24.92,24.7,24.94,24.88,25.07,24.89,24.71,24.82,24.94,24.91,24.94,25.0,24.84,24.98,24.86,24.86,25.0,24.8,24.88,24.78,24.94,25.13,24.88,25.03,25.0,25.11,24.84,24.88,25.06,24.94,24.9,24.88,24.77,25.02,24.92,24.78,24.72,24.88,25.02,25.11,24.73,24.85,25.0,24.89,24.98,24.94,25.07,25.07,24.88,24.86,24.72,24.71,24.88,24.62
70.43,26.41,24.59,24.47,24.55,24.69,24.72,24.59,24.59,24.66,24.79,24.66,24.56,24.44,24.45,24.59,25.21,24.56,24.38,24.5,24.88,24.82,24.63,24.62,24.72,24.73,24.88,24.84,24.66,24.75,24.79,24.84,24.8,24.62,24.5,24.68,24.99,24.59,24.86,24.66,24.88,25.0,24.81,24.78,24.75,24.73,24.86,24.82,24.72,24.89,24.84,24.76,24.84,24.87,24.81,24.69,24.88,24.75,24.98,24.96,24.94,24.85,24.94,24.91,24.99,24.74,24.68,24.63,24.73,25.0,24.81,24.75,24.78,24.84,25.06,25.06,24.88,24.69,24.85,24.88,24.94,24.85,24.76,24.88,24.94,24.91,24.89,24.68,24.72,24.84,24.84,24.78,24.78,24.92,24.84,24.82,24.84,24.56,24.78,24.88,25.0,24.98,24.78,24.75,24.84,24.84,25.07,25.12,25.12,24.78,24.81,25.14,24.94,25.05,24.85,24.78,25.0,24.86,24.97,24.84,24.84,24.84,25.07,25.38,25.12,25.12,24.81,24.94,24.88,24.82,24.78,24.78,24.84,24.78,24.94,24.84,24.84,24.84,25.12,25.38,25.38,25.01,25.06,25.0,24.94,24.9,25.19,25.03,24.83,24.86,24.94,25.07,24.97,24.97,24.9,25.12,25.0,25.06,24.93,24.69,24.88,24.75,25.27,25.03,25.0,24.9,24.84,24.84,24.94,24.84,24.97,24.9,25.0,25.1,24.98,25.0,24.88,24.81,25.15,25.2,25.12,25.0,24.81,24.91,24.88,25.07,25.12,25.01,24.94,24.86,24.8,24.94,24.84,25.03,24.88,24.88,25.03,25.05,25.0,24.88,24.98,24.88,25.0,24.81,24.93,24.75,24.94,24.88,25.05,24.94,24.66,24.82,24.88,24.88,24.94,25.0,24.89,24.94,24.86,24.86,25.0,24.82,24.88,24.78,24.92,25.06,24.88,25.05,25.0,25.05,24.84,24.88,25.03,24.94,24.94,24.88,24.73,24.98,24.92,24.78,24.63,24.88,24.95,25.11,24.83,24.79,25.0,24.89,24.99,24.99,25.05,25.05,24.82,24.88,24.74,24.78,24.88,24.52
70.54,26.41,24.59,24.47,24.43,24.69,24.81,24.59,24.75,24.66,24.71,24.66,24.56,24.44,24.45,24.59,25.08,24.56,24.25,24.5,24.88,24.82,24.7,24.62,24.79,24.73,24.88,24.84,24.73,24.75,24.71,24.84,24.92,24.5,24.5,24.68,24.91,24.59,24.86,24.73,24.95,25.0,24.81,24.78,24.75,24.73,24.93,24.74,24.81,24.78,24.84,24.84,24.84,24.8,24.81,24.69,24.88,24.75,24.92,24.89,24.88,24.85,24.94,24.84,24.91,24.64,24.76,24.63,24.73,25.0,24.74,24.75,24.78,24.89,25.06,25.06,24.88,24.69,24.85,24.88,24.94,24.93,24.84,24.88,24.94,24.98,24.89,24.74,24.67,24.84,24.84,24.78,24.78,24.92,24.84,24.89,24.84,24.63,24.78,24.88,25.0,24.92,24.78,24.8,24.84,24.84,25.01,25.12,25.12,24.78,24.86,25.14,25.01,24.98,24.92,24.78,25.0,24.8,24.97,24.84,24.84,24.84,25.01,25.38,25.12,25.12,24.88,24.88,24.88,24.9,24.78,24.78,24.84,24.78,24.94,24.84,24.84,24.84,25.12,25.38,25.38,24.95,25.06,25.0,24.94,24.83,25.26,25.03,24.83,24.8,24.94,25.01,24.97,24.97,24.96,25.12,25.0,25.06,24.99,24.69,24.88,24.75,25.27,25.03,25.0,24.9,24.89,24.84,24.89,24.84,24.97,24.96,25.07,24.99,24.92,25.0,24.88,24.88,25.08,25.08,24.99,25.0,24.88,24.91,24.82,25.01,25.12,24.95,24.94,24.8,24.73,24.94,24.84,25.03,24.8,24.81,25.03,24.98,25.0,24.88,24.92,24.82,24.94,24.88,24.99,24.81,24.94,24.88,24.98,24.94,24.66,24.82,24.81,24.88,24.94,25.0,24.95,24.88,24.86,24.86,25.0,24.89,24.88,24.78,24.84,24.97,24.88,25.15,25.0,24.98,24.84,24.88,25.03,24.94,24.94,24.88,24.73,24.98,24.92,24.78,24.45,24.88,24.95,25.11,25.02,24.7,25.0,24.89,25.07,25.07,24.98,24.98,24.74,24.97,24.82,24.88,24.88,24.38
70.65,26.41,24.59,24.47,24.43,24.62,24.81,24.59,24.81,24.66,24.66,24.66,24.56,24.5,24.52,24.59,24.98,24.56,24.16,24.5,24.88,24.82,24.7,24.68,24.84,24.73,24.88,24.84,24.78,24.75,24.71,24.78,25.0,24.5,24.5,24.68,24.86,24.64,24.86,24.73,25.0,25.0,24.86,24.82,24.75,24.69,24.93,24.74,24.88,24.78,24.84,24.84,24.84,24.8,24.86,24.69,24.82,24.75,24.92,24.89,24.88,24.85,24.94,24.73,24.91,24.64,24.82,24.63,24.69,25.0,24.74,24.75,24.78,24.89,25.02,25.02,24.92,24.74,24.85,24.83,24.94,24.93,24.89,24.88,24.94,24.98,24.89,24.78,24.67,24.84,24.84,24.78,24.82,24.92,24.89,24.94,24.79,24.69,24.83,24.88,24.95,24.88,24.78,24.84,24.84,24.84,25.01,25.08,25.12,24.78,24.9,25.14,25.01,24.92,24.97,24.78,25.0,24.75,24.92,24.84,24.84,24.89,25.01,25.34,25.12,25.07,24.92,24.88,24.93,24.9,24.78,24.73,24.89,24.82,24.99,24.84,24.84,24.84,25.12,25.42,25.38,24.91,25.06,25.0,24.94,24.83,25.26,24.98,24.88,24.75,24.89,25.01,25.01,24.97,25.0,25.12,25.0,25.06,25.03,24.73,24.83,24.75,25.27,25.03,25.0,24.9,24.89,24.84,24.89,24.84,24.97,24.96,25.07,24.95,24.92,25.0,24.83,24.88,25.03,25.03,24.99,25.0,24.88,24.91,24.82,25.01,25.12,24.91,24.89,24.8,24.73,24.98,24.84,24.98,24.68,24.81,25.08,24.94,25.0,24.88,24.88,24.82,24.94,24.92,25.03,24.81,24.94,24.88,24.92,24.94,24.66,24.82,24.75,24.93,24.94,25.0,24.95,24.83,24.81,24.86,25.0,24.94,24.88,24.78,24.84,24.9,24.88,25.15,25.0,24.98,24.89,24.88,25.03,24.94,24.94,24.88,24.79,24.98,24.92,24.78,24.38,24.88,24.95,25.02,25.09,24.7,25.0,24.89,25.07,25.07,24.98,24.92,24.74,25.03,24.82,24.88,24.88,24.48
70.76,26.41,24.59,24.59,24.55,24.53,24.72,24.59,24.81,24.66,24.66,24.66,24.56,24.59,24.72,24.72,24.85,24.56,24.16,24.5,24.88,24.75,24.63,24.68,24.84,24.8,24.88,24.84,24.78,24.75,24.79,24.69,25.0,24.5,24.5,24.77,24.78,24.64,24.73,24.73,25.0,25.0,24.86,24.82,24.68,24.69,24.93,24.82,24.88,24.78,24.84,24.84,24.84,24.8,24.86,24.69,24.82,24.75,24.92,24.89,24.88,24.91,24.94,24.66,24.91,24.64,24.9,24.7,24.69,25.0,24.68,24.75,24.78,24.89,24.96,24.96,24.92,24.81,24.91,24.77,24.87,24.85,24.97,24.88,24.94,24.91,24.83,24.78,24.67,24.84,24.84,24.78,24.88,24.98,24.89,24.94,24.72,24.69,24.9,24.88,24.89,24.82,24.78,24.84,24.84,24.84,25.01,25.03,25.12,24.78,24.96,25.08,25.01,24.84,25.04,24.85,25.0,24.75,24.92,24.84,24.84,24.94,25.01,25.29,25.12,25.0,24.98,24.88,25.0,24.9,24.78,24.73,24.89,24.88,24.99,24.84,24.84,24.84,25.12,25.47,25.38,24.85,25.06,25.0,24.94,24.9,25.26,24.85,24.88,24.75,24.89,25.01,25.01,24.91,25.05,25.12,25.05,25.06,25.03,24.8,24.77,24.75,25.2,24.96,25.0,24.96,24.89,24.84,24.94,24.84,24.91,24.96,25.0,24.95,24.92,25.0,24.77,24.88,25.03,25.03,24.99,25.0,24.88,24.85,24.88,25.01,25.12,24.85,24.89,24.86,24.8,25.05,24.84,24.9,24.68,24.88,25.08,24.94,25.0,24.82,24.82,24.88,24.94,24.98,25.03,24.81,24.94,24.88,24.84,24.94,24.66,24.9,24.75,25.0,24.94,25.0,24.89,24.77,24.81,24.92,25.0,24.94,24.88,24.78,24.84,24.8,24.88,25.05,25.0,24.98,24.95,24.88,24.96,24.94,24.94,24.88,24.92,24.92,24.84,24.7,24.47,24.88,24.82,24.78,24.99,24.7,25.0,24.97,24.99,24.99,24.98,24.84,24.82,25.03,24.74,24.88,24.88,24.61
